{
"metadata": {
    "version": {
        "essentia": "2.1-beta5",
        "essentia_git_sha": "Undefined",
        "extractor": "music 2.0"
    },
    "audio_properties": {
        "analysis": {
            "equal_loudness": 0,
            "length": 32.4963264465,
            "sample_rate": 44100,
            "start_time": 191.4949646,
            "downmix": "mix"
        },
        "bit_rate": 192000,
        "length": 245.085189819,
        "lossless": 0,
        "number_channels": 1,
        "replay_gain": -19.9259376526,
        "sample_rate": 48000,
        "codec": "mp3",
        "md5_encoded": "f064d20224101203a5cc1e68a5592380"
    },
    "tags": {
        "file_name": "France_Le Temps Perdu_Mathé Altéry.mp3",
        "encoding": ["Lavf58.29.100"]
    }
},
"lowlevel": {
    "average_loudness": 0.643175899982,
    "barkbands_crest": {
        "max": 26.9228420258,
        "mean": 17.0580062866,
        "min": 4.86803865433,
        "stdev": 6.15656280518
    },
    "barkbands_flatness_db": {
        "max": 0.540361702442,
        "mean": 0.309211105108,
        "min": 0.0910443291068,
        "stdev": 0.0716820880771
    },
    "barkbands_kurtosis": {
        "max": 849.434997559,
        "mean": 18.782623291,
        "min": -1.76477062702,
        "stdev": 60.3793869019
    },
    "barkbands_skewness": {
        "max": 22.1441783905,
        "mean": 1.85471117496,
        "min": -2.45289254189,
        "stdev": 2.11477541924
    },
    "barkbands_spread": {
        "max": 46.5002441406,
        "mean": 6.33308935165,
        "min": 0.093632787466,
        "stdev": 6.53985595703
    },
    "dissonance": {
        "max": 0.498722434044,
        "mean": 0.360101550817,
        "min": 0.106999389827,
        "stdev": 0.0831402540207
    },
    "dynamic_complexity": 5.1164560318,
    "erbbands_crest": {
        "max": 33.6239242554,
        "mean": 19.174861908,
        "min": 4.93764543533,
        "stdev": 7.0352025032
    },
    "erbbands_flatness_db": {
        "max": 0.508478283882,
        "mean": 0.344813287258,
        "min": 0.149018317461,
        "stdev": 0.0687377378345
    },
    "erbbands_kurtosis": {
        "max": 228.464935303,
        "mean": 10.9987344742,
        "min": -1.86822974682,
        "stdev": 24.468038559
    },
    "erbbands_skewness": {
        "max": 10.8929347992,
        "mean": 1.81948387623,
        "min": -2.38716220856,
        "stdev": 2.01926636696
    },
    "erbbands_spread": {
        "max": 66.6202697754,
        "mean": 13.6027059555,
        "min": 0.44079887867,
        "stdev": 12.4043388367
    },
    "hfc": {
        "max": 59.5768013,
        "mean": 12.5042591095,
        "min": 0.0172713566571,
        "stdev": 13.993180275
    },
    "loudness_ebu128": {
        "integrated": -8.55753135681,
        "loudness_range": 9.27573776245,
        "momentary": {
            "max": -3.47751045227,
            "mean": -10.8370904922,
            "min": -23.5955505371,
            "stdev": 4.59449386597
        },
        "short_term": {
            "max": -4.59832382202,
            "mean": -9.95405673981,
            "min": -15.6893959045,
            "stdev": 2.80218529701
        }
    },
    "melbands_crest": {
        "max": 34.0676269531,
        "mean": 20.8511600494,
        "min": 6.20863199234,
        "stdev": 6.48324346542
    },
    "melbands_flatness_db": {
        "max": 0.579634964466,
        "mean": 0.35340192914,
        "min": 0.16151483357,
        "stdev": 0.074823923409
    },
    "melbands_kurtosis": {
        "max": 213.852920532,
        "mean": 16.8669662476,
        "min": -1.21590995789,
        "stdev": 24.6765041351
    },
    "melbands_skewness": {
        "max": 10.8941354752,
        "mean": 1.84436380863,
        "min": -2.75025248528,
        "stdev": 1.78430020809
    },
    "melbands_spread": {
        "max": 68.9599609375,
        "mean": 8.50197696686,
        "min": 0.370971471071,
        "stdev": 8.12666130066
    },
    "pitch_salience": {
        "max": 0.810986757278,
        "mean": 0.379976093769,
        "min": 0.038367357105,
        "stdev": 0.145834743977
    },
    "silence_rate_20dB": {
        "max": 1,
        "mean": 1,
        "min": 1,
        "stdev": 0
    },
    "silence_rate_30dB": {
        "max": 1,
        "mean": 1,
        "min": 1,
        "stdev": 0
    },
    "silence_rate_60dB": {
        "max": 1,
        "mean": 0.214132755995,
        "min": 0,
        "stdev": 0.410218656063
    },
    "spectral_centroid": {
        "max": 2454.11401367,
        "mean": 749.708679199,
        "min": 283.425354004,
        "stdev": 298.502410889
    },
    "spectral_complexity": {
        "max": 16,
        "mean": 5.67237710953,
        "min": 0,
        "stdev": 3.14742445946
    },
    "spectral_decrease": {
        "max": -1.15573054599e-11,
        "mean": -4.54318493937e-09,
        "min": -2.02852827869e-08,
        "stdev": 4.53347848151e-09
    },
    "spectral_energy": {
        "max": 0.0804859772325,
        "mean": 0.0182811822742,
        "min": 4.51889209216e-05,
        "stdev": 0.0183126386255
    },
    "spectral_energyband_high": {
        "max": 0.000189910118934,
        "mean": 1.33090061354e-05,
        "min": 2.37161842165e-07,
        "stdev": 2.21611317102e-05
    },
    "spectral_energyband_low": {
        "max": 0.00446991529316,
        "mean": 0.000208530953387,
        "min": 8.79899926076e-06,
        "stdev": 0.000324826338328
    },
    "spectral_energyband_middle_high": {
        "max": 0.049857057631,
        "mean": 0.00374386576004,
        "min": 9.1562247917e-07,
        "stdev": 0.00664402265102
    },
    "spectral_energyband_middle_low": {
        "max": 0.0771759003401,
        "mean": 0.0144186737016,
        "min": 1.77975416591e-05,
        "stdev": 0.0155760813504
    },
    "spectral_entropy": {
        "max": 7.69877052307,
        "mean": 6.03906726837,
        "min": 3.63029813766,
        "stdev": 0.709936916828
    },
    "spectral_flux": {
        "max": 0.239734813571,
        "mean": 0.0683242753148,
        "min": 0.00353067414835,
        "stdev": 0.0560567304492
    },
    "spectral_kurtosis": {
        "max": 69.5279846191,
        "mean": 18.1598014832,
        "min": -0.151298999786,
        "stdev": 12.6555051804
    },
    "spectral_rms": {
        "max": 0.00886131543666,
        "mean": 0.00366205140017,
        "min": 0.000209968464333,
        "stdev": 0.00210348842666
    },
    "spectral_rolloff": {
        "max": 2928.515625,
        "mean": 825.607421875,
        "min": 193.798828125,
        "stdev": 447.24786377
    },
    "spectral_skewness": {
        "max": 6.83364295959,
        "mean": 2.8335249424,
        "min": 0.346186101437,
        "stdev": 1.18710887432
    },
    "spectral_spread": {
        "max": 13758126,
        "mean": 2242744.25,
        "min": 1103793.5,
        "stdev": 607106.6875
    },
    "spectral_strongpeak": {
        "max": 7.99154806137,
        "mean": 1.95109200478,
        "min": 0.00610733637586,
        "stdev": 1.63019037247
    },
    "zerocrossingrate": {
        "max": 0.08544921875,
        "mean": 0.0312472116202,
        "min": 0.01025390625,
        "stdev": 0.0110417502001
    },
    "barkbands": {
        "max": [0.00068237259984, 0.00331440800801, 0.00226823077537, 0.00642109848559, 0.00319363526069, 0.0563144274056, 0.0752220079303, 0.0706631839275, 0.0661079660058, 0.0267725978047, 0.0260211657733, 0.0245819725096, 0.0276673790067, 0.0074031916447, 0.00533669115975, 0.00258832680993, 0.00127666082699, 0.00104245031253, 0.000986685161479, 0.000397672731197, 7.10887616151e-05, 5.95552628511e-05, 1.42704229802e-05, 9.72746965999e-06, 3.7895567857e-06, 7.28793281723e-07, 3.56750263109e-07],
        "mean": [1.35567179314e-05, 8.92011375981e-05, 5.94364501012e-05, 0.000316519028274, 0.00027969252551, 0.00176639761776, 0.00263018440455, 0.00483169686049, 0.0045002005063, 0.000524746137671, 0.000519643712323, 0.0012019140413, 0.00113719981164, 6.73204049235e-05, 0.00010353608377, 8.33967133076e-05, 4.75657179777e-05, 4.81618299091e-05, 3.87789405067e-05, 1.48205899677e-05, 3.72710178453e-06, 1.89472712009e-06, 7.98772646249e-07, 5.26448388882e-07, 2.55021092244e-07, 2.62504631365e-08, 1.42396361369e-08],
        "min": [6.25125906595e-09, 1.77119420641e-06, 6.62105037463e-07, 9.80722791866e-09, 2.23102830432e-07, 1.23635203408e-07, 1.41141867971e-07, 2.27691032251e-07, 6.58598793279e-08, 1.54224899518e-08, 4.34058868848e-08, 2.19675246882e-08, 2.07027284205e-08, 2.20410782958e-08, 3.37939880524e-08, 3.15026937869e-08, 3.10181853536e-08, 4.29914734923e-08, 4.56686031214e-08, 3.79412945506e-08, 3.56948675062e-08, 3.46134747531e-08, 3.43806050296e-08, 3.82797118448e-08, 1.29455868247e-08, 4.8496415217e-12, 3.9950811756e-12],
        "stdev": [4.5907952881e-05, 0.000211428035982, 0.000117857060104, 0.000739890092518, 0.000460253417259, 0.0044701336883, 0.00778177194297, 0.0115094836801, 0.010983850807, 0.0024093859829, 0.00213999976404, 0.00329169468023, 0.00355012970977, 0.000407337996876, 0.000363100785762, 0.000230349527556, 0.00010202491103, 0.000104746184661, 8.09827834019e-05, 2.83063891402e-05, 7.49281161916e-06, 4.2523402044e-06, 1.57210888574e-06, 1.03477225366e-06, 5.28082182427e-07, 7.33553662258e-08, 3.80188858173e-08]
    },
    "erbbands": {
        "max": [0.0733441337943, 0.838018715382, 2.96305179596, 8.48427295685, 26.9537124634, 12.4014730453, 79.4720077515, 714.298400879, 1153.10583496, 1680.7911377, 1805.55615234, 2105.47192383, 860.110046387, 707.182189941, 999.793273926, 1101.16821289, 1119.09985352, 305.34475708, 562.619018555, 250.949508667, 178.014266968, 60.0544662476, 69.6518249512, 61.4881019592, 69.5291595459, 15.5884122849, 4.11271715164, 2.09291505814, 2.46489834785, 1.20081245899, 0.300170451403, 0.284822613001, 0.103106915951, 0.0656941384077, 0.0189102254808, 0.00437909923494, 0.00101317267399, 0.000320318999002, 8.82758322405e-05, 9.15884593269e-05],
        "mean": [0.00175458495505, 0.023251388222, 0.080867767334, 0.428108155727, 1.42879533768, 0.647299051285, 3.84431815147, 18.9358444214, 32.2377281189, 55.1529312134, 130.168899536, 116.182556152, 18.3842124939, 21.3328132629, 23.3912391663, 55.5200309753, 56.4185218811, 5.71803569794, 5.67380952835, 4.70036363602, 4.70915746689, 2.81553339958, 2.88395524025, 2.36146759987, 1.40551936626, 0.684217870235, 0.250834941864, 0.123367071152, 0.0753456875682, 0.0376403927803, 0.0213720779866, 0.0131128970534, 0.0079097263515, 0.00451110769063, 0.000907346257009, 0.000166299156263, 4.78279907838e-05, 1.34289266498e-05, 1.16765359053e-05, 2.12255090446e-05],
        "min": [2.39923392655e-05, 0.000681972480379, 0.00189282034989, 0.00167124322616, 0.00149972515646, 0.000854822981637, 0.000820309156552, 0.00300212646835, 0.0285335704684, 0.0101498551667, 0.00907815154642, 0.00578204169869, 0.00228699878789, 0.00136200292036, 0.00203817454167, 0.000866073183715, 0.0023231015075, 0.001708753407, 0.00158767448738, 0.00233187084086, 0.00175682536792, 0.00229333410971, 0.00230281380937, 0.00223304959945, 0.00174328312278, 0.00170239876024, 0.00146162393503, 0.00143989897333, 0.00112332962453, 0.00106255919673, 0.000921757600736, 0.000739519484341, 0.000595589750446, 0.000296290265396, 1.1859739061e-05, 6.9227860422e-07, 8.23216197432e-08, 1.50066252758e-08, 2.46303688556e-08, 5.13617770537e-08],
        "stdev": [0.00517881754786, 0.0531310178339, 0.148880943656, 0.909588396549, 3.33838534355, 1.14159810543, 9.31338310242, 48.5909233093, 91.7815246582, 138.728118896, 269.611816406, 308.137054443, 58.0644264221, 79.7028884888, 79.1816177368, 144.417907715, 156.156234741, 16.0663909912, 26.8211669922, 13.1554050446, 13.4884967804, 5.68225669861, 6.38900709152, 4.28460359573, 3.68517422676, 1.30807137489, 0.412160217762, 0.257098823786, 0.172337368131, 0.081982165575, 0.0408303588629, 0.0275944303721, 0.0145264631137, 0.0086865844205, 0.0022490429692, 0.000448619568488, 0.000115772541903, 3.34437318088e-05, 1.46188167491e-05, 2.14703759411e-05]
    },
    "gfcc": {
        "mean": [-166.622970581, 157.448257446, -157.974533081, 1.38041818142, -65.0131378174, -13.8328065872, -20.6158294678, 1.73919212818, -1.01195716858, -12.7121486664, 12.4721136093, -21.5901470184, -4.63773488998],
        "cov": [[4825.35498047, -857.936584473, -1253.74133301, -696.929138184, 261.068237305, -44.7078475952, 159.385498047, -83.0295181274, -445.220397949, 61.4926452637, -296.028594971, 146.892211914, -161.958084106], [-857.936584473, 876.59967041, 288.497589111, 369.354949951, 148.769012451, -247.362182617, -241.436904907, -246.127319336, -79.8727111816, -265.250640869, 53.2508277893, 28.7162647247, 310.323852539], [-1253.74133301, 288.497589111, 621.961975098, 94.1932678223, -153.085647583, -4.07335042953, -12.3283452988, 51.2169189453, 167.985931396, 17.3376541138, 67.9517669678, -46.167263031, 9.02785968781], [-696.929138184, 369.354949951, 94.1932678223, 830.368225098, 241.655578613, -154.468276978, -290.082061768, -211.62399292, -105.070777893, -202.970779419, -27.9909648895, 99.495880127, 301.876800537], [261.068237305, 148.769012451, -153.085647583, 241.655578613, 238.911956787, -50.7181625366, -121.210380554, -108.43270874, -105.386146545, -112.351387024, -53.9354057312, 31.1906452179, 121.157066345], [-44.7078475952, -247.362182617, -4.07335042953, -154.468276978, -50.7181625366, 443.717041016, 254.52734375, 55.4273338318, -40.5481681824, 55.5956306458, -65.0821609497, -106.601753235, -180.421615601], [159.385498047, -241.436904907, -12.3283452988, -290.082061768, -121.210380554, 254.52734375, 353.111419678, 160.612060547, 17.4174308777, 91.2149353027, 8.08497428894, -104.181617737, -228.84223938], [-83.0295181274, -246.127319336, 51.2169189453, -211.62399292, -108.43270874, 55.4273338318, 160.612060547, 268.206756592, 193.293991089, 142.682861328, 30.4298667908, -59.1549682617, -151.835220337], [-445.220397949, -79.8727111816, 167.985931396, -105.070777893, -105.386146545, -40.5481681824, 17.4174308777, 193.293991089, 285.900604248, 154.078979492, 59.6164665222, -33.1738052368, -79.4927215576], [61.4926452637, -265.250640869, 17.3376541138, -202.970779419, -112.351387024, 55.5956306458, 91.2149353027, 142.682861328, 154.078979492, 232.828933716, 89.1578598022, -15.229224205, -134.752044678], [-296.028594971, 53.2508277893, 67.9517669678, -27.9909648895, -53.9354057312, -65.0821609497, 8.08497428894, 30.4298667908, 59.6164665222, 89.1578598022, 191.219726562, 59.4233818054, -10.2430438995], [146.892211914, 28.7162647247, -46.167263031, 99.495880127, 31.1906452179, -106.601753235, -104.181617737, -59.1549682617, -33.1738052368, -15.229224205, 59.4233818054, 168.125106812, 135.920730591], [-161.958084106, 310.323852539, 9.02785968781, 301.876800537, 121.157066345, -180.421615601, -228.84223938, -151.835220337, -79.4927215576, -134.752044678, -10.2430438995, 135.920730591, 344.670043945]],
        "icov": [[0.00154772517271, -0.000390326604247, 0.00113855325617, 0.00133884686511, -0.0021656958852, 0.00218012928963, -0.00155757402536, 0.000172976826434, 0.00266742892563, -0.00368182640523, 0.00452622678131, -0.00352090201341, 0.00151953822933], [-0.000390326604247, 0.00959467887878, -0.0043405839242, 0.00163176388014, -0.00507291220129, 0.0020568605978, -0.00317908357829, 0.00847878865898, -0.00651855021715, 0.0104696732014, -0.00908544659615, 0.00788548309356, -0.00644302880391], [0.00113855325617, -0.0043405839242, 0.00600494863465, -0.000806780823041, 0.00387582019903, -0.000368623092072, 0.000629880116321, -0.00265042064711, 0.00169613526668, -0.00470077246428, 0.00510834855959, -0.00388243654743, 0.00292385998182], [0.00133884686511, 0.00163176388014, -0.000806780823041, 0.00426522782072, -0.00531172892079, 0.00208852533251, -0.00125200685579, 0.00212862505578, 0.00102610106114, -0.000503208371811, 0.00193715351634, -0.00193076010328, -0.000628831272479], [-0.0021656958852, -0.00507291220129, 0.00387582019903, -0.00531172892079, 0.016643486917, -0.00565383443609, 0.00660385098308, -0.00611534062773, 6.03030639468e-05, 0.00172489346005, -0.00230492581613, 0.00282289157622, 0.000487668585265], [0.00218012928963, 0.0020568605978, -0.000368623092072, 0.00208852533251, -0.00565383443609, 0.00912128947675, -0.00758035387844, 0.00449143676087, 0.00288917403668, -0.00516697624698, 0.00690309470519, -0.00314846471883, 0.00115367770195], [-0.00155757402536, -0.00317908357829, 0.000629880116321, -0.00125200685579, 0.00660385098308, -0.00758035387844, 0.0150885442272, -0.0111747626215, 0.00490257469937, 0.00179119652603, -0.00463658338413, 0.0028974020388, 0.00256690895185], [0.000172976826434, 0.00847878865898, -0.00265042064711, 0.00212862505578, -0.00611534062773, 0.00449143676087, -0.0111747626215, 0.0230135209858, -0.0153021365404, 0.00734991719946, -0.00459816958755, 0.00469908583909, -0.00477363914251], [0.00266742892563, -0.00651855021715, 0.00169613526668, 0.00102610106114, 6.03030639468e-05, 0.00288917403668, 0.00490257469937, -0.0153021365404, 0.0234172604978, -0.0178070198745, 0.0127057041973, -0.00850497186184, 0.00635505607352], [-0.00368182640523, 0.0104696732014, -0.00470077246428, -0.000503208371811, 0.00172489346005, -0.00516697624698, 0.00179119652603, 0.00734991719946, -0.0178070198745, 0.031151233241, -0.0234023854136, 0.0144055075943, -0.00778089184314], [0.00452622678131, -0.00908544659615, 0.00510834855959, 0.00193715351634, -0.00230492581613, 0.00690309470519, -0.00463658338413, -0.00459816958755, 0.0127057041973, -0.0234023854136, 0.0297392178327, -0.0204737298191, 0.010534777306], [-0.00352090201341, 0.00788548309356, -0.00388243654743, -0.00193076010328, 0.00282289157622, -0.00314846471883, 0.0028974020388, 0.00469908583909, -0.00850497186184, 0.0144055075943, -0.0204737298191, 0.0258431881666, -0.0127373132855], [0.00151953822933, -0.00644302880391, 0.00292385998182, -0.000628831272479, 0.000487668585265, 0.00115367770195, 0.00256690895185, -0.00477363914251, 0.00635505607352, -0.00778089184314, 0.010534777306, -0.0127373132855, 0.0136840948835]]
    },
    "melbands": {
        "max": [0.000807267555501, 0.00124397815671, 0.00235024373978, 0.000947933003772, 0.00255931750871, 0.0136891659349, 0.014594332315, 0.0158964190632, 0.0134345516562, 0.0125008532777, 0.00436722813174, 0.00334589765407, 0.00376471481286, 0.00295667094178, 0.00479035126045, 0.00292094214819, 0.000252856436418, 0.00113341503311, 0.000580754072871, 0.000210041209357, 0.000218077650061, 6.62367456243e-05, 3.19847713399e-05, 7.99024564913e-05, 5.98032529524e-05, 4.41599477199e-05, 2.78847419395e-05, 8.54534846439e-06, 2.95291033581e-06, 1.9554836399e-06, 1.41747329963e-06, 1.52183167756e-06, 1.18218929401e-06, 4.38314543771e-07, 2.19366810938e-07, 2.25828131306e-07, 1.71300172269e-07, 9.43708684531e-08, 5.76523824236e-08, 5.37332383033e-08],
        "mean": [2.08234650927e-05, 3.81240242859e-05, 0.000123262536363, 6.57245400362e-05, 0.000111815257696, 0.000413199682953, 0.000513521721587, 0.000692778092343, 0.00112296582665, 0.00062717666151, 6.42963423161e-05, 8.57100894791e-05, 7.28682643967e-05, 9.55158684519e-05, 0.000213913415791, 6.17920231889e-05, 5.241215149e-06, 9.0362091214e-06, 7.75479747972e-06, 5.35804247193e-06, 5.34618266101e-06, 2.85080886897e-06, 2.26635256695e-06, 2.66715869657e-06, 1.86548402326e-06, 1.23594941215e-06, 7.31024385914e-07, 3.85944218806e-07, 1.77636735543e-07, 8.90394602493e-08, 6.44990976184e-08, 4.46667662857e-08, 2.99714741914e-08, 1.72783227725e-08, 1.24705579196e-08, 9.91439108589e-09, 7.25100601784e-09, 5.71354963341e-09, 4.64657556876e-09, 3.53800122532e-09],
        "min": [4.44120416887e-07, 1.51156802985e-06, 4.53956971569e-07, 5.32626813765e-08, 1.94288460875e-08, 2.8303285049e-08, 2.77351404065e-08, 8.50427355203e-08, 4.56060433862e-08, 1.46478615903e-08, 3.25636806409e-09, 3.3577163272e-09, 4.6985180191e-09, 3.35989858158e-09, 3.0359126324e-09, 2.67011457389e-09, 2.40186492917e-09, 2.19228213361e-09, 2.30348784491e-09, 2.42683850793e-09, 1.3603016491e-09, 2.03656957964e-09, 2.10787676203e-09, 1.81350823247e-09, 1.83451309699e-09, 1.24249444067e-09, 1.05729247579e-09, 1.15033393921e-09, 8.82233563981e-10, 6.78329892256e-10, 4.83903195292e-10, 3.96024851801e-10, 5.57324519868e-10, 5.32548727339e-10, 4.71885530651e-10, 3.67805813584e-10, 1.61355345751e-10, 3.1952304691e-10, 3.18592874304e-10, 1.60191859777e-10],
        "stdev": [5.29274402652e-05, 6.95621492923e-05, 0.000278521998553, 0.000122701778309, 0.000275621045148, 0.00106539647095, 0.00142693333328, 0.00165044795722, 0.00208329386078, 0.00176803127397, 0.000293398392387, 0.000338303070748, 0.000286107388092, 0.000247437972575, 0.000613591633737, 0.000205169533729, 1.85718508874e-05, 5.30442375748e-05, 2.86606773443e-05, 1.41329728649e-05, 1.71477731783e-05, 6.24510721536e-06, 4.28164685218e-06, 6.90677370585e-06, 3.86987630918e-06, 2.94988444693e-06, 1.89264676465e-06, 7.66184996337e-07, 3.10849628704e-07, 1.86705577221e-07, 1.49636733227e-07, 1.08032139678e-07, 7.00276316934e-08, 3.74083697352e-08, 2.43122109111e-08, 2.03683878652e-08, 1.56766102322e-08, 1.07269242378e-08, 8.36986835395e-09, 7.22314785762e-09]
    },
    "melbands128": {
        "max": [0.000208601530176, 0.000527664786205, 0.00134453666396, 0.00141966273077, 0.0018615006702, 0.000815921812318, 0.000950575165916, 0.00435052393004, 0.00312001258135, 0.0004146246647, 0.000862669898197, 0.00133606069721, 0.0032358430326, 0.00744649535045, 0.0261214487255, 0.0236432272941, 0.0349264740944, 0.0205473024398, 0.0314190462232, 0.0328795723617, 0.0281991064548, 0.0288151167333, 0.0213661324233, 0.0152856633067, 0.025831528008, 0.008146725595, 0.0045985407196, 0.00834816601127, 0.00956638436764, 0.00797592848539, 0.00522376457229, 0.00855498667806, 0.00722981290892, 0.00744408648461, 0.00542390439659, 0.00385279371403, 0.00716828601435, 0.00797932781279, 0.0074771870859, 0.00281934347004, 0.00592850893736, 0.000499775575008, 0.000257740583038, 0.00045777313062, 0.00168307556305, 0.00227011903189, 0.00103903526906, 0.000714518944733, 0.000917324970942, 0.000274245889159, 0.000372112903278, 0.000408725143643, 0.000579350453336, 0.000320575374644, 0.000167442573002, 9.48118104134e-05, 0.00014650572848, 4.36881891801e-05, 5.47699419258e-05, 0.000127168328618, 0.000173794440343, 6.35053656879e-05, 3.84537197533e-05, 0.00014538281539, 7.1343354648e-05, 3.84213017242e-05, 0.000144440593431, 3.64715087926e-05, 4.88005789521e-05, 2.82863693428e-05, 2.00981958187e-05, 1.17640665849e-05, 7.21720789443e-06, 3.66485392078e-06, 6.62124739392e-06, 4.02526984544e-06, 2.43983140535e-06, 2.64216578216e-06, 2.72749343821e-06, 2.36881874116e-06, 2.14390979636e-06, 2.5495319278e-06, 8.00128646006e-07, 2.15558839045e-06, 7.94794743797e-07, 5.11418136284e-07, 5.81753965889e-07, 4.16985329821e-07, 4.13009985323e-07, 2.12584353676e-07, 3.15332584933e-07, 4.07877138286e-07, 3.41526487091e-07, 3.39395711535e-07, 2.76657544873e-07, 1.38483841283e-07, 1.49430533725e-07, 1.3437572477e-07, 9.08266244437e-08, 6.89800643272e-08, 8.60014637283e-08, 7.66506573768e-08, 6.361867122e-08, 3.52845503926e-08, 1.82680697236e-08, 1.82046253627e-08, 1.19191261305e-08, 1.0281302032e-08, 6.73002942264e-09, 5.52548229393e-09, 4.25724122621e-09, 3.36312178106e-09, 2.64138155792e-09, 2.59036547767e-09, 3.2107121406e-09, 2.39400654856e-09, 2.8101565519e-09, 2.54342102934e-09, 2.11901340919e-09, 1.80987980158e-09, 1.42945333348e-09, 1.92282878508e-09, 2.49321363555e-09, 1.1699398117e-09, 8.87752926726e-10, 8.61588189682e-10, 8.52971304699e-10, 8.48421111144e-10],
        "mean": [4.80563949168e-06, 1.08091371658e-05, 2.61197819782e-05, 4.24478457717e-05, 4.49570907222e-05, 2.3832091756e-05, 4.46415870101e-05, 0.000217901630094, 0.000161522999406, 2.6582607461e-05, 2.73742116406e-05, 3.83430742659e-05, 9.16277058423e-05, 0.000237883708905, 0.000457364250906, 0.000474691652926, 0.000485560187371, 0.00049235264305, 0.000611698662397, 0.000490233360324, 0.000781303213444, 0.00116351654287, 0.00113848096225, 0.00112238246948, 0.00105695880484, 0.000240685709286, 4.56685156678e-05, 5.28042000951e-05, 8.42817898956e-05, 8.55155230965e-05, 8.85323461262e-05, 8.23406007839e-05, 6.02730215178e-05, 7.93001308921e-05, 7.64451833675e-05, 7.19607996871e-05, 0.000164990124176, 0.000270091550192, 0.000229138910072, 9.38903249335e-05, 2.45204901148e-05, 6.85492614139e-06, 3.04871696244e-06, 4.2590349949e-06, 9.32764305617e-06, 1.00845627458e-05, 8.6453746917e-06, 8.31006491353e-06, 7.84518488217e-06, 4.70369604955e-06, 4.42185955762e-06, 6.33438367004e-06, 7.13048530088e-06, 4.2810343075e-06, 3.01889144794e-06, 2.40601002588e-06, 3.28277815242e-06, 2.13617568079e-06, 1.48354763496e-06, 3.04747800328e-06, 3.72102817892e-06, 1.42460294228e-06, 1.62327910402e-06, 2.24351447287e-06, 1.93093660528e-06, 1.00769364053e-06, 1.08430549517e-06, 7.55434996336e-07, 7.26113910332e-07, 5.21129663866e-07, 4.25711107255e-07, 2.61081225972e-07, 2.96034158964e-07, 1.21186559454e-07, 1.10638929129e-07, 1.02849860184e-07, 6.95424517971e-08, 7.11020149424e-08, 6.90490011834e-08, 5.36759543479e-08, 4.4208405825e-08, 4.49444108597e-08, 3.41796564385e-08, 3.23204112362e-08, 2.19236628851e-08, 1.79303309977e-08, 1.60805626592e-08, 1.46224978792e-08, 1.15007638968e-08, 1.17215712692e-08, 1.15350493601e-08, 8.83084716463e-09, 8.22371948317e-09, 7.58653317945e-09, 6.28681284809e-09, 6.42409103691e-09, 5.42076872279e-09, 5.03426234033e-09, 4.68524596897e-09, 4.42135394962e-09, 4.35503322294e-09, 3.64100971595e-09, 2.28718399775e-09, 1.44789191747e-09, 6.60388133067e-10, 3.90227156144e-10, 3.12272763203e-10, 2.87659090992e-10, 2.42411063445e-10, 2.00223240765e-10, 1.64782396062e-10, 1.33885041942e-10, 1.17917051123e-10, 1.10035772161e-10, 1.00318559015e-10, 9.73200200982e-11, 8.61977017541e-11, 8.12454617471e-11, 7.97706206646e-11, 7.50532067051e-11, 7.3613976026e-11, 7.88279996833e-11, 7.47605102824e-11, 4.48473827519e-11, 2.01614228784e-11, 6.62164897566e-12, 4.15445802759e-12, 3.90334249298e-12],
        "min": [1.45972867127e-09, 1.42291831651e-08, 4.32068603118e-08, 2.06649048096e-07, 3.33424708288e-07, 3.83722067454e-07, 8.65796323524e-08, 2.81613043995e-09, 5.36756843417e-08, 1.78479773183e-08, 2.78253065034e-09, 2.82827872233e-09, 8.32527735639e-09, 5.3476858497e-09, 8.87496298674e-09, 9.16846154553e-09, 8.19249290629e-09, 4.9335691088e-09, 1.19184075942e-08, 1.98558183229e-08, 4.14320489028e-08, 2.94545650092e-08, 1.61569513324e-08, 1.28838912872e-08, 7.26526749872e-09, 2.63487098806e-09, 3.71125885579e-09, 1.85182469359e-09, 1.53793566771e-09, 1.22877530373e-09, 9.74995861824e-10, 1.33102595612e-09, 2.35826136397e-09, 5.23260323959e-10, 1.94814187005e-09, 7.96551935522e-10, 1.14076115221e-09, 1.29476485089e-09, 5.80340331346e-10, 1.40608677479e-10, 1.02424368986e-09, 3.81020104356e-10, 4.63037413967e-10, 1.07341402433e-09, 1.26861243732e-09, 5.95565319284e-10, 1.1454708293e-09, 1.05708930498e-09, 9.05788277716e-10, 1.1013217005e-09, 6.36779573515e-10, 5.01043262435e-10, 4.8276804776e-10, 5.4386189996e-10, 5.55657464485e-10, 4.69536354242e-10, 5.27747012757e-10, 2.83726625527e-10, 5.28391164156e-10, 6.51877718472e-10, 5.5807253263e-10, 1.01982233769e-09, 9.38229938185e-10, 1.52782908547e-09, 5.30712473967e-10, 8.36540559046e-11, 6.43417763513e-10, 7.71633035246e-10, 6.8218614091e-10, 6.88562706852e-10, 2.20937407258e-10, 1.67151681385e-10, 7.01492142152e-10, 4.61806981544e-10, 6.19094914223e-11, 3.1277044843e-10, 1.43771827776e-10, 1.67480113111e-10, 1.59339083594e-10, 3.39213518386e-10, 1.82570236706e-10, 7.63265145531e-11, 8.39077973769e-11, 5.27837495934e-11, 2.15811795518e-11, 8.96484622648e-11, 9.2745429392e-11, 3.1052892896e-11, 3.74870690045e-11, 9.86562359584e-11, 6.61287483106e-11, 8.67022009743e-11, 1.53105705197e-11, 1.07346518827e-11, 3.43488779087e-11, 8.6147609879e-11, 3.55982431033e-11, 3.59270425909e-11, 3.87720758277e-11, 9.54056798841e-12, 3.43222152088e-11, 4.23212897019e-13, 4.79147835774e-14, 2.61938975826e-14, 9.484680226e-15, 1.10969057971e-14, 1.12732284106e-14, 1.50095983141e-14, 1.45668812977e-14, 1.67227546372e-14, 1.56715918319e-14, 1.78107972571e-14, 2.61599349496e-14, 2.24721483148e-14, 2.24731850832e-14, 1.80165585006e-14, 1.90929781344e-14, 1.40094709379e-14, 1.24591456875e-14, 1.18848802192e-14, 1.41441152952e-14, 1.14061736198e-14, 1.28785396518e-14, 1.21699288288e-14, 7.71738663914e-15, 3.10876931158e-15, 3.22340664479e-16, 1.18201776885e-17],
        "stdev": [1.37559345603e-05, 3.36468474416e-05, 8.71903685038e-05, 9.64533173828e-05, 9.30101668928e-05, 4.69301921839e-05, 8.7163891294e-05, 0.000523868540768, 0.000389267574064, 4.64057993668e-05, 7.23843259038e-05, 0.000103170212242, 0.000274486927083, 0.000730599160306, 0.00144460634328, 0.00164697121363, 0.002120699035, 0.00180332420859, 0.00246894150041, 0.00195350684226, 0.00256482698023, 0.00381432892755, 0.00277805142105, 0.00269740680233, 0.00368755240925, 0.000980566488579, 0.000286435824819, 0.00038152813795, 0.000577518658247, 0.000477774679894, 0.000464705342893, 0.000453862507129, 0.000425741745858, 0.00039757299237, 0.000327169138473, 0.000279068801319, 0.000660336052533, 0.000991589389741, 0.000845898059197, 0.000344709376805, 0.000236845342442, 2.93557150144e-05, 1.61369680427e-05, 2.36802679865e-05, 8.67727649165e-05, 7.9470439232e-05, 5.30138677277e-05, 4.17789378844e-05, 3.93330592487e-05, 1.73955631908e-05, 2.11022834264e-05, 2.12377653952e-05, 3.42026614817e-05, 2.12645554711e-05, 1.05046528915e-05, 7.37121581551e-06, 9.83323297987e-06, 5.72705039303e-06, 4.34794947068e-06, 9.26368284127e-06, 1.27063003674e-05, 4.30103000326e-06, 4.13872430727e-06, 7.08392553861e-06, 5.75188278162e-06, 2.63611627815e-06, 6.84444648869e-06, 2.33008813666e-06, 2.43091926677e-06, 1.38002860695e-06, 1.3242448631e-06, 7.23370362721e-07, 6.5984744424e-07, 2.83418529534e-07, 3.9258870288e-07, 2.68733685971e-07, 1.77221409103e-07, 2.14608888882e-07, 2.20197264866e-07, 1.44798860902e-07, 1.38054772947e-07, 1.37828735092e-07, 8.01762496394e-08, 1.06499022934e-07, 5.72280463018e-08, 4.15766798767e-08, 4.17783567741e-08, 3.45958355297e-08, 2.60616150882e-08, 2.34514683228e-08, 2.68381636914e-08, 2.1597292843e-08, 2.12623980644e-08, 1.93557880834e-08, 1.47763143943e-08, 1.30995809755e-08, 1.10967253164e-08, 9.90684956292e-09, 8.97259866406e-09, 8.24905566077e-09, 8.32090130132e-09, 7.98054422546e-09, 6.14870820925e-09, 4.09000788792e-09, 1.92010674027e-09, 1.26961574587e-09, 9.70024505165e-10, 9.15551134906e-10, 7.2296779674e-10, 5.68562252834e-10, 4.65201960287e-10, 3.61101010204e-10, 3.1697156011e-10, 3.01340230546e-10, 2.80088258142e-10, 2.74652717236e-10, 2.51867249279e-10, 2.30249347366e-10, 2.24034318874e-10, 2.02204461508e-10, 1.95596844277e-10, 2.20145332519e-10, 2.17743295616e-10, 1.22027485339e-10, 6.98014562817e-11, 4.20726231631e-11, 3.91978463576e-11, 3.89460373673e-11]
    },
    "mfcc": {
        "mean": [-804.240905762, 176.03263855, -27.7147579193, 13.2929773331, -12.1744794846, -17.8595218658, -4.38629961014, -2.02504491806, -7.38446187973, 3.49683642387, 5.05664396286, 8.56925582886, 8.76571369171],
        "cov": [[5083.71630859, -345.065185547, -1538.48461914, -179.457000732, -240.40826416, 53.9024276733, 133.809570312, 9.41753482819, -143.884033203, -215.244613647, -204.533309937, -236.366088867, -322.864440918], [-345.065185547, 748.253723145, 125.621101379, 149.272399902, 159.283676147, -105.046325684, -79.0834732056, -89.5405883789, -84.4529037476, -122.493873596, -299.226501465, -228.552047729, 8.47236442566], [-1538.48461914, 125.621101379, 692.469848633, -0.139276847243, -7.33081674576, 26.2933349609, -26.4619865417, 7.95056200027, 70.7768173218, 73.432144165, 89.446762085, 116.937042236, 117.849784851], [-179.457000732, 149.272399902, -0.139276847243, 515.547180176, 274.586883545, -48.15366745, -111.62121582, -53.2552680969, -33.0725708008, -139.749160767, -266.25994873, -173.740280151, -39.6441917419], [-240.40826416, 159.283676147, -7.33081674576, 274.586883545, 291.009613037, 3.95954585075, -106.63999939, -43.7330474854, -7.90311861038, -86.1024627686, -188.590774536, -144.700073242, -49.8358306885], [53.9024276733, -105.046325684, 26.2933349609, -48.15366745, 3.95954585075, 257.484222412, 134.840148926, 42.1329612732, 14.4432487488, -31.8004932404, -16.7049922943, -38.6454658508, -65.9430999756], [133.809570312, -79.0834732056, -26.4619865417, -111.62121582, -106.63999939, 134.840148926, 242.530654907, 84.6221237183, -15.9556541443, 23.3812580109, 50.4225997925, 6.23773241043, -20.396112442], [9.41753482819, -89.5405883789, 7.95056200027, -53.2552680969, -43.7330474854, 42.1329612732, 84.6221237183, 127.829864502, 59.8267364502, 11.5741510391, 47.212638855, 44.5982208252, -2.59511470795], [-143.884033203, -84.4529037476, 70.7768173218, -33.0725708008, -7.90311861038, 14.4432487488, -15.9556541443, 59.8267364502, 156.946517944, 76.5247039795, 36.0542945862, 40.4660263062, 9.78844642639], [-215.244613647, -122.493873596, 73.432144165, -139.749160767, -86.1024627686, -31.8004932404, 23.3812580109, 11.5741510391, 76.5247039795, 214.553192139, 209.870315552, 106.351997375, 22.9606590271], [-204.533309937, -299.226501465, 89.446762085, -266.25994873, -188.590774536, -16.7049922943, 50.4225997925, 47.212638855, 36.0542945862, 209.870315552, 455.740356445, 329.216369629, 33.6999855042], [-236.366088867, -228.552047729, 116.937042236, -173.740280151, -144.700073242, -38.6454658508, 6.23773241043, 44.5982208252, 40.4660263062, 106.351997375, 329.216369629, 401.19909668, 150.181716919], [-322.864440918, 8.47236442566, 117.849784851, -39.6441917419, -49.8358306885, -65.9430999756, -20.396112442, -2.59511470795, 9.78844642639, 22.9606590271, 33.6999855042, 150.181716919, 270.698181152]],
        "icov": [[0.000849460891914, -0.000137646246003, 0.00188989471644, -0.000188456950127, 0.00147936015856, -0.000668600201607, 0.00056563684484, -4.65503144369e-05, -5.34286555194e-05, 3.73509064957e-05, 0.000584176450502, -0.00040435657138, 0.000469117163448], [-0.000137646246003, 0.00298045249656, -0.00150001770817, 0.00142631051131, -0.00198772666045, 0.00249268091284, -0.00139500724617, 0.000926665554289, 0.000990722910501, 0.000227761294809, 0.00202704197727, 0.000157025584485, 0.000354917254299], [0.00188989471644, -0.00150001770817, 0.00646257773042, -0.0014032847248, 0.00413794675842, -0.00325484550558, 0.00229248334654, -0.000433655339293, -0.000969029089902, -0.000401555967983, 4.21964650741e-05, -0.000855704711284, -4.1916508053e-05], [-0.000188456950127, 0.00142631051131, -0.0014032847248, 0.00553323933855, -0.00506025273353, 0.00299213128164, -0.00172829185612, 0.000902078929357, 0.000442167685833, 0.000972956418991, 0.00246160198003, -0.000737360096537, 0.000831703480799], [0.00147936015856, -0.00198772666045, 0.00413794675842, -0.00506025273353, 0.0129795027897, -0.00572657352313, 0.00644966028631, -0.00241992902011, 0.000931395159569, -0.0022752371151, 0.0015300543746, -0.000469514721772, 0.000970696681179], [-0.000668600201607, 0.00249268091284, -0.00325484550558, 0.00299213128164, -0.00572657352313, 0.0110709778965, -0.00861616060138, 0.00460846396163, -0.0038638820406, 0.00528915831819, -0.000702398072463, 0.000990721862763, 0.00124628853519], [0.00056563684484, -0.00139500724617, 0.00229248334654, -0.00172829185612, 0.00644966028631, -0.00861616060138, 0.014745105058, -0.0105098485947, 0.00798169244081, -0.007107923273, 0.0027478991542, -0.00056237692479, -0.000149972038344], [-4.65503144369e-05, 0.000926665554289, -0.000433655339293, 0.000902078929357, -0.00241992902011, 0.00460846396163, -0.0105098485947, 0.0195797104388, -0.0120252771303, 0.00936048105359, -0.00477888295427, 0.00129300775006, -0.000172203610418], [-5.34286555194e-05, 0.000990722910501, -0.000969029089902, 0.000442167685833, 0.000931395159569, -0.0038638820406, 0.00798169244081, -0.0120252771303, 0.0184846166521, -0.0130889676511, 0.00960944406688, -0.00486529711634, 0.00205295230262], [3.73509064957e-05, 0.000227761294809, -0.000401555967983, 0.000972956418991, -0.0022752371151, 0.00528915831819, -0.007107923273, 0.00936048105359, -0.0130889676511, 0.0207253079861, -0.0144163463265, 0.00835848134011, -0.00334863271564], [0.000584176450502, 0.00202704197727, 4.21964650741e-05, 0.00246160198003, 0.0015300543746, -0.000702398072463, 0.0027478991542, -0.00477888295427, 0.00960944406688, -0.0144163463265, 0.0213276855648, -0.0137874297798, 0.00711661111563], [-0.00040435657138, 0.000157025584485, -0.000855704711284, -0.000737360096537, -0.000469514721772, 0.000990721862763, -0.00056237692479, 0.00129300775006, -0.00486529711634, 0.00835848134011, -0.0137874297798, 0.0141953099519, -0.0067897932604], [0.000469117163448, 0.000354917254299, -4.1916508053e-05, 0.000831703480799, 0.000970696681179, 0.00124628853519, -0.000149972038344, -0.000172203610418, 0.00205295230262, -0.00334863271564, 0.00711661111563, -0.0067897932604, 0.0079427389428]]
    },
    "spectral_contrast_coeffs": {
        "max": [-0.46223205328, -0.340328812599, -0.450417131186, -0.558395087719, -0.607111036777, -0.61004525423],
        "mean": [-0.73332887888, -0.594646275043, -0.697170913219, -0.758047401905, -0.774818599224, -0.77260184288],
        "min": [-0.891723334789, -0.894099652767, -0.904290795326, -0.915555477142, -0.906362771988, -0.926088511944],
        "stdev": [0.094662040472, 0.11166986078, 0.0867202281952, 0.0732029899955, 0.0526384487748, 0.0351434238255]
    },
    "spectral_contrast_valleys": {
        "max": [-6.46367692947, -5.97062587738, -6.63345050812, -7.42919111252, -7.24570178986, -10.7116088867],
        "mean": [-8.35882759094, -7.7284989357, -8.7264585495, -9.19742012024, -9.43933773041, -13.0419931412],
        "min": [-10.7207717896, -9.98582267761, -11.1895132065, -11.7269163132, -11.1881742477, -14.4468507767],
        "stdev": [0.603352427483, 0.72435772419, 0.781050682068, 0.813857674599, 0.799134075642, 0.910157620907]
    }
},
"rhythm": {
    "beats_count": 68,
    "beats_loudness": {
        "max": 0.0738639384508,
        "mean": 0.0213679522276,
        "min": 0.000966734951362,
        "stdev": 0.0184653997421
    },
    "bpm": 125.802436829,
    "bpm_histogram_first_peak_bpm": 126,
    "bpm_histogram_first_peak_weight": 0.454545497894,
    "bpm_histogram_second_peak_bpm": 140,
    "bpm_histogram_second_peak_spread": 0.578947424889,
    "bpm_histogram_second_peak_weight": 0.119402982295,
    "danceability": 0.918351888657,
    "onset_rate": 3.62988257408,
    "beats_loudness_band_ratio": {
        "max": [0.831005096436, 0.945062339306, 0.996275961399, 0.903258502483, 0.234884306788, 0.0370678938925],
        "mean": [0.0968651250005, 0.215903133154, 0.543368220329, 0.160909920931, 0.0351312085986, 0.00405471213162],
        "min": [0.0010762171587, 5.20009925822e-05, 0.00932316575199, 0.000268290983513, 9.7865529824e-05, 4.60690207547e-05],
        "stdev": [0.17873865366, 0.29070314765, 0.338891893625, 0.214081913233, 0.0554213486612, 0.00589483231306]
    },
