{
"metadata": {
    "version": {
        "essentia": "2.1-beta5",
        "essentia_git_sha": "Undefined",
        "extractor": "music 2.0"
    },
    "audio_properties": {
        "analysis": {
            "equal_loudness": 0,
            "length": 45.2556915283,
            "sample_rate": 44100,
            "start_time": 0,
            "downmix": "mix"
        },
        "bit_rate": 192000,
        "length": 388.086761475,
        "lossless": 0,
        "number_channels": 1,
        "replay_gain": -17.8627929688,
        "sample_rate": 48000,
        "codec": "mp3",
        "md5_encoded": "a3ef67290d8b442526a46b16976b81c7"
    },
    "tags": {
        "file_name": "Germany_Im Wartesaal Zum Großen Glück_Walter Andreas Schwarz.mp3",
        "encoding": ["Lavf58.29.100"]
    }
},
"lowlevel": {
    "average_loudness": 0.865401983261,
    "barkbands_crest": {
        "max": 23.9769744873,
        "mean": 11.3532953262,
        "min": 2.71275520325,
        "stdev": 3.64438009262
    },
    "barkbands_flatness_db": {
        "max": 0.430914849043,
        "mean": 0.273769557476,
        "min": 0.12137568742,
        "stdev": 0.0538440905511
    },
    "barkbands_kurtosis": {
        "max": 209.286697388,
        "mean": 15.1316385269,
        "min": -1.81464552879,
        "stdev": 16.0448112488
    },
    "barkbands_skewness": {
        "max": 10.4956054688,
        "mean": 2.36147069931,
        "min": -1.28717648983,
        "stdev": 1.56779766083
    },
    "barkbands_spread": {
        "max": 56.671043396,
        "mean": 5.82061719894,
        "min": 0.549959182739,
        "stdev": 5.71830320358
    },
    "dissonance": {
        "max": 0.500000059605,
        "mean": 0.41235473752,
        "min": 0.17087058723,
        "stdev": 0.0664905533195
    },
    "dynamic_complexity": 8.3887462616,
    "erbbands_crest": {
        "max": 28.6660385132,
        "mean": 12.1651058197,
        "min": 3.45338344574,
        "stdev": 5.03071451187
    },
    "erbbands_flatness_db": {
        "max": 0.414970487356,
        "mean": 0.246570467949,
        "min": 0.125116929412,
        "stdev": 0.0627019554377
    },
    "erbbands_kurtosis": {
        "max": 56.7533950806,
        "mean": 5.28373861313,
        "min": -1.75148737431,
        "stdev": 5.84084129333
    },
    "erbbands_skewness": {
        "max": 5.20531415939,
        "mean": 1.62327134609,
        "min": -3.66597056389,
        "stdev": 0.926037073135
    },
    "erbbands_spread": {
        "max": 96.7608413696,
        "mean": 24.1915645599,
        "min": 2.05631351471,
        "stdev": 17.6436424255
    },
    "hfc": {
        "max": 65.898109436,
        "mean": 6.0096449852,
        "min": 0.0203382968903,
        "stdev": 9.44245147705
    },
    "loudness_ebu128": {
        "integrated": -11.1677560806,
        "loudness_range": 4.00691413879,
        "momentary": {
            "max": -6.28880500793,
            "mean": -15.0992574692,
            "min": -31.4139003754,
            "stdev": 6.6026263237
        },
        "short_term": {
            "max": -9.34291172028,
            "mean": -12.2103013992,
            "min": -18.0838413239,
            "stdev": 1.51204121113
        }
    },
    "melbands_crest": {
        "max": 29.7418956757,
        "mean": 15.2347297668,
        "min": 4.60001754761,
        "stdev": 4.74803638458
    },
    "melbands_flatness_db": {
        "max": 0.5048609972,
        "mean": 0.346095949411,
        "min": 0.12594537437,
        "stdev": 0.0629213675857
    },
    "melbands_kurtosis": {
        "max": 240.533615112,
        "mean": 24.3941955566,
        "min": -1.66098678112,
        "stdev": 28.5737991333
    },
    "melbands_skewness": {
        "max": 11.671333313,
        "mean": 2.71902942657,
        "min": -0.977390825748,
        "stdev": 2.00051283836
    },
    "melbands_spread": {
        "max": 135.825942993,
        "mean": 6.15545940399,
        "min": 0.48565608263,
        "stdev": 5.87886476517
    },
    "pitch_salience": {
        "max": 0.890095591545,
        "mean": 0.596067547798,
        "min": 0.138251498342,
        "stdev": 0.121646001935
    },
    "silence_rate_20dB": {
        "max": 1,
        "mean": 1,
        "min": 1,
        "stdev": 0
    },
    "silence_rate_30dB": {
        "max": 1,
        "mean": 0.999487161636,
        "min": 0,
        "stdev": 0.0226396452636
    },
    "silence_rate_60dB": {
        "max": 1,
        "mean": 0.440512806177,
        "min": 0,
        "stdev": 0.496448397636
    },
    "spectral_centroid": {
        "max": 3705.26220703,
        "mean": 495.870452881,
        "min": 154.427902222,
        "stdev": 326.560211182
    },
    "spectral_complexity": {
        "max": 21,
        "mean": 5.31538438797,
        "min": 0,
        "stdev": 3.99096345901
    },
    "spectral_decrease": {
        "max": -1.55450010503e-11,
        "mean": -4.04242994634e-09,
        "min": -2.98517477404e-08,
        "stdev": 5.53198331588e-09
    },
    "spectral_energy": {
        "max": 0.118032895029,
        "mean": 0.0158021245152,
        "min": 6.10823917668e-05,
        "stdev": 0.0216977521777
    },
    "spectral_energyband_high": {
        "max": 0.000460999901406,
        "mean": 1.30460412038e-05,
        "min": 3.65114800616e-07,
        "stdev": 2.95898080367e-05
    },
    "spectral_energyband_low": {
        "max": 0.0341075286269,
        "mean": 0.00333658698946,
        "min": 2.5018782253e-05,
        "stdev": 0.00437928177416
    },
    "spectral_energyband_middle_high": {
        "max": 0.0116793420166,
        "mean": 0.000429459265433,
        "min": 1.5333639567e-06,
        "stdev": 0.00101959612221
    },
    "spectral_energyband_middle_low": {
        "max": 0.113358668983,
        "mean": 0.0132259614766,
        "min": 2.24277027883e-05,
        "stdev": 0.0202732421458
    },
    "spectral_entropy": {
        "max": 7.90169715881,
        "mean": 6.59593582153,
        "min": 4.83559894562,
        "stdev": 0.578763306141
    },
    "spectral_flux": {
        "max": 0.29145616293,
        "mean": 0.0619097910821,
        "min": 0.00474131572992,
        "stdev": 0.0547453947365
    },
    "spectral_kurtosis": {
        "max": 71.5427093506,
        "mean": 13.2320690155,
        "min": -0.429799795151,
        "stdev": 11.7887191772
    },
    "spectral_rms": {
        "max": 0.0107309855521,
        "mean": 0.00299292895943,
        "min": 0.000244115901296,
        "stdev": 0.00254147476517
    },
    "spectral_rolloff": {
        "max": 4242.04101562,
        "mean": 434.131195068,
        "min": 107.666015625,
        "stdev": 340.61907959
    },
    "spectral_skewness": {
        "max": 6.61535263062,
        "mean": 2.51432800293,
        "min": -0.0872519761324,
        "stdev": 1.09318876266
    },
    "spectral_spread": {
        "max": 5470767,
        "mean": 2820980.5,
        "min": 872106.9375,
        "stdev": 925830.875
    },
    "spectral_strongpeak": {
        "max": 6.40053224564,
        "mean": 0.670886337757,
        "min": 0.00506947329268,
        "stdev": 0.970483243465
    },
    "zerocrossingrate": {
        "max": 0.11572265625,
        "mean": 0.0197490993887,
        "min": 0.00439453125,
        "stdev": 0.0098288403824
    },
    "barkbands": {
        "max": [0.000674236216582, 0.0136315375566, 0.0182701684535, 0.0395699031651, 0.06068110466, 0.0790616422892, 0.0568700246513, 0.09569619596, 0.0414374060929, 0.0141541287303, 0.00212884857319, 0.0028446954675, 0.00459234882146, 0.00319058960304, 0.00171404075809, 0.00261549372226, 0.00100558646955, 0.000383055914426, 0.00039844569983, 0.000481783790747, 0.000149612955283, 4.71841231047e-05, 1.6782352759e-05, 7.38334892958e-06, 2.67705104307e-06, 4.19214103431e-07, 1.77703540771e-07],
        "mean": [1.713976053e-05, 0.000441503303591, 0.00170262379106, 0.00206377240829, 0.00184171379078, 0.00342550082132, 0.002959956415, 0.00186202779878, 0.000999955344014, 0.000129657797515, 3.77055584977e-05, 3.95650422433e-05, 5.56750892429e-05, 4.54911387351e-05, 4.11260953115e-05, 4.94907653774e-05, 5.60248117836e-05, 9.8688815342e-06, 6.86562270857e-06, 9.00758641365e-06, 4.62427942693e-06, 1.82791541192e-06, 5.77772084398e-07, 3.20294134326e-07, 1.24017461189e-07, 7.20688664302e-09, 4.32771107839e-09],
        "min": [6.78528699893e-09, 4.85949522044e-06, 1.99830310521e-06, 7.52005746563e-07, 2.13903149415e-06, 8.00245118171e-07, 3.10464741915e-07, 1.1625335361e-07, 8.04336082183e-08, 6.3022099539e-08, 1.64458633378e-08, 3.74185198382e-08, 3.06419494223e-08, 5.03746235836e-08, 7.36363077181e-08, 8.45999323928e-08, 7.02983911083e-08, 5.41829834333e-08, 7.36463121598e-08, 6.34249062159e-08, 5.69089380065e-08, 5.6732115894e-08, 4.93694507497e-08, 4.33072528949e-08, 1.67649378824e-08, 4.89554143751e-12, 5.94488694383e-12],
        "stdev": [4.31379703514e-05, 0.000775002175942, 0.00267332186922, 0.00443470058963, 0.00393002061173, 0.00775612331927, 0.00712039554492, 0.00630972301587, 0.00396746490151, 0.000719603907783, 0.000119478994748, 0.000143491080962, 0.000230595018365, 0.000164543904248, 0.000139550800668, 0.000153138549649, 0.000120664626593, 2.39398323174e-05, 2.06572185562e-05, 2.49559434451e-05, 1.11000990728e-05, 4.52076619695e-06, 1.24929374579e-06, 5.10823326749e-07, 2.08840290838e-07, 2.43101130337e-08, 1.36861499911e-08]
    },
    "erbbands": {
        "max": [0.185686305165, 4.11297035217, 19.1342105865, 81.8236618042, 124.732620239, 304.684204102, 375.78414917, 867.305664062, 865.682861328, 1093.21618652, 1561.12121582, 1308.9675293, 681.622741699, 226.501831055, 58.1438064575, 104.68914032, 217.6431427, 105.131507874, 126.174987793, 113.097503662, 161.844528198, 58.5816001892, 17.4544792175, 19.8059043884, 15.1327838898, 21.5697078705, 17.5987186432, 3.49392557144, 2.38136315346, 1.00738584995, 0.370236456394, 0.212716042995, 0.0931030288339, 0.0395879521966, 0.0122575759888, 0.00241506635211, 0.000689680920914, 0.000160079973284, 7.67241072026e-05, 0.000134460322442],
        "mean": [0.00577331893146, 0.146252259612, 1.48168706894, 5.24437189102, 5.5016283989, 5.892121315, 15.7612628937, 31.7863960266, 41.3779449463, 43.2677650452, 37.6689071655, 22.9674930573, 8.63429832458, 2.36441159248, 1.50751304626, 1.64968621731, 2.55583119392, 2.46567797661, 2.14445137978, 2.34505438805, 3.07634568214, 2.97120761871, 0.783394157887, 0.378311663866, 0.339280486107, 0.425113379955, 0.283890008926, 0.140042558312, 0.0742962956429, 0.0303310360759, 0.0149342119694, 0.00798975955695, 0.00477964896709, 0.0024216955062, 0.000333051313646, 5.19761197211e-05, 1.68144142663e-05, 4.31769467468e-06, 8.19768683868e-06, 1.76587545866e-05],
        "min": [0.000113885253086, 0.00112790067215, 0.00340068712831, 0.00617241021246, 0.00563280237839, 0.00818706769496, 0.00556341558695, 0.0083299158141, 0.00617328146473, 0.00878414418548, 0.00364170130342, 0.00258997548372, 0.00296551804058, 0.00345483468845, 0.00191107741557, 0.00190746528096, 0.00308626424521, 0.00320667074993, 0.00430981907994, 0.00532795395702, 0.00441013043746, 0.00438544852659, 0.00380794075318, 0.00371620710939, 0.00342041067779, 0.00307436659932, 0.00277190841734, 0.00204430613667, 0.00191855640151, 0.0017433622852, 0.00139241537545, 0.00103555887472, 0.000647310342174, 0.000428254657891, 1.45335488924e-05, 7.10910001089e-07, 1.23455237144e-07, 2.29056951184e-08, 3.97830106635e-08, 7.20275963317e-08],
        "stdev": [0.00879828352481, 0.232470244169, 2.17996835709, 9.38656330109, 12.6790390015, 14.2806034088, 37.6159934998, 78.2551040649, 97.5930404663, 111.900672913, 126.558670044, 90.7703018188, 42.828502655, 9.70717811584, 4.22452020645, 5.96394252777, 10.6978769302, 8.10820960999, 7.26780176163, 7.43879127502, 8.75445461273, 6.444688797, 1.75320637226, 1.06020116806, 1.00148046017, 1.16472673416, 0.777280032635, 0.319120466709, 0.189570114017, 0.0710600987077, 0.0299190059304, 0.0140064377338, 0.00702523207292, 0.00353141385131, 0.000850550306495, 0.000152169668581, 4.37022572441e-05, 1.2044367395e-05, 1.2012093066e-05, 2.43561698881e-05]
    },
    "gfcc": {
        "mean": [-196.048522949, 177.801605225, -106.735931396, 49.8252792358, -60.6470451355, -12.4092445374, -39.2324523926, -9.48208713531, 2.47534799576, -15.9482488632, 0.659343004227, -24.1545448303, 4.2697467804],
        "cov": [[8097.23681641, 873.591003418, -950.66003418, -1896.06433105, -28.193605423, -1539.70666504, -110.790298462, -347.143249512, 100.968772888, 281.842773438, -493.53805542, 55.4020576477, -430.859680176], [873.591003418, 461.624755859, 81.3073348999, -441.840209961, 25.4541568756, -223.201065063, -14.3060827255, -68.7413482666, 33.4015426636, 0.479407161474, -3.49840092659, 26.9944705963, -25.6467666626], [-950.66003418, 81.3073348999, 494.419128418, 187.153015137, 39.9669647217, 89.1756896973, -25.7869777679, -28.410326004, -34.8290481567, -76.2286224365, 91.3451156616, 41.9261016846, 70.1251449585], [-1896.06433105, -441.840209961, 187.153015137, 915.586914062, 119.525344849, 252.813842773, -27.0140151978, 43.7931671143, 5.82595825195, -53.4614067078, 103.674507141, 0.910328447819, 142.701644897], [-28.193605423, 25.4541568756, 39.9669647217, 119.525344849, 204.321670532, -31.4469642639, -77.2122497559, -28.8601970673, 15.887216568, -7.45748806, 21.9421138763, 18.7594795227, 26.4721641541], [-1539.70666504, -223.201065063, 89.1756896973, 252.813842773, -31.4469642639, 544.778015137, 162.646820068, 134.031173706, -33.8677520752, -34.0673561096, 86.6409988403, -46.3983383179, 40.4298744202], [-110.790298462, -14.3060827255, -25.7869777679, -27.0140151978, -77.2122497559, 162.646820068, 201.770858765, 75.4754943848, -12.6263999939, -1.44274020195, 0.371089667082, -35.6688156128, -23.3791465759], [-347.143249512, -68.7413482666, -28.410326004, 43.7931671143, -28.8601970673, 134.031173706, 75.4754943848, 126.114982605, 31.0281620026, -3.46187448502, 8.26301765442, -23.7950344086, 0.452135950327], [100.968772888, 33.4015426636, -34.8290481567, 5.82595825195, 15.887216568, -33.8677520752, -12.6263999939, 31.0281620026, 106.118751526, 41.397277832, -17.8541679382, -15.2907657623, 4.0240778923], [281.842773438, 0.479407161474, -76.2286224365, -53.4614067078, -7.45748806, -34.0673561096, -1.44274020195, -3.46187448502, 41.397277832, 79.3809280396, -6.27851867676, -18.2065887451, -23.8250541687], [-493.53805542, -3.49840092659, 91.3451156616, 103.674507141, 21.9421138763, 86.6409988403, 0.371089667082, 8.26301765442, -17.8541679382, -6.27851867676, 97.7291946411, 27.3425731659, 24.3137226105], [55.4020576477, 26.9944705963, 41.9261016846, 0.910328447819, 18.7594795227, -46.3983383179, -35.6688156128, -23.7950344086, -15.2907657623, -18.2065887451, 27.3425731659, 75.4356002808, 29.092168808], [-430.859680176, -25.6467666626, 70.1251449585, 142.701644897, 26.4721641541, 40.4298744202, -23.3791465759, 0.452135950327, 4.0240778923, -23.8250541687, 24.3137226105, 29.092168808, 82.4483413696]],
        "icov": [[0.00162866187748, 0.00114759942517, 0.000727602280676, 0.00220901495777, -0.00208208127879, 0.00331514328718, -0.0030297737103, 0.0017356206663, -0.000665760424454, -0.00173381646164, 0.00259295292199, -0.00276246410795, 0.00234163971618], [0.00114759942517, 0.0219330582768, -0.00401352718472, 0.0154590914026, -0.00843874178827, 0.0100649157539, -0.0120167639107, 0.0103502580896, -0.0158628914505, 0.012008539401, -0.0159030314535, 0.00865721236914, -0.0103341396898], [0.000727602280676, -0.00401352718472, 0.00448981393129, -0.00201834272593, 0.000735748501029, -0.000352586706867, 0.000684216851369, 0.000501279486343, 0.00182351027615, -0.000338550395099, 0.00206794100814, -0.00295224715956, 0.00260144006461], [0.00220901495777, 0.0154590914026, -0.00201834272593, 0.0140882441774, -0.00811920315027, 0.00915228016675, -0.0102654453367, 0.00822038855404, -0.01115764305, 0.00687620555982, -0.00937929749489, 0.0049080629833, -0.00758596230298], [-0.00208208127879, -0.00843874178827, 0.000735748501029, -0.00811920315027, 0.011388188228, -0.00690483441576, 0.00906931329519, -0.00402558781207, 0.00416635069996, -0.000906996894628, 0.00139262992889, -0.000265578681137, 0.00146217120346], [0.00331514328718, 0.0100649157539, -0.000352586706867, 0.00915228016675, -0.00690483441576, 0.0141336014494, -0.0119282584637, 0.0037176811602, -0.00485170306638, 0.00135478191078, -0.00431307591498, 0.00162156124134, -0.00187413953245], [-0.0030297737103, -0.0120167639107, 0.000684216851369, -0.0102654453367, 0.00906931329519, -0.0119282584637, 0.0192804355174, -0.0106141529977, 0.00980227719992, -0.00348091800697, 0.00447862083092, 0.000818140921183, 0.0029834182933], [0.0017356206663, 0.0103502580896, 0.000501279486343, 0.00822038855404, -0.00402558781207, 0.0037176811602, -0.0106141529977, 0.0219812765718, -0.015597326681, 0.00944304186851, -0.00672843912616, 0.00186963775195, -0.00121089059394], [-0.000665760424454, -0.0158628914505, 0.00182351027615, -0.01115764305, 0.00416635069996, -0.00485170306638, 0.00980227719992, -0.015597326681, 0.0292789731175, -0.0196421481669, 0.0154360523447, -0.00467087095603, 0.00324473553337], [-0.00173381646164, 0.012008539401, -0.000338550395099, 0.00687620555982, -0.000906996894628, 0.00135478191078, -0.00348091800697, 0.00944304186851, -0.0196421481669, 0.0336438529193, -0.0207326617092, 0.0135733773932, -0.00634522037581], [0.00259295292199, -0.0159030314535, 0.00206794100814, -0.00937929749489, 0.00139262992889, -0.00431307591498, 0.00447862083092, -0.00672843912616, 0.0154360523447, -0.0207326617092, 0.0386178120971, -0.0222017113119, 0.0157541576773], [-0.00276246410795, 0.00865721236914, -0.00295224715956, 0.0049080629833, -0.000265578681137, 0.00162156124134, 0.000818140921183, 0.00186963775195, -0.00467087095603, 0.0135733773932, -0.0222017113119, 0.0336657874286, -0.0193968228996], [0.00234163971618, -0.0103341396898, 0.00260144006461, -0.00758596230298, 0.00146217120346, -0.00187413953245, 0.0029834182933, -0.00121089059394, 0.00324473553337, -0.00634522037581, 0.0157541576773, -0.0193968228996, 0.0335769839585]]
    },
    "melbands": {
        "max": [0.00279233697802, 0.00748671218753, 0.0127013633028, 0.016642505303, 0.0101924221963, 0.0174521077424, 0.0122751733288, 0.0139895901084, 0.0116250682622, 0.00783207826316, 0.0032739918679, 0.00098513183184, 0.000190981125343, 0.000294794648653, 0.000377125863452, 0.000542898604181, 0.000215125299292, 0.000274169200566, 0.000138102914207, 0.000129618449137, 0.000168636994204, 6.81035089656e-05, 4.02047262469e-05, 1.9972312657e-05, 1.83919728443e-05, 1.29813161038e-05, 2.11990754906e-05, 1.20792938105e-05, 1.58329658007e-05, 3.98203837904e-06, 2.17710589823e-06, 1.60365402735e-06, 8.32554292174e-07, 5.8220223309e-07, 2.56897777717e-07, 1.33709136207e-07, 1.54870477331e-07, 8.00084407615e-08, 3.798825432e-08, 3.36578551696e-08],
        "mean": [8.50651049404e-05, 0.00061891390942, 0.000903865322471, 0.000374972791178, 0.000501088099554, 0.000706381746568, 0.000633873103652, 0.000465026329039, 0.000290975178359, 0.0001318151335, 3.89254819311e-05, 9.04074295249e-06, 5.10825248057e-06, 4.25554389949e-06, 4.72484362035e-06, 5.80182722842e-06, 4.41605925516e-06, 3.40985434377e-06, 3.22155005961e-06, 3.07855134452e-06, 3.80767573915e-06, 3.56350278707e-06, 1.25401197693e-06, 3.77719715061e-07, 2.91055954449e-07, 2.54036223168e-07, 2.40821094621e-07, 3.0114705396e-07, 2.08344928865e-07, 1.05227279334e-07, 7.26724991296e-08, 4.65672194139e-08, 2.38957884591e-08, 1.38412543649e-08, 9.02492658383e-09, 6.03779115593e-09, 4.38582192785e-09, 3.4662677173e-09, 2.75008105177e-09, 1.78645032101e-09],
        "min": [1.37297456604e-06, 3.96562882088e-06, 1.2354851151e-06, 5.79667130296e-07, 1.31374264356e-07, 1.75426521309e-07, 9.22240275258e-08, 7.38463938887e-08, 1.87397990459e-08, 1.2847829467e-08, 1.37845068693e-08, 1.20683196769e-08, 5.32140020937e-09, 4.07643296896e-09, 4.17499279592e-09, 4.2704697556e-09, 4.42977654558e-09, 6.4497771568e-09, 6.43535269518e-09, 5.24501464483e-09, 4.72656447315e-09, 3.78861653161e-09, 3.329340581e-09, 1.89282456375e-09, 2.11588990773e-09, 2.17530393698e-09, 2.07676764674e-09, 1.42800793412e-09, 1.60202207056e-09, 1.12697751131e-09, 9.82033454555e-10, 9.32780297447e-10, 8.42153180525e-10, 4.68862781933e-10, 5.88789295097e-10, 5.34398303387e-10, 4.3846881681e-10, 3.04959585362e-10, 4.29661084489e-10, 2.14690404343e-10],
        "stdev": [0.000143963596202, 0.000824349059258, 0.00153350445908, 0.000881456886418, 0.00110908783972, 0.00164895353373, 0.00148004759103, 0.00126688391902, 0.000995821435936, 0.000540675711818, 0.000204640047741, 4.12021654483e-05, 1.49377419802e-05, 1.43991810546e-05, 1.97341942112e-05, 2.43363465415e-05, 1.55196667038e-05, 1.30812859425e-05, 1.11688959805e-05, 1.02284202512e-05, 1.07887535705e-05, 7.68939935369e-06, 3.31541946252e-06, 9.54425445343e-07, 9.0090111371e-07, 7.78538606028e-07, 8.51680738378e-07, 8.38021776417e-07, 6.33951003692e-07, 2.57442025031e-07, 1.75104247546e-07, 1.25073555068e-07, 5.90510822462e-08, 3.50400100046e-08, 1.90298976577e-08, 1.08848752234e-08, 8.05402500248e-09, 5.37797539835e-09, 3.73782871321e-09, 2.81918954848e-09]
    },
    "melbands128": {
        "max": [0.000181452312972, 0.000582377426326, 0.00455053336918, 0.00888498872519, 0.010948965326, 0.010075702332, 0.0204902477562, 0.0172699950635, 0.0167884770781, 0.0275355502963, 0.0195419471711, 0.0135628106073, 0.016459049657, 0.0221749916673, 0.0329862460494, 0.0314467176795, 0.0221028029919, 0.0234756264836, 0.0226453244686, 0.0204926580191, 0.0299574881792, 0.0294622480869, 0.023009987548, 0.015848454088, 0.0153449336067, 0.00871318858117, 0.00971861369908, 0.00522507913411, 0.0017602131702, 0.00200369954109, 0.000766669225413, 0.000516536470968, 0.000260917673586, 0.000272049306659, 0.000339677877491, 0.000323404558003, 0.000321270606946, 0.00050598353846, 0.000477755209431, 0.000873856828548, 0.00072185753379, 0.000415243470343, 0.000332124531269, 0.000358851772035, 0.000585261033848, 0.000368094508303, 0.000272945384495, 0.000234427527175, 0.000226886724704, 0.000314488366712, 0.000217008491745, 0.000435911788372, 0.000289695861284, 0.000219770532567, 0.000144769597682, 0.000116057897685, 0.000121529963508, 9.66462757788e-05, 2.89974013867e-05, 2.33759328694e-05, 1.67601447174e-05, 4.33171990153e-05, 1.87798996194e-05, 2.8412689062e-05, 3.19028440572e-05, 1.28796109493e-05, 2.17017568502e-05, 1.96106011572e-05, 2.7682093787e-05, 2.27117470786e-05, 1.63057102327e-05, 1.52910251927e-05, 2.63818910753e-05, 1.45131916724e-05, 7.91647744336e-06, 6.03215994488e-06, 3.12471524921e-06, 2.47634488915e-06, 3.13309578814e-06, 2.00108024728e-06, 2.09161930798e-06, 2.67399536824e-06, 1.82051621778e-06, 9.2472129154e-07, 8.02037675385e-07, 4.92350295644e-07, 9.07910589376e-07, 3.23593127405e-07, 3.1236322684e-07, 1.88146771052e-07, 2.02560542562e-07, 1.57333559514e-07, 1.15153866886e-07, 1.65882653391e-07, 1.96387560436e-07, 1.1883800255e-07, 5.83174148971e-08, 5.25802406059e-08, 5.70942653155e-08, 3.89542620383e-08, 4.72587906586e-08, 3.93129546694e-08, 3.56246410149e-08, 3.28597415944e-08, 7.66645946726e-09, 7.30605309585e-09, 7.38934202715e-09, 6.68336941345e-09, 3.79231179792e-09, 2.43229680841e-09, 2.42122033534e-09, 2.44622633261e-09, 2.91652568762e-09, 1.2322592946e-09, 1.07083086842e-09, 1.10309528178e-09, 1.37194622329e-09, 1.3303876889e-09, 1.14251275107e-09, 8.92966034449e-10, 1.51724488529e-09, 1.16008913587e-09, 8.86690276758e-10, 4.58601684405e-10, 4.62906352139e-10, 4.52856335764e-10, 4.48705878009e-10, 4.46238879181e-10],
        "mean": [9.19543617783e-06, 2.47940624831e-05, 8.71701849974e-05, 0.0002524194133, 0.000563915411476, 0.000924648018554, 0.00114275584929, 0.000944376748521, 0.000503805931658, 0.000305566500174, 0.000292584329145, 0.000399601180106, 0.000521817069966, 0.000661542930175, 0.000772584520746, 0.000691178429406, 0.000660339079332, 0.000648045679554, 0.000584720808547, 0.000463130592834, 0.000438461342128, 0.000352621922502, 0.000282498134766, 0.000223485258175, 0.000146439197124, 0.000102101024822, 6.61866579321e-05, 3.33209245582e-05, 1.5107123545e-05, 9.98388986773e-06, 7.10285939931e-06, 6.24430185781e-06, 5.01551085108e-06, 4.1281105041e-06, 4.63663263872e-06, 3.94167227569e-06, 4.29908959632e-06, 4.58886825072e-06, 4.63589321953e-06, 6.73530621498e-06, 6.00891098657e-06, 4.7795174396e-06, 4.56147381556e-06, 4.14931764681e-06, 3.70895236301e-06, 3.27395946442e-06, 3.02270814245e-06, 3.34722767548e-06, 3.30860939357e-06, 2.97131487059e-06, 3.07961272483e-06, 3.03641354549e-06, 3.51054904968e-06, 4.200096555e-06, 4.45177056463e-06, 3.81985546483e-06, 2.64609525402e-06, 1.54509314143e-06, 7.97819325271e-07, 4.7914602419e-07, 3.52625477262e-07, 3.02917641193e-07, 2.85443036319e-07, 2.93079779112e-07, 2.93076112712e-07, 2.52074300988e-07, 2.31546309237e-07, 2.27345992698e-07, 2.4134612886e-07, 2.59668212266e-07, 3.03217291275e-07, 3.37709650466e-07, 2.71684712061e-07, 1.81253327014e-07, 1.40199247767e-07, 1.08846954561e-07, 8.9855063834e-08, 7.93123220433e-08, 7.35919840622e-08, 6.30939993584e-08, 5.09869124699e-08, 4.13915373088e-08, 3.02836511423e-08, 2.25877272442e-08, 1.81503878594e-08, 1.46711816029e-08, 1.28844526159e-08, 1.07809743355e-08, 9.05062869094e-09, 7.56556417514e-09, 6.58294752043e-09, 5.71497205115e-09, 4.9207198316e-09, 4.34857838627e-09, 4.09944789226e-09, 3.76085074194e-09, 3.29370886121e-09, 3.10902059653e-09, 2.75185429999e-09, 2.60758059589e-09, 2.45529263587e-09, 1.81682890954e-09, 7.40114858289e-10, 4.43140968365e-10, 2.06905020894e-10, 1.18263940307e-10, 9.68741337148e-11, 7.65141075498e-11, 6.07675090802e-11, 5.05327411859e-11, 4.68491738459e-11, 3.95463176095e-11, 3.49008599798e-11, 3.22172566403e-11, 3.01781342971e-11, 2.7785196019e-11, 2.59932735058e-11, 2.52887901592e-11, 2.30088691155e-11, 2.31545407847e-11, 2.61810781388e-11, 2.41786816263e-11, 2.03308359731e-11, 1.20118368377e-11, 5.99622478406e-12, 2.92809309785e-12, 2.37183059651e-12, 2.30478483521e-12],
        "min": [7.96697291472e-11, 3.32180363216e-08, 3.22281806575e-07, 3.9138478769e-07, 1.51354811351e-07, 1.07245762138e-06, 6.48800323688e-07, 3.63780799262e-07, 3.37051289989e-07, 3.97204445335e-07, 1.97918353706e-07, 5.97849449946e-08, 8.09311444527e-08, 8.24550667744e-08, 4.58635049938e-08, 2.71763163084e-08, 3.93000831878e-08, 2.34937651555e-08, 8.73528005485e-09, 2.99058662279e-08, 1.07283115724e-08, 6.05946137711e-09, 5.27652854743e-09, 6.98442104152e-09, 4.34562918983e-09, 7.31965466017e-09, 2.9340059271e-09, 7.43328154584e-09, 5.2590460875e-09, 3.05122771493e-09, 3.14595305362e-09, 1.69825675744e-09, 2.11465978062e-09, 2.49307996469e-09, 9.63443325119e-10, 1.02730446372e-09, 2.21670970468e-09, 9.70511893073e-10, 1.09033904128e-09, 2.68833089123e-09, 1.70702851854e-09, 1.35580557892e-09, 1.06272080025e-09, 8.70346850146e-10, 9.72139369004e-10, 1.46541356827e-09, 2.2788311238e-09, 2.12466777505e-09, 2.00428695862e-09, 1.56129298379e-09, 1.91417082185e-09, 2.09855022248e-09, 1.69612390799e-09, 1.53700407957e-09, 1.55962265325e-09, 1.41498390782e-09, 1.84922555047e-09, 1.13822440362e-09, 1.73327552311e-09, 1.26099131137e-09, 9.85338477477e-10, 1.18375886871e-09, 1.32697941524e-09, 9.18485842938e-10, 1.27760058088e-09, 4.81066519953e-10, 1.13283094016e-09, 1.14165921161e-09, 1.11889741916e-09, 9.07581454435e-10, 9.68615854191e-10, 9.3346708141e-10, 8.65780613868e-10, 6.44891029467e-10, 7.66044894185e-10, 2.95468982614e-10, 7.86537557307e-10, 5.69978120257e-10, 4.3580328235e-10, 4.91688856297e-10, 3.79478282131e-10, 1.74585193524e-10, 3.38242045483e-10, 3.19310411445e-10, 1.46649012378e-10, 8.40724226348e-11, 1.61345700689e-10, 6.55488510692e-11, 1.04334117734e-10, 2.2938222155e-10, 1.26948618284e-10, 1.09022936512e-10, 1.70871206073e-10, 7.00268801279e-11, 5.90267973388e-11, 8.80978276441e-11, 7.15404402385e-11, 1.47508075199e-10, 9.59246224119e-11, 2.08297060156e-11, 1.79988815519e-10, 2.69828204918e-11, 6.32645791223e-14, 1.92135312516e-14, 1.04622367153e-14, 1.23441550357e-14, 1.3485399795e-14, 1.72611711301e-14, 1.69742014498e-14, 2.30434178276e-14, 2.55958499702e-14, 2.23971554058e-14, 1.97680684755e-14, 2.286742471e-14, 2.23009561799e-14, 2.14508400327e-14, 1.85022370282e-14, 2.05605626654e-14, 1.77490756603e-14, 2.16546988403e-14, 1.99445545664e-14, 1.66076106724e-14, 1.23189515704e-14, 1.74420702626e-14, 1.4795827527e-14, 4.58244824465e-15, 6.16167394156e-16, 1.81498414907e-17],
        "stdev": [1.80245388037e-05, 4.16831462644e-05, 0.000182939736987, 0.00046717422083, 0.000970963796135, 0.00149109656923, 0.00220904522575, 0.00217985291965, 0.00143955042586, 0.00130471063312, 0.000874791759998, 0.0011079586111, 0.00156813114882, 0.00204551569186, 0.00251742685214, 0.00211825524457, 0.00194443727378, 0.00210532639176, 0.00202880683355, 0.00157243059948, 0.00183183222543, 0.00167893723119, 0.00129589438438, 0.00113717210479, 0.000814751838334, 0.000579908664804, 0.000439376948634, 0.000236723470152, 9.01911407709e-05, 6.66111664032e-05, 3.54897019861e-05, 2.44434777414e-05, 1.82162530109e-05, 1.38652148962e-05, 1.95690608962e-05, 1.64400044014e-05, 1.83033680514e-05, 2.38891334448e-05, 2.33020637097e-05, 3.68070650438e-05, 2.82277414954e-05, 1.89124129975e-05, 1.89616312127e-05, 1.92203715415e-05, 2.08467336051e-05, 1.63795066328e-05, 1.31470014821e-05, 1.46707843669e-05, 1.41505952342e-05, 1.29089994516e-05, 1.24387433971e-05, 1.53627879627e-05, 1.29106874738e-05, 1.35873051477e-05, 1.11742410809e-05, 9.40197878663e-06, 8.19627894089e-06, 4.94119012728e-06, 2.17850242734e-06, 1.2729486798e-06, 9.53435971951e-07, 1.19127753351e-06, 8.41675955598e-07, 1.14861768452e-06, 1.1346357951e-06, 8.12862481325e-07, 7.7981621871e-07, 9.15531359169e-07, 1.03531226614e-06, 9.97540269054e-07, 9.28464203298e-07, 1.05335141143e-06, 9.72935140453e-07, 6.09905214333e-07, 4.11381080312e-07, 3.04352312241e-07, 2.31541406492e-07, 1.97150242798e-07, 1.98789990691e-07, 1.67556208908e-07, 1.47466806766e-07, 1.31879218657e-07, 8.89724276476e-08, 5.65323041712e-08, 4.53144615165e-08, 3.61044598662e-08, 4.20269685719e-08, 2.56654981712e-08, 1.99470004958e-08, 1.50878900484e-08, 1.32211708248e-08, 1.07685114159e-08, 9.18978759756e-09, 8.43026448649e-09, 8.84059314643e-09, 6.75982025911e-09, 5.17317255699e-09, 4.79987471991e-09, 4.05345534915e-09, 3.72126218728e-09, 3.51109408214e-09, 2.92134516577e-09, 2.42452502519e-09, 1.57241308862e-09, 6.84477918789e-10, 4.26605667458e-10, 3.78414466429e-10, 2.9936222945e-10, 2.20211612834e-10, 1.71429453966e-10, 1.68512717669e-10, 1.32881219916e-10, 1.23296803323e-10, 1.03966946163e-10, 9.88601492335e-11, 9.30573743063e-11, 8.31532689927e-11, 8.6709216196e-11, 7.59686480389e-11, 7.67091321019e-11, 9.50255291121e-11, 8.33049393356e-11, 6.94772156473e-11, 3.90508216042e-11, 2.21977748682e-11, 1.24954751407e-11, 1.11737659056e-11, 1.10619742533e-11]
    },
    "mfcc": {
        "mean": [-831.24206543, 182.340820312, 20.3473205566, 45.771156311, 10.1080579758, -3.62311601639, -16.6871395111, -8.41417884827, 1.45169150829, -1.05997550488, -3.19221425056, 5.29187917709, -1.17515575886],
        "cov": [[7609.25048828, 1698.71765137, -1528.2869873, -326.72366333, -858.220458984, -634.145568848, -847.317138672, -616.714904785, -34.7512016296, -204.549133301, -139.372161865, 266.991333008, 6.36085796356], [1698.71765137, 1110.5904541, -201.278320312, -328.026397705, -199.519577026, -242.408630371, -212.805603027, -172.917404175, -45.8058052063, -134.205856323, -75.2521362305, 129.046813965, 34.1302871704], [-1528.2869873, -201.278320312, 541.297302246, 75.9018554688, 117.871490479, 113.747047424, 164.271530151, 122.670166016, -11.1688175201, -11.6014251709, 1.76816689968, -28.2680435181, 7.69829845428], [-326.72366333, -328.026397705, 75.9018554688, 498.191925049, 209.852050781, 21.3296546936, -59.2636032104, -30.3116111755, -16.9013195038, -39.7464790344, -71.4251937866, -33.696521759, 28.6638469696], [-858.220458984, -199.519577026, 117.871490479, 209.852050781, 350.119445801, 77.8223190308, 12.9241828918, 22.6665363312, -28.0102329254, -10.0915336609, -36.9320449829, -44.2793998718, 32.5194015503], [-634.145568848, -242.408630371, 113.747047424, 21.3296546936, 77.8223190308, 175.429199219, 128.421569824, 61.3589706421, 14.2041902542, 43.5583229065, 35.9053993225, -28.3749065399, -13.2758998871], [-847.317138672, -212.805603027, 164.271530151, -59.2636032104, 12.9241828918, 128.421569824, 260.023162842, 145.407424927, -3.63716435432, 54.538356781, 60.0041809082, -38.3904457092, -23.6251544952], [-616.714904785, -172.917404175, 122.670166016, -30.3116111755, 22.6665363312, 61.3589706421, 145.407424927, 164.016860962, 36.6494369507, 33.695892334, 43.7345161438, -28.824136734, -10.9034843445], [-34.7512016296, -45.8058052063, -11.1688175201, -16.9013195038, -28.0102329254, 14.2041902542, -3.63716435432, 36.6494369507, 109.514472961, 59.2320709229, 25.2836475372, 5.71433734894, -12.6830177307], [-204.549133301, -134.205856323, -11.6014251709, -39.7464790344, -10.0915336609, 43.5583229065, 54.538356781, 33.695892334, 59.2320709229, 140.232498169, 85.5873336792, -20.1124610901, -23.3249702454], [-139.372161865, -75.2521362305, 1.76816689968, -71.4251937866, -36.9320449829, 35.9053993225, 60.0041809082, 43.7345161438, 25.2836475372, 85.5873336792, 121.281135559, 9.97837638855, -28.003868103], [266.991333008, 129.046813965, -28.2680435181, -33.696521759, -44.2793998718, -28.3749065399, -38.3904457092, -28.824136734, 5.71433734894, -20.1124610901, 9.97837638855, 78.7681274414, 20.3094272614], [6.36085796356, 34.1302871704, 7.69829845428, 28.6638469696, 32.5194015503, -13.2758998871, -23.6251544952, -10.9034843445, -12.6830177307, -23.3249702454, -28.003868103, 20.3094272614, 64.3591918945]],
        "icov": [[0.00107137882151, -0.00110108358786, 0.00211293040775, -0.00101138313767, 0.0021478459239, -0.00102577602956, 0.00179982162081, -0.000702238467056, 0.00104958168231, -0.000299412611639, 0.000317645753967, -0.000301771447994, 0.000252352649113], [-0.00110108358786, 0.00365753076039, -0.00230751326308, 0.00294913444668, -0.00272879796103, 0.00353598874062, -0.00234723137692, 0.00279495236464, -0.00176123308484, 0.00185371516272, 0.000179881899385, -0.00156477396376, -0.000251368503086], [0.00211293040775, -0.00230751326308, 0.00688468152657, -0.00241559115238, 0.00381422112696, -0.00278914906085, 0.00247206864879, -0.0026158245746, 0.00218752888031, 6.42152153887e-05, 0.000827119802125, -0.000887536036316, 0.000323229382047], [-0.00101138313767, 0.00294913444668, -0.00241559115238, 0.00538113433868, -0.00395896332338, 0.00266566826031, -0.00140026176814, 0.0027017458342, -0.00193920021411, 0.0017194414977, 0.000716541544534, -0.000329933303874, -0.000420803989982], [0.0021478459239, -0.00272879796103, 0.00381422112696, -0.00395896332338, 0.00964025687426, -0.00540181063116, 0.00611592549831, -0.00403771642596, 0.00475189695135, -0.00243519805372, 0.00166558846831, 0.00103331508581, -0.00142997107469], [-0.00102577602956, 0.00353598874062, -0.00278914906085, 0.00266566826031, -0.00540181063116, 0.0155825521797, -0.00997961126268, 0.00760105345398, -0.00629439158365, 0.00347100780345, -0.00262209982611, 4.33016939496e-05, -0.000196258479264], [0.00179982162081, -0.00234723137692, 0.00247206864879, -0.00140026176814, 0.00611592549831, -0.00997961126268, 0.0192364417017, -0.0140912318602, 0.0112334256992, -0.00705498689786, 0.00350949680433, -0.00164188048802, 0.00262210820802], [-0.000702238467056, 0.00279495236464, -0.0026158245746, 0.0027017458342, -0.00403771642596, 0.00760105345398, -0.0140912318602, 0.0228548180312, -0.013537091203, 0.0103121064603, -0.00810198672116, 0.00572132179514, -0.00425691297278], [0.00104958168231, -0.00176123308484, 0.00218752888031, -0.00193920021411, 0.00475189695135, -0.00629439158365, 0.0112334256992, -0.013537091203, 0.0223060064018, -0.0144233331084, 0.00886167399585, -0.00749194761738, 0.00495157251135], [-0.000299412611639, 0.00185371516272, 6.42152153887e-05, 0.0017194414977, -0.00243519805372, 0.00347100780345, -0.00705498689786, 0.0103121064603, -0.0144233331084, 0.0247393008322, -0.016513351351, 0.00962579995394, -0.00472238659859], [0.000317645753967, 0.000179881899385, 0.000827119802125, 0.000716541544534, 0.00166558846831, -0.00262209982611, 0.00350949680433, -0.00810198672116, 0.00886167399585, -0.016513351351, 0.0242726951838, -0.0120575614274, 0.0081163616851], [-0.000301771447994, -0.00156477396376, -0.000887536036316, -0.000329933303874, 0.00103331508581, 4.33016939496e-05, -0.00164188048802, 0.00572132179514, -0.00749194761738, 0.00962579995394, -0.0120575614274, 0.0248475056142, -0.0101091368124], [0.000252352649113, -0.000251368503086, 0.000323229382047, -0.000420803989982, -0.00142997107469, -0.000196258479264, 0.00262210820802, -0.00425691297278, 0.00495157251135, -0.00472238659859, 0.0081163616851, -0.0101091368124, 0.0227042641491]]
    },
    "spectral_contrast_coeffs": {
        "max": [-0.346348643303, -0.394893825054, -0.523273766041, -0.619888842106, -0.690252542496, -0.624942302704],
        "mean": [-0.700745880604, -0.739335715771, -0.826857328415, -0.841387808323, -0.834413528442, -0.778077125549],
        "min": [-0.909272611141, -0.928108036518, -0.92509573698, -0.924746394157, -0.905741751194, -0.856491684914],
        "stdev": [0.116616375744, 0.111458264291, 0.0589359141886, 0.0539171285927, 0.0405433997512, 0.0371472835541]
    },
    "spectral_contrast_valleys": {
        "max": [-5.37894868851, -4.84638834, -5.70397567749, -6.74305343628, -6.99767160416, -10.7742948532],
        "mean": [-7.37696409225, -7.49403476715, -9.10015296936, -9.22054290771, -9.43756866455, -12.8503379822],
        "min": [-9.22932720184, -9.90187358856, -11.0501499176, -10.9691553116, -10.9233121872, -14.2455186844],
        "stdev": [0.576829791069, 1.11115455627, 1.01948320866, 0.945863902569, 0.833823561668, 0.624245643616]
    }
},
"rhythm": {
    "beats_count": 78,
    "beats_loudness": {
        "max": 0.0960456654429,
        "mean": 0.0263631436974,
        "min": 0.000127656705445,
        "stdev": 0.0255087316036
    },
    "bpm": 76.3584976196,
    "bpm_histogram_first_peak_bpm": 101,
    "bpm_histogram_first_peak_weight": 0.416666686535,
    "bpm_histogram_second_peak_bpm": 161,
    "bpm_histogram_second_peak_spread": 0,
    "bpm_histogram_second_peak_weight": 0.0909090936184,
    "danceability": 1.26693797112,
    "onset_rate": 3.9542889595,
    "beats_loudness_band_ratio": {
        "max": [0.966167867184, 0.837083816528, 0.807369589806, 0.161252632737, 0.0611109621823, 0.0904740989208],
        "mean": [0.423520207405, 0.303109109402, 0.309945046902, 0.0150967882946, 0.00938507728279, 0.00279004196636],
        "min": [0.0671195536852, 0.0284782499075, 0.00710251322016, 0.000288293260382, 0.000504291907419, 9.00973755051e-05],
        "stdev": [0.256564110518, 0.211206644773, 0.258891552687, 0.0270915981382, 0.0120195895433, 0.0103987399489]
    },
