{
"metadata": {
    "version": {
        "essentia": "2.1-beta5",
        "essentia_git_sha": "Undefined",
        "extractor": "music 2.0"
    },
    "audio_properties": {
        "analysis": {
            "equal_loudness": 0,
            "length": 23.3592510223,
            "sample_rate": 44100,
            "start_time": 240.245254517,
            "downmix": "mix"
        },
        "bit_rate": 192000,
        "length": 263.6277771,
        "lossless": 0,
        "number_channels": 1,
        "replay_gain": -1.00702476501,
        "sample_rate": 48000,
        "codec": "mp3",
        "md5_encoded": "db7926382f59d7c8717ddff03fd97e60"
    },
    "tags": {
        "file_name": "Switzerland_Trödler Und Co._Peter, Sue and Marc and Pfuri, Gorps and Kniri.mp3",
        "encoding": ["Lavf58.29.100"]
    }
},
"lowlevel": {
    "average_loudness": 0.912748098373,
    "barkbands_crest": {
        "max": 9.95313167572,
        "mean": 4.64076185226,
        "min": 2.51281118393,
        "stdev": 1.06904268265
    },
    "barkbands_flatness_db": {
        "max": 0.196073904634,
        "mean": 0.140364304185,
        "min": 0.0533066801727,
        "stdev": 0.0289916321635
    },
    "barkbands_kurtosis": {
        "max": 1.70063304901,
        "mean": -0.0373996607959,
        "min": -1.12087512016,
        "stdev": 0.445707857609
    },
    "barkbands_skewness": {
        "max": 0.760321617126,
        "mean": -0.227407485247,
        "min": -1.08802652359,
        "stdev": 0.235407277942
    },
    "barkbands_spread": {
        "max": 32.348236084,
        "mean": 14.037987709,
        "min": 7.79480409622,
        "stdev": 3.12922000885
    },
    "dissonance": {
        "max": 0.5,
        "mean": 0.492627978325,
        "min": 0.326080799103,
        "stdev": 0.00795644056052
    },
    "dynamic_complexity": 2.99750208855,
    "erbbands_crest": {
        "max": 13.4571008682,
        "mean": 6.4419169426,
        "min": 3.68833374977,
        "stdev": 1.43856275082
    },
    "erbbands_flatness_db": {
        "max": 0.29787415266,
        "mean": 0.244654536247,
        "min": 0.146978452802,
        "stdev": 0.029132373631
    },
    "erbbands_kurtosis": {
        "max": 2.69001102448,
        "mean": 0.503022432327,
        "min": -0.774486780167,
        "stdev": 0.535422921181
    },
    "erbbands_skewness": {
        "max": 0.678985834122,
        "mean": -0.109859324992,
        "min": -0.990611195564,
        "stdev": 0.238819181919
    },
    "erbbands_spread": {
        "max": 36.4674758911,
        "mean": 15.7138395309,
        "min": 9.43902111053,
        "stdev": 3.02505898476
    },
    "hfc": {
        "max": 102.255111694,
        "mean": 33.5309143066,
        "min": 0.0963578149676,
        "stdev": 20.3492298126
    },
    "loudness_ebu128": {
        "integrated": -25.2735595703,
        "loudness_range": 8.01985740662,
        "momentary": {
            "max": -22.8917217255,
            "mean": -26.7767448425,
            "min": -36.4629516602,
            "stdev": 3.91501331329
        },
        "short_term": {
            "max": -23.588432312,
            "mean": -26.3480453491,
            "min": -35.163772583,
            "stdev": 3.17404460907
        }
    },
    "melbands_crest": {
        "max": 12.8916568756,
        "mean": 4.83306789398,
        "min": 2.63603806496,
        "stdev": 1.16088306904
    },
    "melbands_flatness_db": {
        "max": 0.159662976861,
        "mean": 0.117962136865,
        "min": 0.061207216233,
        "stdev": 0.0177700128406
    },
    "melbands_kurtosis": {
        "max": 2.26577425003,
        "mean": -0.114418528974,
        "min": -1.01824474335,
        "stdev": 0.412936300039
    },
    "melbands_skewness": {
        "max": 1.2537882328,
        "mean": 0.120433196425,
        "min": -0.571209013462,
        "stdev": 0.249125406146
    },
    "melbands_spread": {
        "max": 57.4052352905,
        "mean": 32.3851509094,
        "min": 19.730260849,
        "stdev": 6.18712997437
    },
    "pitch_salience": {
        "max": 0.90391099453,
        "mean": 0.803589344025,
        "min": 0.652438938618,
        "stdev": 0.0274140872061
    },
    "silence_rate_20dB": {
        "max": 1,
        "mean": 1,
        "min": 1,
        "stdev": 0
    },
    "silence_rate_30dB": {
        "max": 1,
        "mean": 1,
        "min": 1,
        "stdev": 0
    },
    "silence_rate_60dB": {
        "max": 1,
        "mean": 0.112214498222,
        "min": 0,
        "stdev": 0.315630227327
    },
    "spectral_centroid": {
        "max": 2826.13476562,
        "mean": 2180.140625,
        "min": 1727.7611084,
        "stdev": 149.604812622
    },
    "spectral_complexity": {
        "max": 60,
        "mean": 36.7447853088,
        "min": 0,
        "stdev": 12.171453476
    },
    "spectral_decrease": {
        "max": -1.30896465542e-11,
        "mean": -4.47741976828e-09,
        "min": -1.51441383878e-08,
        "stdev": 2.70667599445e-09
    },
    "spectral_energy": {
        "max": 0.0664323270321,
        "mean": 0.0199401732534,
        "min": 5.81432250328e-05,
        "stdev": 0.0120435422286
    },
    "spectral_energyband_high": {
        "max": 0.00207999837585,
        "mean": 0.000677977513988,
        "min": 2.32162619795e-06,
        "stdev": 0.000405087339459
    },
    "spectral_energyband_low": {
        "max": 0.000655539392028,
        "mean": 7.57866728236e-05,
        "min": 7.31621526029e-07,
        "stdev": 5.75278645556e-05
    },
    "spectral_energyband_middle_high": {
        "max": 0.0512784384191,
        "mean": 0.0161604713649,
        "min": 4.82878531329e-05,
        "stdev": 0.0101395035163
    },
    "spectral_energyband_middle_low": {
        "max": 0.0162079818547,
        "mean": 0.00323688122444,
        "min": 7.1889062383e-06,
        "stdev": 0.00223967968486
    },
    "spectral_entropy": {
        "max": 8.12928771973,
        "mean": 7.83823680878,
        "min": 7.61677265167,
        "stdev": 0.0790906623006
    },
    "spectral_flux": {
        "max": 0.158800572157,
        "mean": 0.0883672013879,
        "min": 0.0189337935299,
        "stdev": 0.0321242772043
    },
    "spectral_kurtosis": {
        "max": 18.3809738159,
        "mean": 5.01085710526,
        "min": 0.849101066589,
        "stdev": 2.13072991371
    },
    "spectral_rms": {
        "max": 0.00805059168488,
        "mean": 0.00414006831124,
        "min": 0.000238170308876,
        "stdev": 0.00152107072063
    },
    "spectral_rolloff": {
        "max": 4371.24023438,
        "mean": 2467.35742188,
        "min": 1851.85546875,
        "stdev": 234.353683472
    },
    "spectral_skewness": {
        "max": 2.43650913239,
        "mean": 1.28713190556,
        "min": 0.622116625309,
        "stdev": 0.277677088976
    },
    "spectral_spread": {
        "max": 4281170,
        "mean": 2512520.5,
        "min": 1749957.5,
        "stdev": 430080
    },
    "spectral_strongpeak": {
        "max": 5.17291593552,
        "mean": 1.225253582,
        "min": 0.0115245059133,
        "stdev": 0.864475488663
    },
    "zerocrossingrate": {
        "max": 0.11328125,
        "mean": 0.0879507511854,
        "min": 0.0400390625,
        "stdev": 0.00611272314563
    },
    "barkbands": {
        "max": [3.07119662466e-05, 7.06129503669e-05, 0.000292463519145, 0.000788695761003, 0.00393484951928, 0.00341179454699, 0.00791838392615, 0.003207833739, 0.00734506687149, 0.0103186285123, 0.00747196609154, 0.0100473426282, 0.0105646606535, 0.0106509029865, 0.0164791475981, 0.0105607509613, 0.00979591347277, 0.0098143639043, 0.00259898370132, 0.00172089890111, 0.00110618851613, 0.000791609520093, 4.08128762501e-05, 1.07052101157e-05, 1.32748764372e-05, 2.68122607849e-06, 3.31488195116e-07],
        "mean": [1.73879493559e-06, 1.64337634487e-05, 2.53898997471e-05, 7.5361575e-05, 0.000295208214084, 0.000404079532018, 0.00054854422342, 0.000510646030307, 0.00106698565651, 0.00121779926121, 0.00133101339452, 0.00179552403279, 0.00200020242482, 0.00216972315684, 0.00242961314507, 0.00237184111029, 0.00149087235332, 0.000803632370662, 0.000512315134984, 0.000403061392717, 0.000306915229885, 0.000142629767652, 8.85632016434e-06, 4.99240377394e-06, 6.51687378195e-06, 2.98291467971e-07, 2.46494580303e-09],
        "min": [8.40804847968e-09, 2.44971630536e-07, 8.996207157e-08, 2.6542568321e-07, 2.38172532363e-07, 2.02774322133e-06, 1.99044939109e-06, 7.69406483414e-07, 1.48529238686e-06, 1.42355793287e-06, 1.8662186676e-06, 4.04656248065e-06, 1.69829509105e-05, 1.15955344882e-05, 1.96887867787e-06, 3.51087464878e-06, 3.7873526253e-06, 2.06314689422e-06, 8.91819922799e-07, 9.59517365118e-07, 9.69285451902e-07, 3.0049528732e-07, 8.40525089529e-08, 2.05055918912e-08, 1.72397577103e-07, 9.57182999528e-10, 2.83111756261e-10],
        "stdev": [2.05308379009e-06, 1.1301338418e-05, 2.48213546001e-05, 8.33877929836e-05, 0.000362851016689, 0.00035989182652, 0.000596240104642, 0.000454954628367, 0.000989744439721, 0.00111390685197, 0.00114814110566, 0.00150204263628, 0.00168115296401, 0.00177274772432, 0.00191952358, 0.0018654683372, 0.00125931028742, 0.000722576689441, 0.000378697062843, 0.000271959666861, 0.000202615206945, 9.63390411926e-05, 5.41940926269e-06, 1.72950899469e-06, 2.31151648222e-06, 4.93328570883e-07, 1.04572590587e-08]
    },
    "erbbands": {
        "max": [0.00241403351538, 0.0174440238625, 0.215154349804, 1.49181890488, 7.60874795914, 21.2439517975, 11.0969934464, 37.4115562439, 104.737045288, 78.5328140259, 86.607421875, 186.7552948, 261.825378418, 337.00592041, 289.983947754, 418.189086914, 487.491088867, 543.493103027, 547.122497559, 807.910339355, 594.738586426, 562.655029297, 567.496887207, 172.823486328, 123.726905823, 79.3879928589, 53.5981178284, 40.3885154724, 33.0380859375, 9.69619560242, 0.465798467398, 0.231407269835, 0.206766366959, 0.16516251862, 0.107445538044, 0.023368883878, 0.000913028954528, 0.000218127417611, 6.0959962866e-05, 8.63137975102e-05],
        "mean": [0.000450188788818, 0.00400745682418, 0.022393276915, 0.155109986663, 0.495243102312, 1.12987947464, 1.82668817043, 3.90019869804, 7.07228183746, 9.09397983551, 13.0823640823, 23.9963912964, 33.5351371765, 46.757434845, 59.4858283997, 75.1669082642, 91.0197906494, 107.585693359, 120.836204529, 131.885299683, 124.5365448, 83.9289855957, 49.755153656, 30.1348361969, 23.7308063507, 18.9619197845, 15.1206226349, 9.94806003571, 5.77515459061, 1.83591651917, 0.180408358574, 0.103016726673, 0.0888121649623, 0.0801943391562, 0.0402632579207, 0.00433787936345, 0.000142635457451, 1.5405636077e-05, 1.49411680468e-05, 2.66762581305e-05],
        "min": [8.11266909295e-06, 5.37319465366e-05, 0.000271056283964, 0.00072267226642, 0.000766812241636, 0.000546107417904, 0.00574149610475, 0.0201382692903, 0.0293134301901, 0.0250452514738, 0.013692821376, 0.0297874417156, 0.0470680892467, 0.047549623996, 0.0973801985383, 0.218885973096, 0.711639940739, 0.829547822475, 0.133425116539, 0.159587666392, 0.241528734565, 0.1841032058, 0.127923220396, 0.0482039265335, 0.0428045727313, 0.0526290424168, 0.0468894056976, 0.0275996457785, 0.0148698203266, 0.00356832309626, 0.00261881109327, 0.00259356782772, 0.00231392774731, 0.00131022895221, 0.000352832692442, 7.72079365561e-05, 1.14846125143e-05, 2.90295679406e-06, 4.81185850276e-07, 1.11301041272e-07],
        "stdev": [0.00033563064062, 0.00282020214945, 0.0191206876189, 0.151695296168, 0.593226134777, 1.63954925537, 1.6298058033, 3.70842051506, 7.6776137352, 8.58639335632, 11.6565952301, 23.5358505249, 30.7714443207, 41.5572738647, 47.5597991943, 61.1798057556, 74.0704879761, 85.6982192993, 91.274307251, 102.48462677, 98.1649551392, 69.1978149414, 43.8464813232, 22.4944267273, 17.4479179382, 12.7766151428, 10.0363130569, 6.61547899246, 3.92543649673, 1.24928462505, 0.0738077759743, 0.0383693426847, 0.0319407470524, 0.0284530427307, 0.0196435879916, 0.00459216162562, 0.000137114126119, 7.2382918006e-06, 8.25224287837e-06, 1.59328301379e-05]
    },
    "gfcc": {
        "mean": [-22.186252594, 86.577835083, -222.802017212, 18.4268188477, -67.2344589233, 1.77633941174, -38.1711082458, -5.71230316162, -22.5557498932, -0.849236905575, -14.4158058167, -11.1884756088, 7.47798633575],
        "cov": [[1171.5135498, 322.800567627, -575.90612793, -44.1424331665, -5.99054908752, -268.015716553, 203.166244507, -262.975524902, 171.616149902, -157.370559692, 71.92943573, -81.1239929199, 97.2948608398], [322.800567627, 158.302108765, -143.821990967, -2.06362295151, 0.928188383579, -84.1163406372, 62.9253578186, -90.85987854, 57.3002738953, -62.0491905212, 26.7248725891, -33.6363792419, 29.4108428955], [-575.90612793, -143.821990967, 384.309112549, 43.7814292908, 2.75614500046, 159.583526611, -130.878311157, 154.918869019, -115.38053894, 95.0493774414, -60.2161941528, 42.3884086609, -61.8102340698], [-44.1424331665, -2.06362295151, 43.7814292908, 47.2849769592, 13.2339906693, 14.5355482101, -4.92075967789, 8.19089031219, -9.18559169769, -1.14289820194, -3.05835056305, -0.540968179703, -7.34038543701], [-5.99054908752, 0.928188383579, 2.75614500046, 13.2339906693, 41.4236106873, 15.2701187134, 3.58204388618, 5.36193323135, -1.35743749142, -3.65104103088, -0.505499720573, 1.96082472801, -3.05050086975], [-268.015716553, -84.1163406372, 159.583526611, 14.5355482101, 15.2701187134, 105.776565552, -44.1236190796, 75.9334869385, -46.5265731812, 43.4045410156, -23.3195838928, 18.1428050995, -24.2113494873], [203.166244507, 62.9253578186, -130.878311157, -4.92075967789, 3.58204388618, -44.1236190796, 78.8501205444, -45.9516792297, 46.5065422058, -34.1428260803, 18.4000682831, -16.7825756073, 19.4019088745], [-262.975524902, -90.85987854, 154.918869019, 8.19089031219, 5.36193323135, 75.9334869385, -45.9516792297, 107.249473572, -39.1860160828, 52.423248291, -22.5670604706, 23.5329589844, -25.0726280212], [171.616149902, 57.3002738953, -115.38053894, -9.18559169769, -1.35743749142, -46.5265731812, 46.5065422058, -39.1860160828, 69.1789932251, -20.3167037964, 27.1909046173, -11.7660474777, 22.2553844452], [-157.370559692, -62.0491905212, 95.0493774414, -1.14289820194, -3.65104103088, 43.4045410156, -34.1428260803, 52.423248291, -20.3167037964, 62.5491981506, -4.95394468307, 22.6978816986, -12.6286020279], [71.92943573, 26.7248725891, -60.2161941528, -3.05835056305, -0.505499720573, -23.3195838928, 18.4000682831, -22.5670604706, 27.1909046173, -4.95394468307, 42.5980949402, 3.3037571907, 15.7685613632], [-81.1239929199, -33.6363792419, 42.3884086609, -0.540968179703, 1.96082472801, 18.1428050995, -16.7825756073, 23.5329589844, -11.7660474777, 22.6978816986, 3.3037571907, 34.8453445435, 1.47575116158], [97.2948608398, 29.4108428955, -61.8102340698, -7.34038543701, -3.05050086975, -24.2113494873, 19.4019088745, -25.0726280212, 22.2553844452, -12.6286020279, 15.7685613632, 1.47575116158, 36.9625587463]],
        "icov": [[0.00902325846255, -0.0209358353168, 0.0282680541277, -0.0119116073474, 0.00774662103504, -0.0105020767078, 0.0118895918131, -0.00859130732715, 0.00923908408731, -0.0120691200718, 0.0133066242561, -0.00768236769363, 0.00444755004719], [-0.0209358353168, 0.0880543962121, -0.104348219931, 0.0465207397938, -0.0364880859852, 0.0570920631289, -0.0569302886724, 0.0449847429991, -0.039557300508, 0.0469675473869, -0.0472080633044, 0.0401138775051, -0.0270273201168], [0.0282680541277, -0.104348219931, 0.158286198974, -0.0753170177341, 0.0537616796792, -0.0836382061243, 0.0863684490323, -0.06248851493, 0.0549977421761, -0.0635568723083, 0.0677857547998, -0.052406616509, 0.0386296398938], [-0.0119116073474, 0.0465207397938, -0.0753170177341, 0.0613064467907, -0.0326127707958, 0.0387868024409, -0.0418417304754, 0.0295243561268, -0.0238553620875, 0.032211497426, -0.0336977094412, 0.0261329635978, -0.0160289779305], [0.00774662103504, -0.0364880859852, 0.0537616796792, -0.0326127707958, 0.0493559278548, -0.0384804867208, 0.0283197481185, -0.0225022379309, 0.0169948637486, -0.0158540047705, 0.0217522252351, -0.0237074475735, 0.0168241281062], [-0.0105020767078, 0.0570920631289, -0.0836382061243, 0.0387868024409, -0.0384804867208, 0.0752822831273, -0.0495610050857, 0.0260601211339, -0.0231628958136, 0.0277944169939, -0.0332790613174, 0.0327416919172, -0.0237833037972], [0.0118895918131, -0.0569302886724, 0.0863684490323, -0.0418417304754, 0.0283197481185, -0.0495610050857, 0.0761194825172, -0.0352153331041, 0.0182834919542, -0.02817719616, 0.0357021391392, -0.0280973762274, 0.0214077737182], [-0.00859130732715, 0.0449847429991, -0.06248851493, 0.0295243561268, -0.0225022379309, 0.0260601211339, -0.0352153331041, 0.0535527765751, -0.0248090587556, 0.0160171743482, -0.0212325770408, 0.0182212255895, -0.0130475498736], [0.00923908408731, -0.039557300508, 0.0549977421761, -0.0238553620875, 0.0169948637486, -0.0231628958136, 0.0182834919542, -0.0248090587556, 0.0536648370326, -0.0276047624648, 0.0124117080122, -0.0126832351089, 0.00766046112403], [-0.0120691200718, 0.0469675473869, -0.0635568723083, 0.032211497426, -0.0158540047705, 0.0277944169939, -0.02817719616, 0.0160171743482, -0.0276047624648, 0.0627077966928, -0.0326165929437, 0.0104938847944, -0.0113940658048], [0.0133066242561, -0.0472080633044, 0.0677857547998, -0.0336977094412, 0.0217522252351, -0.0332790613174, 0.0357021391392, -0.0212325770408, 0.0124117080122, -0.0326165929437, 0.0662431865931, -0.031220426783, 0.0104220211506], [-0.00768236769363, 0.0401138775051, -0.052406616509, 0.0261329635978, -0.0237074475735, 0.0327416919172, -0.0280973762274, 0.0182212255895, -0.0126832351089, 0.0104938847944, -0.031220426783, 0.065066114068, -0.0256014801562], [0.00444755004719, -0.0270273201168, 0.0386296398938, -0.0160289779305, 0.0168241281062, -0.0237833037972, 0.0214077737182, -0.0130475498736, 0.00766046112403, -0.0113940658048, 0.0104220211506, -0.0256014801562, 0.0520605817437]]
    },
    "melbands": {
        "max": [1.9500939743e-05, 9.31094837142e-05, 0.000312770716846, 0.00101755466312, 0.000476596644148, 0.000781263457611, 0.00170225719921, 0.000783413066529, 0.000866680580657, 0.00122547254432, 0.00126742525026, 0.00153504207265, 0.00105362269096, 0.00136636313982, 0.00127103144769, 0.00109801930375, 0.00104667642154, 0.00082451547496, 0.00153323099948, 0.00102326762863, 0.000797177257482, 0.000689660722855, 0.000429357372923, 0.00052346958546, 0.000153172426508, 0.000116922819871, 8.11973004602e-05, 4.56867819594e-05, 3.7371632061e-05, 3.91043504351e-05, 2.37021886278e-05, 2.31777539739e-05, 1.70998428075e-05, 2.65713765657e-06, 2.16027274291e-07, 1.93558946648e-07, 1.47088357494e-07, 1.77554980496e-07, 1.70492057805e-07, 1.69244415815e-07],
        "mean": [4.38366532762e-06, 1.08055910459e-05, 3.55738156941e-05, 5.8906050981e-05, 6.22581937932e-05, 8.71636948432e-05, 0.000110536908323, 0.000101440913568, 0.000111949455459, 0.0001576836803, 0.000167532547493, 0.000184760909178, 0.000189322789083, 0.000199148344109, 0.000198457433726, 0.000201524453587, 0.000198743597139, 0.000191112791072, 0.000185038283234, 0.000167794394656, 0.00014087256568, 9.12946488825e-05, 5.81361928198e-05, 3.44769614458e-05, 2.31861613429e-05, 1.8717484636e-05, 1.46852571561e-05, 1.20858821901e-05, 9.99344592856e-06, 7.36382344257e-06, 5.24153438164e-06, 3.53904283656e-06, 2.05728952096e-06, 5.50217464479e-07, 6.26270093562e-08, 6.18631332827e-08, 5.85876556158e-08, 5.74062077874e-08, 6.64169874653e-08, 7.05179203919e-08],
        "min": [7.20886177419e-08, 1.21755803661e-07, 1.26153665292e-07, 3.92588432874e-08, 1.61216334504e-07, 4.49262756774e-07, 4.41378261939e-07, 2.53686380347e-07, 9.80009033924e-08, 2.17039087147e-07, 2.38294887822e-07, 1.82122434467e-07, 2.97275136063e-07, 3.93294016021e-07, 9.14464465041e-07, 1.92453921954e-06, 1.45891692682e-06, 1.88256194633e-07, 1.73120810132e-07, 1.70869526528e-07, 3.54313726803e-07, 2.10544101265e-07, 1.31432173589e-07, 9.51066141397e-08, 3.013862937e-08, 4.29439843685e-08, 2.04436592099e-08, 3.77000901608e-08, 2.74442655268e-08, 2.90928010571e-08, 1.15645795162e-08, 8.87661943949e-09, 3.95863386515e-09, 1.35955824376e-09, 1.34124100715e-09, 3.60587559811e-10, 9.11493241995e-11, 2.13798853621e-10, 1.17069753891e-09, 5.41318545544e-10],
        "stdev": [3.00588408209e-06, 8.23734990263e-06, 3.34635442414e-05, 8.41675500851e-05, 5.53052959731e-05, 7.99457702669e-05, 0.000120251192129, 9.18946680031e-05, 0.000101448349596, 0.000155835325131, 0.000155399640789, 0.000168834187207, 0.000156820300617, 0.000171133491676, 0.000168776605278, 0.000171135485289, 0.000164617275004, 0.00015028505004, 0.000153847635374, 0.000134828791488, 0.000118741874758, 7.88389952504e-05, 5.20403591509e-05, 3.22880550812e-05, 1.81418708962e-05, 1.46092961586e-05, 1.0871161976e-05, 8.46963212098e-06, 6.90169736117e-06, 5.20502999279e-06, 3.65152300219e-06, 2.53595521826e-06, 1.49751315348e-06, 3.93742340066e-07, 3.25974269799e-08, 2.80279994769e-08, 2.6329770364e-08, 2.67806665732e-08, 2.52108254273e-08, 2.88890120714e-08]
    },
    "melbands128": {
        "max": [1.08015656224e-05, 2.08426827157e-05, 2.85058431473e-05, 3.32319068548e-05, 5.40082983207e-05, 0.000180480376002, 0.00032419746276, 0.000484359654365, 0.000669427972753, 0.00167267490178, 0.00161790382117, 0.00077906018123, 0.000407584535424, 0.000546400086023, 0.000890318187885, 0.00119947339408, 0.000950333895162, 0.00307723460719, 0.0018092605751, 0.0011719786562, 0.000973837741185, 0.000939833465964, 0.00107574788854, 0.00165616499726, 0.0016683897702, 0.0020304042846, 0.00164857297204, 0.00201012869366, 0.00179765652865, 0.00346601381898, 0.00188239815179, 0.00173069606535, 0.0017470427556, 0.00150076113641, 0.00227662059478, 0.00155889883172, 0.00171008543111, 0.00190998287871, 0.00157681223936, 0.00186855904758, 0.00164319889154, 0.00192182429601, 0.00174975569826, 0.00167413428426, 0.00144529889803, 0.00113126100041, 0.00111660500988, 0.00243546278216, 0.00148893613368, 0.00153087894432, 0.0015787340235, 0.00102627417073, 0.0011417909991, 0.00101699808147, 0.00105028157122, 0.000918806937989, 0.000560547807254, 0.000732411222998, 0.000471795559861, 0.000767155841459, 0.000701582874171, 0.000234853694565, 0.00022076939058, 0.000143536468386, 0.000143072698847, 0.000178982809302, 0.000124983271235, 0.000138708797749, 7.67902747612e-05, 9.90844782791e-05, 7.21138276276e-05, 6.81933597662e-05, 5.56564882572e-05, 4.34944704466e-05, 5.42546076758e-05, 4.39186223957e-05, 5.41200643056e-05, 3.99273594667e-05, 3.69689587387e-05, 3.0356559364e-05, 2.64372829406e-05, 2.6531453841e-05, 2.59728130914e-05, 2.41720208578e-05, 9.4853421615e-06, 6.40117787043e-06, 1.3120351241e-06, 4.32109914072e-07, 3.15480235713e-07, 3.31792818997e-07, 4.33163592106e-07, 2.43769221697e-07, 2.40133118723e-07, 1.90598925087e-07, 2.54129645327e-07, 2.09969570619e-07, 3.19341040722e-07, 2.54101678365e-07, 2.08504914667e-07, 2.6702298328e-07, 2.63130942812e-07, 2.35730809095e-07, 2.23717776748e-07, 2.51272979312e-07, 1.8580357164e-07, 1.92658745846e-07, 1.29469469812e-07, 8.07162123806e-08, 6.19059079554e-08, 3.03515292899e-08, 4.64614480222e-09, 2.05739469905e-09, 1.91799753857e-09, 1.86107929068e-09, 1.7210644021e-09, 1.68631986153e-09, 1.61783886288e-09, 1.58302371212e-09, 1.49928991444e-09, 1.4821827099e-09, 1.44652023693e-09, 1.39252320785e-09, 1.36737821066e-09, 1.34702804466e-09, 1.30543764687e-09, 1.29306354513e-09, 1.27348054324e-09, 1.26773491704e-09],
        "mean": [1.13924511425e-06, 3.26518852489e-06, 5.83640803598e-06, 6.38755682303e-06, 7.17077409718e-06, 1.48237204485e-05, 2.88846240437e-05, 4.04885468015e-05, 4.66695564683e-05, 6.2846513174e-05, 6.5123938839e-05, 5.91448915657e-05, 5.97948819632e-05, 6.65104525979e-05, 8.46375478432e-05, 9.90700355032e-05, 0.000106763356598, 0.000117210300232, 0.000110347784357, 9.82503042906e-05, 9.81114280876e-05, 0.000105578779767, 0.000107090367237, 0.000124402125948, 0.0001540883095, 0.000173367210664, 0.000165236648172, 0.000166239828104, 0.00016616974608, 0.000182866700925, 0.000192570660147, 0.000188845588127, 0.000184575852472, 0.000193563828361, 0.000197873756406, 0.000203551724553, 0.000194743173779, 0.0002025164722, 0.000193431114894, 0.000203180607059, 0.000202646566322, 0.000202014794922, 0.000197534740437, 0.000199703645194, 0.00019474257715, 0.000188890830032, 0.000188326681382, 0.000183735319297, 0.000188105826965, 0.000175669934833, 0.000166798068676, 0.000157454691362, 0.000152957203682, 0.000135425594635, 0.000107587497041, 8.91879099072e-05, 7.66436423874e-05, 6.26173932687e-05, 5.43294481758e-05, 4.28203602496e-05, 3.40361875715e-05, 2.79814594251e-05, 2.41032757913e-05, 2.23334791372e-05, 2.03922227229e-05, 1.93796422536e-05, 1.71930987563e-05, 1.58322363859e-05, 1.40410929816e-05, 1.32261147883e-05, 1.21978528114e-05, 1.15306165753e-05, 1.09053125925e-05, 9.68457334238e-06, 9.08126366994e-06, 7.80558002589e-06, 6.52996004646e-06, 5.79921470489e-06, 5.32329795533e-06, 4.4073585741e-06, 3.77282799491e-06, 3.22261234942e-06, 2.73794603345e-06, 2.06059598895e-06, 1.44242778788e-06, 8.02254305654e-07, 1.98124610051e-07, 5.89270960916e-08, 5.62731159448e-08, 6.67789166187e-08, 5.45739737845e-08, 6.06551893156e-08, 7.35626386472e-08, 5.44889395826e-08, 5.83887711514e-08, 4.39491429916e-08, 6.47480788984e-08, 6.37468673403e-08, 6.54747012163e-08, 7.06043508103e-08, 6.25684322131e-08, 7.40522878573e-08, 6.71685640441e-08, 7.65809247127e-08, 4.12651175452e-08, 3.48430297947e-08, 1.85491604299e-08, 1.0078238688e-08, 2.65975508285e-09, 8.18993650675e-10, 1.01489025517e-10, 1.87524006739e-11, 2.01749814771e-11, 1.97340824237e-11, 1.77506499083e-11, 1.6836660538e-11, 1.53751490706e-11, 1.22606577668e-11, 1.2708593726e-11, 1.13331670437e-11, 1.11670490563e-11, 1.06299049424e-11, 1.02630005189e-11, 1.05810282411e-11, 7.72298371088e-12, 4.44396776322e-12, 3.85013635557e-12, 3.78124181272e-12],
        "min": [1.03912634053e-09, 1.87934769968e-08, 7.94517944769e-08, 8.68080576311e-08, 5.13497901977e-08, 4.79522981323e-08, 1.56074520419e-07, 1.21445125956e-07, 8.00340274054e-08, 2.56696353063e-08, 1.02151211934e-08, 6.24467659804e-08, 1.69861181121e-07, 3.19275216043e-07, 4.50576692401e-07, 5.28612588369e-07, 5.12669828368e-07, 4.36032280504e-07, 3.44040898881e-07, 2.86594513454e-07, 2.13761722989e-07, 1.30991708147e-07, 6.85788705823e-08, 7.40554355616e-08, 1.50353429262e-07, 2.97156020679e-07, 3.36794869327e-07, 1.98732891477e-07, 1.82894666523e-07, 2.34739516713e-07, 1.19672634469e-07, 1.95406812509e-07, 4.01161514674e-07, 2.86728692345e-07, 2.49360482485e-07, 4.46810986432e-07, 5.86896646837e-07, 6.94427455983e-07, 1.23347740555e-06, 1.3326654198e-06, 1.57314059379e-06, 2.04784623747e-06, 1.15662385269e-06, 9.05216893443e-07, 2.77504994983e-07, 3.76909987665e-08, 1.03823694531e-07, 9.88413475511e-08, 2.55674024174e-07, 2.91145539677e-07, 1.57574604032e-07, 2.7929967672e-08, 2.51226737191e-07, 6.11912184922e-07, 3.56748330432e-07, 9.80044063681e-08, 1.65665625218e-07, 1.18188040688e-07, 1.38032291375e-07, 1.22983848883e-07, 1.06378287512e-07, 6.68044961571e-08, 2.04654018177e-08, 1.34740796298e-08, 4.99008869781e-08, 6.1272750429e-08, 2.66458428655e-08, 1.67495031178e-08, 6.86959467089e-09, 4.44892584994e-08, 3.93771202312e-08, 4.02000317479e-08, 2.72459299566e-08, 2.03911998398e-08, 2.62838515397e-08, 5.15950304703e-08, 1.26299344316e-08, 1.66790066203e-08, 1.31403208314e-08, 5.30278176925e-09, 6.41053876649e-09, 1.3380160091e-08, 7.30011961991e-09, 2.61118238143e-09, 1.46266987411e-09, 1.29592270248e-09, 1.36672295703e-09, 1.05935604733e-09, 1.32708663503e-10, 1.67388897881e-11, 7.23617762932e-11, 1.20772919443e-10, 5.17465792438e-11, 8.64612687002e-11, 6.28312471496e-11, 7.58326804129e-11, 1.30093255613e-10, 1.20748827603e-10, 1.30093338879e-10, 7.0950217923e-11, 8.33442689863e-12, 6.01072108752e-11, 3.62111451935e-11, 1.91963805962e-11, 4.75355388732e-12, 1.67512715938e-12, 1.19117367879e-12, 3.00011035979e-12, 1.25831344042e-12, 7.69501107799e-13, 5.84362961666e-13, 1.02945993743e-12, 8.65020186556e-13, 8.41577133502e-13, 9.61511686243e-13, 9.22859336693e-13, 9.48493670758e-13, 7.4924501282e-13, 7.5132597626e-13, 6.48214283899e-13, 8.16590989706e-13, 8.12642271183e-13, 9.29847344955e-13, 9.94854155653e-13, 6.62330433554e-13, 2.15521719395e-13, 2.52151781171e-14, 5.20550979878e-16],
        "stdev": [1.21801235764e-06, 2.84895941149e-06, 4.65346056444e-06, 5.0560370255e-06, 6.77042498864e-06, 1.49775669342e-05, 3.07464542857e-05, 4.80522212456e-05, 5.70830088691e-05, 0.000126086699311, 0.000108486296085, 6.71955640428e-05, 6.37639022898e-05, 7.02342804288e-05, 9.45012361626e-05, 0.000115471164463, 0.00011509675096, 0.00018047260528, 0.000144019650179, 0.000116685470857, 0.000101926962088, 0.00011590289796, 0.000123002086184, 0.000141325814184, 0.000187564291991, 0.000222841932555, 0.000186015677173, 0.00020890365704, 0.000178736052476, 0.000222942937398, 0.000216470027226, 0.000205751915928, 0.00019428358064, 0.000203698436962, 0.000214283776586, 0.000221388807404, 0.000202402763534, 0.000222168717301, 0.00020129008044, 0.000205746939173, 0.000215879132156, 0.000208939731237, 0.000201850227313, 0.000206762881135, 0.000200003109057, 0.000180735281901, 0.00017568009207, 0.000193851592485, 0.000188872727449, 0.000168183949427, 0.000170064449776, 0.000147373604705, 0.000152053908096, 0.000143898505485, 0.000106538049295, 9.2937683803e-05, 7.88782344898e-05, 6.69783112244e-05, 5.87477225054e-05, 4.93698535138e-05, 3.90173445339e-05, 2.77681156149e-05, 2.3453929316e-05, 2.05683045351e-05, 1.78988138941e-05, 1.83742340596e-05, 1.6087305994e-05, 1.46923066495e-05, 1.20104505186e-05, 1.1483120943e-05, 1.0239443327e-05, 9.50507455855e-06, 9.24783580558e-06, 7.72558632889e-06, 7.6544993135e-06, 6.57752480038e-06, 5.6585463426e-06, 4.66790015707e-06, 4.35760057371e-06, 3.74567571271e-06, 3.13916962114e-06, 2.75292563856e-06, 2.27341206482e-06, 1.80015376827e-06, 1.18263176319e-06, 6.82759946358e-07, 1.50235450747e-07, 4.20618988528e-08, 4.33020126422e-08, 5.11832745076e-08, 4.31993498751e-08, 3.57667957473e-08, 4.2033729386e-08, 3.36053176397e-08, 4.18435455174e-08, 3.61942262828e-08, 3.83106453228e-08, 3.38854135862e-08, 3.53126168307e-08, 3.94741128673e-08, 3.77216871073e-08, 4.2010626089e-08, 3.79287179442e-08, 3.89329919415e-08, 3.48843052222e-08, 3.33678684683e-08, 2.51575613675e-08, 1.64690892035e-08, 7.350940745e-09, 3.28098126445e-09, 4.43217185175e-10, 6.53908732717e-11, 6.11336883893e-11, 5.95321153485e-11, 5.48426234981e-11, 5.37369627962e-11, 5.1277565527e-11, 5.0292874032e-11, 4.78385317471e-11, 4.72006461694e-11, 4.60778221134e-11, 4.42977182713e-11, 4.34235807034e-11, 4.28611764136e-11, 4.13495453155e-11, 4.08851841271e-11, 4.02809868794e-11, 4.01003882877e-11]
    },
    "mfcc": {
        "mean": [-627.126708984, 107.887153625, -89.9932556152, 6.19021558762, -20.9717464447, 0.935978770256, -8.3150177002, -15.0134572983, 6.5562543869, -14.0290689468, -0.233314007521, -7.52708005905, -1.02127671242],
        "cov": [[1601.92907715, 273.472137451, -620.600585938, 120.420455933, -306.486877441, 24.2756252289, -123.649040222, -58.0419807434, 32.6374893188, -125.418281555, 47.401599884, -85.0830535889, 7.28651237488], [273.472137451, 112.869064331, -102.254547119, 29.3622837067, -55.8680496216, 4.53823328018, -25.0066356659, -14.9153757095, 8.91774463654, -29.2738819122, 10.6317071915, -23.5431175232, 2.54759526253], [-620.600585938, -102.254547119, 327.846710205, -46.2579040527, 136.343032837, -9.1285161972, 49.9215965271, 20.5178852081, -18.8693885803, 59.0370597839, -31.3336544037, 38.289680481, -13.5211400986], [120.420455933, 29.3622837067, -46.2579040527, 58.1716957092, -21.5349788666, 3.61377191544, -7.90546321869, -3.78279781342, 2.75793933868, -18.3873786926, 8.26255321503, -13.0033874512, 2.3647069931], [-306.486877441, -55.8680496216, 136.343032837, -21.5349788666, 108.936218262, -0.306291162968, 29.7626934052, 16.5729465485, -10.1190576553, 26.3707122803, -15.7105474472, 22.6663913727, -5.61956501007], [24.2756252289, 4.53823328018, -9.1285161972, 3.61377191544, -0.306291162968, 36.8348464966, 3.73794651031, 2.1237142086, 0.216721698642, -2.27770233154, -0.367997527122, -4.08418989182, 1.02742958069], [-123.649040222, -25.0066356659, 49.9215965271, -7.90546321869, 29.7626934052, 3.73794651031, 42.6881065369, 12.0697727203, 0.600166857243, 9.36733818054, -2.78935885429, 4.97763633728, -2.83104515076], [-58.0419807434, -14.9153757095, 20.5178852081, -3.78279781342, 16.5729465485, 2.1237142086, 12.0697727203, 36.1219596863, 4.04890346527, 8.62350654602, -3.15318655968, 5.98860836029, -2.91426634789], [32.6374893188, 8.91774463654, -18.8693885803, 2.75793933868, -10.1190576553, 0.216721698642, 0.600166857243, 4.04890346527, 35.4033508301, 1.3895264864, 6.25620126724, -5.7346997261, 3.31413984299], [-125.418281555, -29.2738819122, 59.0370597839, -18.3873786926, 26.3707122803, -2.27770233154, 9.36733818054, 8.62350654602, 1.3895264864, 41.921245575, -2.28360366821, 12.5580158234, -3.06508994102], [47.401599884, 10.6317071915, -31.3336544037, 8.26255321503, -15.7105474472, -0.367997527122, -2.78935885429, -3.15318655968, 6.25620126724, -2.28360366821, 34.0718460083, -1.07679748535, 6.72776937485], [-85.0830535889, -23.5431175232, 38.289680481, -13.0033874512, 22.6663913727, -4.08418989182, 4.97763633728, 5.98860836029, -5.7346997261, 12.5580158234, -1.07679748535, 37.3568153381, 4.37960147858], [7.28651237488, 2.54759526253, -13.5211400986, 2.3647069931, -5.61956501007, 1.02742958069, -2.83104515076, -2.91426634789, 3.31413984299, -3.06508994102, 6.72776937485, 4.37960147858, 30.1699943542]],
        "icov": [[0.00345936487429, -0.00260902754962, 0.00459268223494, -0.00155725271907, 0.00239775585942, -0.00099715241231, 0.00143118714914, 0.000676655501593, 1.70426192199e-05, -0.000104594320874, 0.00142623030115, -0.0010410832474, 0.00206597498618], [-0.00260902754962, 0.0168231930584, -0.00195178308059, -0.00171436707024, 0.000464034004835, -0.00030836253427, 0.00224144477397, 0.00126553035807, -0.00197332841344, 0.00367394578643, -0.00162402761634, 0.00374346994795, -0.000692545087077], [0.00459268223494, -0.00195178308059, 0.0143977962434, -0.00155577901751, -0.00368068064563, 0.000224795760005, -0.00114844006021, 0.00252019520849, 0.00135574536398, -0.00532504729927, 0.00488431658596, -0.00234898040071, 0.00363446911797], [-0.00155725271907, -0.00171436707024, -0.00155577901751, 0.0229103192687, -0.00150284380652, -0.000460894400021, -4.46242520411e-05, -0.00188909820281, 0.000395867973566, 0.0060927704908, -0.00440365960822, 0.00417055515572, -0.00147088977974], [0.00239775585942, 0.000464034004835, -0.00368068064563, -0.00150284380652, 0.0233171340078, -0.00223403680138, -0.00331835146062, -0.00253524677828, 0.00145803578198, 4.89546764584e-05, 0.00301406672224, -0.00442532170564, 0.00152797950432], [-0.00099715241231, -0.00030836253427, 0.000224795760005, -0.000460894400021, -0.00223403680138, 0.0288499612361, -0.004245178774, -0.0018115787534, 0.00122509629, -0.000548391544726, 0.000885080662556, 0.0031909798272, -0.00241907453164], [0.00143118714914, 0.00224144477397, -0.00114844006021, -4.46242520411e-05, -0.00331835146062, -0.004245178774, 0.033899191767, -0.00645059160888, -0.00264194281772, 0.00240947119892, -0.0027758742217, 0.00238836975768, 0.0018455531681], [0.000676655501593, 0.00126553035807, 0.00252019520849, -0.00188909820281, -0.00253524677828, -0.0018115787534, -0.00645059160888, 0.0337360650301, -0.00522138224915, -0.00370458094403, 0.00275573460385, -0.00398717261851, 0.00341162155382], [1.70426192199e-05, -0.00197332841344, 0.00135574536398, 0.000395867973566, 0.00145803578198, 0.00122509629, -0.00264194281772, -0.00522138224915, 0.0325154960155, -0.00533672561869, -0.00368402828462, 0.00510856462643, -0.00381735526025], [-0.000104594320874, 0.00367394578643, -0.00532504729927, 0.0060927704908, 4.89546764584e-05, -0.000548391544726, 0.00240947119892, -0.00370458094403, -0.00533672561869, 0.0378154478967, -0.00467865169048, -0.00415796274319, 0.00282198633067], [0.00142623030115, -0.00162402761634, 0.00488431658596, -0.00440365960822, 0.00301406672224, 0.000885080662556, -0.0027758742217, 0.00275573460385, -0.00368402828462, -0.00467865169048, 0.0360456742346, -0.00351691641845, -0.00473432894796], [-0.0010410832474, 0.00374346994795, -0.00234898040071, 0.00417055515572, -0.00442532170564, 0.0031909798272, 0.00238836975768, -0.00398717261851, 0.00510856462643, -0.00415796274319, -0.00351691641845, 0.0370024703443, -0.00810902006924], [0.00206597498618, -0.000692545087077, 0.00363446911797, -0.00147088977974, 0.00152797950432, -0.00241907453164, 0.0018455531681, 0.00341162155382, -0.00381735526025, 0.00282198633067, -0.00473432894796, -0.00810902006924, 0.0382577739656]]
    },
    "spectral_contrast_coeffs": {
        "max": [-0.513302505016, -0.688297271729, -0.711985528469, -0.714326560497, -0.709299862385, -0.470635414124],
        "mean": [-0.701278686523, -0.839083731174, -0.821530401707, -0.818519294262, -0.802810549736, -0.654524385929],
        "min": [-0.845671117306, -0.936230003834, -0.939881145954, -0.89283323288, -0.891879975796, -0.817407608032],
        "stdev": [0.0530241914093, 0.0356936305761, 0.0326091870666, 0.0261543095112, 0.0257282312959, 0.0691053047776]
    },
    "spectral_contrast_valleys": {
        "max": [-7.308842659, -5.1705904007, -5.2048406601, -5.01889657974, -5.7339515686, -10.3339672089],
        "mean": [-8.2139787674, -6.34021568298, -6.21081495285, -6.05514717102, -6.60282897949, -11.1016330719],
        "min": [-10.1779499054, -8.91905117035, -8.75109100342, -8.97079372406, -9.16834449768, -12.9271755219],
        "stdev": [0.378176420927, 0.517586648464, 0.529849469662, 0.537975013256, 0.480903208256, 0.462296426296]
    }
},
"rhythm": {
    "beats_count": 52,
    "beats_loudness": {
        "max": 0.0425944924355,
        "mean": 0.0190037023276,
        "min": 0.00183213490527,
        "stdev": 0.0107577415183
    },
    "bpm": 137.120697021,
    "bpm_histogram_first_peak_bpm": 136,
    "bpm_histogram_first_peak_weight": 0.5,
    "bpm_histogram_second_peak_bpm": 144,
    "bpm_histogram_second_peak_spread": 0.16666662693,
    "bpm_histogram_second_peak_weight": 0.0980392172933,
    "danceability": 0.807631313801,
    "onset_rate": 0.770189106464,
    "beats_loudness_band_ratio": {
        "max": [0.0427930653095, 0.125293597579, 0.274834871292, 0.49791687727, 0.562558472157, 0.151691496372],
        "mean": [0.0137523133308, 0.0417124181986, 0.127002730966, 0.363342761993, 0.406973898411, 0.073262244463],
        "min": [0.000903314619791, 0.0100952563807, 0.0469277128577, 0.199481472373, 0.274302244186, 0.0403873249888],
        "stdev": [0.00991807691753, 0.0216078050435, 0.049886547029, 0.0627157390118, 0.0622209124267, 0.0220734197646]
    },
    "beats_position": [0.46439909935, 0.940408170223, 1.40480720997, 1.8575963974, 2.32199549675, 2.7863945961, 3.25079369545, 3.72680258751, 4.20281171799, 4.7020406723, 5.20126962662, 5.71210861206, 6.21133756638, 6.6989569664, 7.19818592072, 7.73224496841, 8.24308395386, 8.76553249359, 9.18349170685, 9.58984088898, 10.0078001022, 10.4257593155, 10.8437185287, 11.2732877731, 11.7028570175, 12.1208162308, 12.5503854752, 12.9799547195, 13.3746938705, 13.7346029282, 14.0945119858, 14.4660310745, 14.8375511169, 15.1974601746, 15.5573692322, 15.9288883209, 16.3004074097, 16.7299766541, 17.1595458984, 17.5891151428, 18.0302944183, 18.4714736938, 18.9126529694, 19.3538322449, 19.7834014893, 20.2245807648, 20.6657600403, 21.1069393158, 21.548116684, 21.9892959595, 22.430475235, 22.8832645416],
