{
"metadata": {
    "version": {
        "essentia": "2.1-beta5",
        "essentia_git_sha": "Undefined",
        "extractor": "music 2.0"
    },
    "audio_properties": {
        "analysis": {
            "equal_loudness": 0,
            "length": 12.7477550507,
            "sample_rate": 44100,
            "start_time": 0,
            "downmix": "mix"
        },
        "bit_rate": 192000,
        "length": 183.530517578,
        "lossless": 0,
        "number_channels": 2,
        "replay_gain": -5.5096244812,
        "sample_rate": 44100,
        "codec": "mp3",
        "md5_encoded": "d8a0279e560808dadb33d6e189c9d382"
    },
    "tags": {
        "file_name": "Finland_Katson Sineen Taivaan_Katri-Helena.mp3",
        "encoding": ["Lavf58.29.100"]
    }
},
"lowlevel": {
    "average_loudness": 0.752236247063,
    "barkbands_crest": {
        "max": 21.2123184204,
        "mean": 10.6239738464,
        "min": 2.79492497444,
        "stdev": 3.78401255608
    },
    "barkbands_flatness_db": {
        "max": 0.364466369152,
        "mean": 0.158512920141,
        "min": 0.0581064075232,
        "stdev": 0.0610594153404
    },
    "barkbands_kurtosis": {
        "max": 161.768600464,
        "mean": 12.2612428665,
        "min": -1.92513155937,
        "stdev": 21.0099582672
    },
    "barkbands_skewness": {
        "max": 9.02129459381,
        "mean": 2.34132170677,
        "min": -1.98430669308,
        "stdev": 1.95624160767
    },
    "barkbands_spread": {
        "max": 95.6906356812,
        "mean": 28.986907959,
        "min": 0.982012689114,
        "stdev": 24.7955760956
    },
    "dissonance": {
        "max": 0.499155879021,
        "mean": 0.471494793892,
        "min": 0.38268250227,
        "stdev": 0.0220306608826
    },
    "dynamic_complexity": 5.65906429291,
    "erbbands_crest": {
        "max": 25.9768009186,
        "mean": 9.49022102356,
        "min": 2.4299800396,
        "stdev": 4.7355594635
    },
    "erbbands_flatness_db": {
        "max": 0.262198328972,
        "mean": 0.135291427374,
        "min": 0.0753421410918,
        "stdev": 0.0369804985821
    },
    "erbbands_kurtosis": {
        "max": 18.7496604919,
        "mean": 1.08076632023,
        "min": -1.77413916588,
        "stdev": 3.27973508835
    },
    "erbbands_skewness": {
        "max": 4.10626649857,
        "mean": 0.153522029519,
        "min": -3.98693799973,
        "stdev": 1.35843896866
    },
    "erbbands_spread": {
        "max": 127.142524719,
        "mean": 54.0639419556,
        "min": 8.85893058777,
        "stdev": 22.7848510742
    },
    "hfc": {
        "max": 520.98626709,
        "mean": 12.9530344009,
        "min": 1.17826584302e-16,
        "stdev": 41.1944465637
    },
    "loudness_ebu128": {
        "integrated": -19.4645786285,
        "loudness_range": 9.28400039673,
        "momentary": {
            "max": -12.2206630707,
            "mean": -23.8222618103,
            "min": -39.9921722412,
            "stdev": 6.61329174042
        },
        "short_term": {
            "max": -16.8266887665,
            "mean": -20.9362564087,
            "min": -30.4793243408,
            "stdev": 3.70532131195
        }
    },
    "melbands_crest": {
        "max": 28.2207126617,
        "mean": 15.3241386414,
        "min": 1.75111424923,
        "stdev": 5.07316160202
    },
    "melbands_flatness_db": {
        "max": 0.463095605373,
        "mean": 0.216472908854,
        "min": 0.00452941609547,
        "stdev": 0.0835063606501
    },
    "melbands_kurtosis": {
        "max": 260.713684082,
        "mean": 34.7890510559,
        "min": -1.77620542049,
        "stdev": 41.5516738892
    },
    "melbands_skewness": {
        "max": 11.1497306824,
        "mean": 4.03159236908,
        "min": -0.683286547661,
        "stdev": 2.15907263756
    },
    "melbands_spread": {
        "max": 186.727874756,
        "mean": 26.0594673157,
        "min": 0.677484333515,
        "stdev": 28.5519199371
    },
    "pitch_salience": {
        "max": 0.869341790676,
        "mean": 0.546474277973,
        "min": 0.265064865351,
        "stdev": 0.0912697687745
    },
    "silence_rate_20dB": {
        "max": 1,
        "mean": 1,
        "min": 1,
        "stdev": 0
    },
    "silence_rate_30dB": {
        "max": 1,
        "mean": 0.978181838989,
        "min": 0,
        "stdev": 0.146089240909
    },
    "silence_rate_60dB": {
        "max": 1,
        "mean": 0.280000001192,
        "min": 0,
        "stdev": 0.448998570442
    },
    "spectral_centroid": {
        "max": 11473.9052734,
        "mean": 1553.5736084,
        "min": 166.773391724,
        "stdev": 1161.42358398
    },
    "spectral_complexity": {
        "max": 55,
        "mean": 9.845454216,
        "min": 0,
        "stdev": 9.63476753235
    },
    "spectral_decrease": {
        "max": 4.98529012405e-29,
        "mean": -4.65045557618e-09,
        "min": -9.73164588913e-08,
        "stdev": 8.35277180755e-09
    },
    "spectral_energy": {
        "max": 0.371717303991,
        "mean": 0.0187267679721,
        "min": 1.04990739354e-20,
        "stdev": 0.0334290117025
    },
    "spectral_energyband_high": {
        "max": 0.0709571912885,
        "mean": 0.00102813891135,
        "min": 7.76461193189e-21,
        "stdev": 0.00498225772753
    },
    "spectral_energyband_low": {
        "max": 0.327045172453,
        "mean": 0.0104260016233,
        "min": 6.9168207694e-23,
        "stdev": 0.0246213953942
    },
    "spectral_energyband_middle_high": {
        "max": 0.149943441153,
        "mean": 0.00188055064064,
        "min": 1.37484385026e-21,
        "stdev": 0.00767920911312
    },
    "spectral_energyband_middle_low": {
        "max": 0.110163927078,
        "mean": 0.0071517676115,
        "min": 2.43520604135e-22,
        "stdev": 0.0116796009243
    },
    "spectral_entropy": {
        "max": 9.81053161621,
        "mean": 7.66371440887,
        "min": 6.30206489563,
        "stdev": 0.49341866374
    },
    "spectral_flux": {
        "max": 0.369054317474,
        "mean": 0.0534802265465,
        "min": 6.73430616827e-11,
        "stdev": 0.0495386868715
    },
    "spectral_kurtosis": {
        "max": 13.1324005127,
        "mean": 3.21667027473,
        "min": -1.23217213154,
        "stdev": 1.87937796116
    },
    "spectral_rms": {
        "max": 0.019043399021,
        "mean": 0.0033837701194,
        "min": 3.20046853602e-12,
        "stdev": 0.00261153769679
    },
    "spectral_rolloff": {
        "max": 18820.0195312,
        "mean": 2053.05322266,
        "min": 107.666015625,
        "stdev": 2843.93774414
    },
    "spectral_skewness": {
        "max": 2.94126820564,
        "mean": 1.29163324833,
        "min": -0.374567657709,
        "stdev": 0.469845592976
    },
    "spectral_spread": {
        "max": 41361008,
        "mean": 5551563,
        "min": 2229557,
        "stdev": 2673879.5
    },
    "spectral_strongpeak": {
        "max": 9.07733535767,
        "mean": 0.49294257164,
        "min": 0,
        "stdev": 0.776873886585
    },
    "zerocrossingrate": {
        "max": 0.501953125,
        "mean": 0.0744451358914,
        "min": 0.00537109375,
        "stdev": 0.0656014159322
    },
    "barkbands": {
        "max": [0.0037836858537, 0.112027384341, 0.16934914887, 0.0711343511939, 0.0573612600565, 0.0294860415161, 0.0108380969614, 0.00466227903962, 0.00630472926423, 0.00476645026356, 0.00123095302843, 0.00151313235983, 0.00160522945225, 0.00318057672121, 0.00265259668231, 0.0190810486674, 0.0321087911725, 0.0813848972321, 0.016945194453, 0.0153945107013, 0.0464167781174, 0.0315346978605, 0.00716244941577, 0.00027693490847, 5.79221414228e-05, 1.46353759192e-05, 3.54527600166e-07],
        "mean": [0.000109262131446, 0.00412273732945, 0.00444840267301, 0.00224525714293, 0.0026416007895, 0.00114822923206, 0.000811313802842, 0.000164593540831, 0.000127555860672, 0.000125469843624, 5.15936517331e-05, 4.27248996857e-05, 3.91862195102e-05, 7.59072718211e-05, 0.000161043266417, 0.000200997543288, 0.000411502696807, 0.000411414017435, 0.000270624528639, 0.000209656223888, 0.000336590630468, 0.000461267889477, 6.6104461439e-05, 2.61599434452e-05, 1.07648993435e-05, 6.82143172526e-06, 1.31039112894e-09],
        "min": [2.21508481871e-23, 3.32014136959e-23, 1.54878465694e-23, 1.46493268702e-23, 3.4986489173e-23, 4.90033263021e-23, 5.07354471243e-23, 2.11306522437e-23, 2.56339862058e-23, 3.7430705268e-23, 5.18721136472e-23, 7.48854676383e-23, 1.55126859061e-22, 7.34724536739e-23, 4.90708149302e-23, 1.43395664363e-22, 1.31647240943e-22, 2.43769707476e-22, 1.82574144609e-22, 2.53348624568e-22, 2.81311787283e-22, 4.87953560617e-22, 7.30200602464e-22, 8.52813518019e-22, 1.29568098947e-21, 1.59497668493e-21, 2.42620656468e-21],
        "stdev": [0.00038646813482, 0.00948502216488, 0.0130522893742, 0.00595399411395, 0.00549736712128, 0.00275930808857, 0.00138472253457, 0.000432496686699, 0.000486065895529, 0.000301227846649, 0.000120957090985, 9.50220783125e-05, 0.00011833634926, 0.000228793767747, 0.000333957519615, 0.00104333669879, 0.00195251905825, 0.00369597505778, 0.0010218602838, 0.000932078866754, 0.00227638008073, 0.00270790164359, 0.000495991262142, 1.75007953658e-05, 3.70224597646e-06, 1.92478955796e-06, 1.51855630293e-08]
    },
    "erbbands": {
        "max": [2.97639727592, 31.3954429626, 156.099090576, 244.937850952, 113.159507751, 136.101135254, 604.141540527, 157.987548828, 192.430343628, 88.6515426636, 153.29359436, 116.48765564, 87.3773193359, 90.7798843384, 41.7622261047, 71.3022384644, 68.7067260742, 146.397399902, 132.337417603, 251.165344238, 1349.0057373, 2214.53759766, 5289.89990234, 1220.32739258, 489.081848145, 876.90032959, 1000.0380249, 2483.35717773, 1399.80627441, 705.642456055, 48.3011436462, 10.9699277878, 0.933075070381, 0.661270856857, 0.304992079735, 0.110047198832, 0.027566678822, 0.000791199505329, 0.000238080785493, 0.000404506688938],
        "mean": [0.0961284339428, 1.05462050438, 4.28954315186, 8.0772485733, 4.67937803268, 8.38822746277, 16.4623527527, 8.10914611816, 14.6382074356, 3.56561422348, 3.96296286583, 2.74174261093, 2.72642731667, 3.43573498726, 1.82441067696, 1.88238418102, 1.87873828411, 2.68829774857, 5.31552267075, 10.5474643707, 13.368598938, 25.6107311249, 23.0260314941, 17.2618484497, 11.9939155579, 10.5569057465, 12.6169471741, 14.2237377167, 19.2080364227, 7.9757733345, 0.806495308876, 0.830251455307, 0.226219058037, 0.123181417584, 0.0760892033577, 0.0410151593387, 0.0115408832207, 0.000316297868267, 2.07390330615e-05, 2.35013976635e-05],
        "min": [1.34229330361e-21, 4.81011544262e-21, 2.14000251703e-20, 2.92331896954e-20, 9.25196216015e-20, 7.48926224678e-20, 3.76691872951e-19, 3.8196372764e-19, 5.18633868867e-19, 4.96322016012e-19, 4.28672807373e-19, 6.69900232388e-19, 8.54012955757e-19, 1.58524583883e-18, 3.24772408389e-18, 3.33989826711e-18, 6.85514641638e-18, 4.89619247431e-18, 2.51751695647e-18, 4.30720844531e-18, 9.06682678305e-18, 8.29821138504e-18, 8.9461187978e-18, 1.2197634264e-17, 9.13010361837e-18, 1.25760007383e-17, 1.14364982331e-17, 1.52689682861e-17, 1.76843819969e-17, 1.68986298982e-17, 1.93429204841e-17, 1.86428411358e-17, 1.47486650634e-17, 1.29106358279e-17, 9.03549235426e-18, 5.59234271475e-18, 2.9617735364e-18, 1.3347221962e-18, 3.25659559596e-19, 3.0936842484e-20],
        "stdev": [0.245269939303, 2.47850728035, 13.5631036758, 20.180809021, 10.0749111176, 17.8618831635, 47.1886444092, 13.3176603317, 25.0108985901, 6.12020254135, 11.7463531494, 9.34928321838, 5.82136774063, 8.28213119507, 3.96041750908, 4.31240034103, 5.2173500061, 9.35871124268, 10.5503759384, 21.2110805511, 82.3728561401, 120.321563721, 233.447525024, 82.9849395752, 38.9956512451, 50.0137329102, 65.0585784912, 115.812271118, 115.097938538, 52.9811325073, 3.75216269493, 0.756940901279, 0.0990594923496, 0.0451873578131, 0.0261485632509, 0.0119883148, 0.00376571156085, 0.000106013590994, 2.39955897996e-05, 4.13421148551e-05]
    },
    "gfcc": {
        "mean": [-76.4970169067, 74.2142028809, -89.9755706787, 63.5866889954, -54.9013748169, 9.48967075348, -49.4894523621, 16.1306476593, -25.8683490753, 6.86389350891, -17.9268035889, 4.4062795639, -8.96392059326],
        "cov": [[16958.4824219, 2968.3190918, -1498.68286133, 828.01965332, -206.197738647, -833.727111816, -379.780456543, -166.922622681, -107.896011353, -92.7390899658, -74.2763519287, 39.0843315125, 143.211288452], [2968.3190918, 1154.94104004, 63.5330848694, 28.6548900604, 58.6656112671, -288.993865967, -79.525390625, -80.3580169678, 0.90424567461, -76.8404312134, 63.1700820923, -11.4444932938, 82.6529006958], [-1498.68286133, 63.5330848694, 1097.68847656, 147.809448242, 17.3295345306, 215.440185547, 7.83549356461, -48.3777809143, -7.94655323029, -52.3111305237, -3.78060245514, -16.3423175812, -32.6206283569], [828.01965332, 28.6548900604, 147.809448242, 446.70111084, 86.9877700806, 4.42708873749, 69.8937225342, -89.6823654175, 18.8948154449, -15.2775878906, -34.0076942444, 19.2862968445, -2.18313264847], [-206.197738647, 58.6656112671, 17.3295345306, 86.9877700806, 206.885345459, 0.936624825001, 35.8002052307, 12.1071872711, 21.9220466614, -6.84703493118, 30.0220508575, -13.2249116898, 19.9361038208], [-833.727111816, -288.993865967, 215.440185547, 4.42708873749, 0.936624825001, 252.57144165, 62.260848999, 54.8417434692, -10.8068389893, 20.4222755432, -23.7842330933, -14.6073598862, -43.7356872559], [-379.780456543, -79.525390625, 7.83549356461, 69.8937225342, 35.8002052307, 62.260848999, 168.968734741, -4.24491691589, 20.119354248, 6.36782646179, -1.39496326447, -1.37129473686, -4.95203304291], [-166.922622681, -80.3580169678, -48.3777809143, -89.6823654175, 12.1071872711, 54.8417434692, -4.24491691589, 126.205360413, 17.1845302582, 32.364276886, 12.1252670288, -12.0247278214, -15.2037601471], [-107.896011353, 0.90424567461, -7.94655323029, 18.8948154449, 21.9220466614, -10.8068389893, 20.119354248, 17.1845302582, 77.6104354858, 18.6834259033, 1.17626643181, 7.88313817978, 3.52680253983], [-92.7390899658, -76.8404312134, -52.3111305237, -15.2775878906, -6.84703493118, 20.4222755432, 6.36782646179, 32.364276886, 18.6834259033, 63.7443351746, 21.1670150757, 3.57726812363, -9.92059898376], [-74.2763519287, 63.1700820923, -3.78060245514, -34.0076942444, 30.0220508575, -23.7842330933, -1.39496326447, 12.1252670288, 1.17626643181, 21.1670150757, 56.5356559753, 13.274392128, 9.85702323914], [39.0843315125, -11.4444932938, -16.3423175812, 19.2862968445, -13.2249116898, -14.6073598862, -1.37129473686, -12.0247278214, 7.88313817978, 3.57726812363, 13.274392128, 44.4986152649, 16.0587863922], [143.211288452, 82.6529006958, -32.6206283569, -2.18313264847, 19.9361038208, -43.7356872559, -4.95203304291, -15.2037601471, 3.52680253983, -9.92059898376, 9.85702323914, 16.0587863922, 46.3967704773]],
        "icov": [[0.00114780932199, -0.00409118225798, 0.00274180108681, -0.00396278733388, 0.00277508073486, -0.00293342303485, 0.00246676965617, -0.00195630989037, 0.00178190099541, -0.00103638321161, 0.00212559965439, -0.00104762020055, 0.000705113343429], [-0.00409118225798, 0.0162982214242, -0.0100825168192, 0.0136473430321, -0.00929518975317, 0.0120595414191, -0.00857239309698, 0.00670444360003, -0.0068461545743, 0.00568595575169, -0.010395847261, 0.0063822590746, -0.00447310926393], [0.00274180108681, -0.0100825168192, 0.00828514527529, -0.0102655850351, 0.00747951027006, -0.00980031583458, 0.00693861348554, -0.00361936748959, 0.00276213837788, 0.000127512175823, 0.00192398100626, -0.000947292370256, 0.00167932978366], [-0.00396278733388, 0.0136473430321, -0.0102655850351, 0.0182804521173, -0.0131874745712, 0.0113712819293, -0.0101164355874, 0.00915987417102, -0.00501409592107, -0.000320712890243, -6.53034157949e-06, -0.00214366870932, 0.000925896980334], [0.00277508073486, -0.00929518975317, 0.00747951027006, -0.0131874745712, 0.0165374111384, -0.00926351547241, 0.00638363324106, -0.00642983149737, 0.000294904544717, 0.00427109794691, -0.0070497863926, 0.00741056259722, -0.00480892369524], [-0.00293342303485, 0.0120595414191, -0.00980031583458, 0.0113712819293, -0.00926351547241, 0.0192512366921, -0.0101600540802, 0.000766910961829, 0.000190163540537, -0.00199375720695, 0.00200547743589, -0.000518567510881, 0.00182290375233], [0.00246676965617, -0.00857239309698, 0.00693861348554, -0.0101164355874, 0.00638363324106, -0.0101600540802, 0.0135748516768, -0.00250342395157, 0.000394971633796, 0.000195235334104, 0.000141460404848, 0.000698660849594, 0.000107551786641], [-0.00195630989037, 0.00670444360003, -0.00361936748959, 0.00915987417102, -0.00642983149737, 0.000766910961829, -0.00250342395157, 0.0171022433788, -0.00661507435143, -0.00132169527933, -0.0051355548203, 0.0035142051056, 0.000898966623936], [0.00178190099541, -0.0068461545743, 0.00276213837788, -0.00501409592107, 0.000294904544717, 0.000190163540537, 0.000394971633796, -0.00661507435143, 0.021662261337, -0.0113983396441, 0.0141840530559, -0.0098718944937, 0.00264853099361], [-0.00103638321161, 0.00568595575169, 0.000127512175823, -0.000320712890243, 0.00427109794691, -0.00199375720695, 0.000195235334104, -0.00132169527933, -0.0113983396441, 0.0338539294899, -0.0253418833017, 0.0100276907906, -0.000964311766438], [0.00212559965439, -0.010395847261, 0.00192398100626, -6.53034157949e-06, -0.0070497863926, 0.00200547743589, 0.000141460404848, -0.0051355548203, 0.0141840530559, -0.0253418833017, 0.0516951456666, -0.0253886561841, 0.00787082873285], [-0.00104762020055, 0.0063822590746, -0.000947292370256, -0.00214366870932, 0.00741056259722, -0.000518567510881, 0.000698660849594, 0.0035142051056, -0.0098718944937, 0.0100276907906, -0.0253886561841, 0.0436982214451, -0.0181861370802], [0.000705113343429, -0.00447310926393, 0.00167932978366, 0.000925896980334, -0.00480892369524, 0.00182290375233, 0.000107551786641, 0.000898966623936, 0.00264853099361, -0.000964311766438, 0.00787082873285, -0.0181861370802, 0.0368752330542]]
    },
    "melbands": {
        "max": [0.026530187577, 0.0683958902955, 0.0370867885649, 0.00725320354104, 0.0194410663098, 0.00399682996795, 0.00253822398372, 0.00100729789119, 0.00153807667084, 0.00060662208125, 0.000509352597874, 0.00047120146337, 0.000191162820556, 7.24958226783e-05, 0.000382222031476, 0.000188633013749, 0.000273563695373, 0.000209890902624, 0.000282977503957, 0.000730297528207, 0.00176429771818, 0.00194920878857, 0.00377043732442, 0.00405864557251, 0.0010770164663, 0.000490406935569, 0.00035035298788, 0.000635769858491, 0.000529142504092, 0.000841605535243, 0.00171286589466, 0.000778957386501, 0.000811274221633, 0.000299923209241, 7.53404538045e-06, 8.34269212646e-06, 4.73538466395e-06, 5.65896129956e-07, 5.67348592995e-07, 5.4587599152e-07],
        "mean": [0.00103664107155, 0.0019845799543, 0.00121882196981, 0.000432562519563, 0.000574221310671, 0.000200250709895, 0.000192842911929, 3.16851801472e-05, 3.32676609105e-05, 1.49289007823e-05, 1.42617318488e-05, 1.54247445607e-05, 6.72066744301e-06, 4.22507264375e-06, 5.98819951847e-06, 3.15091460834e-06, 5.37441292181e-06, 7.35672847441e-06, 1.50484102051e-05, 1.34154261104e-05, 1.48899871419e-05, 2.89169092866e-05, 1.8690196157e-05, 2.00239792321e-05, 1.34122565214e-05, 9.83462359727e-06, 6.83022426529e-06, 6.99823567629e-06, 7.83063660492e-06, 6.85674285705e-06, 8.68880579219e-06, 1.12901298053e-05, 8.12065172795e-06, 3.13469695357e-06, 2.0644944243e-07, 3.60863367632e-07, 4.88239720653e-07, 1.41773710993e-07, 1.19548928978e-07, 9.69731388523e-08],
        "min": [1.18020225741e-23, 9.79299974123e-24, 6.79066140027e-24, 5.98319442174e-24, 1.08862584039e-23, 8.69882678872e-24, 9.61011022896e-24, 5.0759495549e-24, 3.29082063247e-24, 3.73783280594e-24, 3.98215288905e-24, 5.90571565907e-24, 8.46038411378e-24, 8.63906426426e-24, 1.10342778976e-23, 1.16252774995e-23, 8.64245242185e-24, 3.65896564808e-24, 4.26169561157e-24, 7.35426859603e-24, 1.16797152128e-23, 7.78047594363e-24, 6.5391713604e-24, 1.10468460296e-23, 9.47022468008e-24, 6.41217067111e-24, 5.27774490762e-24, 9.331973651e-24, 6.81437377022e-24, 8.40608287337e-24, 9.35143406067e-24, 1.13434040874e-23, 7.41689468558e-24, 9.89516748364e-24, 9.83226687051e-24, 1.36500057641e-23, 9.17560643122e-24, 9.66200386589e-24, 1.15377573263e-23, 1.01970361531e-23],
        "stdev": [0.00233064568602, 0.0054225018248, 0.00296543980949, 0.000820857181679, 0.00152645516209, 0.000345059088431, 0.00032799760811, 7.19644885976e-05, 0.000111439701868, 5.09244309796e-05, 3.24124339386e-05, 3.72376816813e-05, 1.62478463608e-05, 7.97785378381e-06, 2.01313177968e-05, 1.03870452222e-05, 1.91957424249e-05, 1.69900849869e-05, 3.21308798448e-05, 4.39080795331e-05, 0.000103461614344, 0.000119517710118, 0.000169716659002, 0.000183485317393, 6.28120251349e-05, 3.43507381331e-05, 2.37483036472e-05, 3.56990785804e-05, 3.78285258194e-05, 4.3801333959e-05, 7.91733764345e-05, 6.6601067374e-05, 5.3406234656e-05, 2.31389640248e-05, 4.56076662658e-07, 4.96520385695e-07, 3.38307074799e-07, 6.98977586922e-08, 4.98270260607e-08, 3.94408488091e-08]
    },
    "melbands128": {
        "max": [0.00374151277356, 0.0264515429735, 0.0424507670105, 0.0565572530031, 0.071452781558, 0.086971051991, 0.0569640956819, 0.0238437689841, 0.0101827736944, 0.00696875248104, 0.00910276267678, 0.025743432343, 0.0290217585862, 0.0101645644754, 0.00309890322387, 0.00159564311616, 0.00420066900551, 0.00324204470962, 0.000409392290749, 0.00139487290289, 0.00130438536871, 0.00180599757005, 0.0023491831962, 0.00261543598026, 0.000797849381343, 0.00025275349617, 9.88474203041e-05, 0.000290602270979, 0.00135091389529, 0.000797419168521, 0.000590212468524, 0.000270671589533, 0.000375335221179, 0.000143991768709, 0.000100169061625, 8.47178089316e-05, 0.000121868630231, 0.000687770836521, 0.000331646646373, 0.000112490619358, 0.000101716665085, 0.000493371509947, 0.000311040115776, 0.000783016148489, 0.000273207289865, 0.000213151724893, 0.000281090993667, 0.000371460366296, 0.000457569316495, 0.000270921125775, 0.000466271070763, 0.00167128653266, 0.00227650837041, 0.00254412810318, 0.00158562138677, 0.00180684309453, 0.00354052614421, 0.00181251310278, 0.00280631659552, 0.00950911268592, 0.00409228634089, 0.0015859521227, 0.00179360830225, 0.000725392834283, 0.00127384648658, 0.000630664930213, 0.000294242316158, 0.000325572182192, 0.000403192243539, 0.000674649025314, 0.000783893221524, 0.000757367408369, 0.000255195627687, 0.000874995952472, 0.000798206892796, 0.000447197875474, 0.00103048013989, 0.00185607257299, 0.00178172625601, 0.00191343133338, 0.000652348389849, 0.00126867357176, 0.00206916453317, 0.000574162811972, 0.000264867616352, 0.000641284801532, 0.000186824196135, 4.24929157816e-06, 6.55627627566e-06, 7.63727075537e-06, 2.94568076242e-06, 1.24924335978e-05, 1.32073155328e-05, 4.75688148072e-06, 1.56507337579e-06, 8.34036711694e-07, 5.96065945047e-07, 4.20099155463e-07, 5.76508000449e-07, 7.04043770838e-07, 6.60153659737e-07, 3.26136841977e-07, 6.92318337769e-07, 6.84984740928e-07, 4.08261399798e-07, 2.17017785076e-07, 5.56262875762e-07, 2.21443769988e-07, 2.08165602089e-07, 2.03780771812e-07, 2.3556663109e-07, 1.59454245363e-07, 1.39199244131e-07, 3.50181785791e-08, 1.3659636755e-09, 1.49395185112e-09, 1.54247092876e-09, 1.55797674761e-09, 1.56535739926e-09, 1.55949342329e-09, 1.5519612262e-09, 1.53501711342e-09, 1.51285861616e-09, 1.50630352636e-09, 1.48251677601e-09, 1.47944612117e-09, 1.47972722964e-09, 1.47150391872e-09],
        "mean": [8.98875514395e-05, 0.000578564824536, 0.00155642849859, 0.0016963982489, 0.00198952760547, 0.00226054782979, 0.00190915784333, 0.000751301005948, 0.000378588127205, 0.000407708314015, 0.000400477205403, 0.000757394300308, 0.000655263662338, 0.000315604615025, 0.000155004134285, 0.000100401666714, 0.000321802013787, 0.000221713678911, 2.62635130639e-05, 2.53652306128e-05, 3.88936823583e-05, 3.73054026568e-05, 2.86209615297e-05, 3.78281329176e-05, 1.80856186489e-05, 6.02701857133e-06, 4.75343222206e-06, 1.07022933662e-05, 3.06699475914e-05, 1.62701708177e-05, 1.20167087516e-05, 8.15260773379e-06, 7.62331956139e-06, 4.18404943048e-06, 4.13896532336e-06, 4.08317191614e-06, 4.41400334239e-06, 7.858432582e-06, 5.68195446249e-06, 3.14158592118e-06, 2.10228176911e-06, 3.75903709937e-06, 4.14167288909e-06, 6.10768529441e-06, 1.06416391645e-05, 5.51258290216e-06, 5.60084754397e-06, 1.77389156306e-05, 1.99096321012e-05, 9.04772241483e-06, 1.53572473209e-05, 1.24948674056e-05, 1.41821547004e-05, 1.7528915123e-05, 1.4983105757e-05, 4.30427462561e-05, 2.65032813331e-05, 1.25765927805e-05, 1.61666230269e-05, 2.8394659239e-05, 1.9817991415e-05, 1.41746613735e-05, 1.80325059773e-05, 9.3480484793e-06, 1.39419089464e-05, 9.01619750948e-06, 9.04800799617e-06, 7.50678782424e-06, 6.12177836956e-06, 5.82764050705e-06, 7.62096442486e-06, 7.81639846537e-06, 4.88112573294e-06, 9.94705351332e-06, 8.41977271193e-06, 5.71893860979e-06, 6.22534071226e-06, 8.65486890689e-06, 8.88696013135e-06, 9.15248165256e-06, 1.00267679954e-05, 1.10676764962e-05, 1.61682455655e-05, 5.88846114624e-06, 3.959256901e-06, 5.74720115765e-06, 1.77012623226e-06, 2.08946516977e-07, 1.68309952642e-07, 1.78112287585e-07, 1.78342844492e-07, 2.46306939289e-07, 9.53759126787e-07, 6.11330676747e-07, 1.53919714307e-07, 1.51195635567e-07, 1.38780947623e-07, 1.29901295054e-07, 1.25773794935e-07, 1.09602751763e-07, 1.03383747785e-07, 9.24743233099e-08, 9.37582029792e-08, 8.87722109155e-08, 8.86585809212e-08, 8.01506629955e-08, 7.96772852141e-08, 7.59433618214e-08, 7.07023062319e-08, 6.8392417063e-08, 6.22117397597e-08, 5.82901833468e-08, 4.39041940581e-08, 5.52604584314e-09, 7.9343944609e-12, 6.00805950129e-12, 5.9791858964e-12, 5.92027425347e-12, 5.85988766191e-12, 5.77752949649e-12, 5.69972888331e-12, 5.61894281104e-12, 5.52157842018e-12, 5.45996451176e-12, 5.38650330936e-12, 5.35553806164e-12, 5.34617272327e-12, 5.3036290637e-12],
        "min": [1.34556619915e-23, 1.31268158568e-23, 6.89028506627e-24, 7.06534355633e-24, 1.32424250002e-23, 5.22360183382e-24, 4.93513157243e-24, 8.02135777648e-24, 8.36296610288e-24, 6.40340839861e-24, 1.70739437161e-24, 7.06318286631e-24, 1.59215906941e-23, 6.04246469699e-24, 7.56061883162e-24, 4.05796557748e-24, 6.40956624683e-24, 6.37791754175e-24, 3.39498557349e-24, 6.36702850024e-24, 5.18742822258e-24, 3.81928861086e-24, 3.03534566174e-24, 1.82199574519e-24, 5.66197617759e-24, 2.53850291983e-24, 1.25149291904e-24, 1.77878431138e-24, 3.82662541171e-24, 1.27279334677e-24, 1.84953961255e-24, 6.55324108907e-24, 2.07028537637e-24, 1.55065441506e-23, 9.11783656941e-24, 3.65995409079e-24, 8.97501330252e-24, 7.23050026431e-24, 1.46759698585e-23, 1.08712219262e-23, 7.58483370597e-24, 1.08697412343e-23, 6.60399206098e-24, 4.46687714973e-24, 5.19662515745e-24, 2.72535349991e-24, 3.84099135765e-24, 2.94276376261e-24, 4.99256577393e-24, 6.64200371813e-24, 5.98817489506e-24, 4.95379957132e-24, 9.50233526323e-24, 1.33958489799e-23, 8.45354705632e-24, 4.26175793158e-24, 7.86660141068e-24, 6.78382118736e-24, 5.20837445177e-24, 4.0840697737e-24, 1.30544418131e-23, 1.14785020394e-23, 1.33426734441e-23, 7.82975845096e-24, 3.93971729994e-24, 2.44535185756e-24, 9.31959484567e-24, 5.47212812328e-24, 3.30268273391e-24, 5.20591833334e-24, 1.24625279215e-23, 6.98700414641e-24, 9.57055989862e-24, 5.59920296549e-24, 4.35417969195e-24, 7.83895735797e-24, 1.21748729478e-23, 5.66766347029e-24, 4.88929638726e-24, 1.01657175863e-23, 1.44606912951e-23, 5.72909719657e-24, 4.07622810187e-24, 7.36354638914e-24, 7.35705564161e-24, 6.77770751535e-24, 1.12359746427e-23, 1.06350385489e-23, 7.05351537592e-24, 1.17292115014e-23, 1.45895438354e-23, 1.52943263676e-23, 9.53701122204e-24, 6.75160647458e-24, 1.00656521582e-23, 1.10097948106e-23, 8.96860538539e-24, 7.64776745126e-24, 1.28177874858e-23, 9.15278231865e-24, 1.09483038919e-23, 7.79789004811e-24, 6.43041623499e-24, 9.21392771628e-24, 1.22284792018e-23, 8.38817809741e-24, 9.12059127169e-24, 8.97511427672e-24, 7.07701159798e-24, 1.14643624966e-23, 9.8122542582e-24, 5.87485936476e-24, 6.06865014588e-24, 8.74004634874e-24, 8.01819681083e-24, 1.25970720932e-23, 1.0800370384e-23, 1.0411477735e-23, 7.13878414002e-24, 9.47753899839e-24, 9.48663062033e-24, 8.52303465802e-24, 1.11510545551e-23, 6.81004055727e-24, 8.12611377153e-24, 7.52445429228e-24, 7.93711610927e-24, 7.55725118442e-24],
        "stdev": [0.000367255299352, 0.00199979543686, 0.00321104493923, 0.00429880479351, 0.00725056324154, 0.00601465115324, 0.00489110546187, 0.00204421207309, 0.00085199176101, 0.000868670700584, 0.00101569190156, 0.00210212310776, 0.00219921721146, 0.000910524919163, 0.000300219195196, 0.000186146178748, 0.000578389735892, 0.000399031792767, 4.30317231803e-05, 8.09527045931e-05, 0.000109028245788, 0.000128738029161, 0.000145558908116, 0.000181178329512, 6.96755669196e-05, 2.14686078834e-05, 1.00912056951e-05, 2.46544695983e-05, 8.27683470561e-05, 4.91539140057e-05, 4.48228202004e-05, 2.16431526496e-05, 2.6147621611e-05, 1.06143015728e-05, 1.04781565824e-05, 8.8037986643e-06, 1.0587147699e-05, 3.40410551871e-05, 2.09903846553e-05, 9.93671437755e-06, 6.64904882797e-06, 2.22041580855e-05, 1.74915712705e-05, 3.65632440662e-05, 2.68589355983e-05, 1.62443902809e-05, 1.72517993633e-05, 4.31377229688e-05, 4.81138558825e-05, 2.22979815589e-05, 4.44462748419e-05, 9.17327852221e-05, 0.000117768919154, 0.000126755941892, 8.57295381138e-05, 0.000132578075863, 0.000170767394593, 8.81709638634e-05, 0.000135296970257, 0.000408329593483, 0.000183175492566, 8.518260438e-05, 0.000103392871097, 4.05876089644e-05, 6.24939493719e-05, 3.91496505472e-05, 2.57040956058e-05, 2.22685812332e-05, 2.42071237153e-05, 3.38453100994e-05, 4.01187608077e-05, 4.38238021161e-05, 1.7624179236e-05, 5.50031145394e-05, 5.12090919074e-05, 2.95447953249e-05, 4.83408148284e-05, 8.39903805172e-05, 8.37606203277e-05, 8.8562926976e-05, 5.70118463656e-05, 7.36251531634e-05, 0.000125326652778, 3.56465716322e-05, 2.35219649767e-05, 4.68851394544e-05, 1.38083960337e-05, 3.81746957601e-07, 3.02825043264e-07, 3.67586636685e-07, 2.31695935327e-07, 7.48118907268e-07, 7.86129135122e-07, 3.70786267467e-07, 1.16247306892e-07, 1.03201308832e-07, 8.35456646087e-08, 6.88189132347e-08, 7.36461629458e-08, 6.40941237862e-08, 5.69226124014e-08, 4.76161758911e-08, 5.3637798203e-08, 5.21162633049e-08, 4.97160179691e-08, 3.63135619352e-08, 3.95107733198e-08, 3.52385285396e-08, 3.10539434167e-08, 3.21873514508e-08, 2.7147894599e-08, 2.66964903517e-08, 2.06259826996e-08, 4.98093211121e-09, 5.87617385306e-11, 6.41427813641e-11, 6.61597027163e-11, 6.67873395477e-11, 6.70741656661e-11, 6.68032157369e-11, 6.64657287541e-11, 6.57309623397e-11, 6.47779607732e-11, 6.44883868528e-11, 6.34710270453e-11, 6.33321659005e-11, 6.33379251824e-11, 6.29867824564e-11]
    },
    "mfcc": {
        "mean": [-718.515319824, 96.6290130615, 22.5940189362, 50.1884880066, 18.3268947601, 2.48033547401, -2.98554229736, 1.80406689644, -0.280860453844, 1.41566121578, -7.05051088333, 0.604153156281, -0.66718941927],
        "cov": [[8603.37890625, 1829.50061035, -1181.97851562, 1036.04223633, -168.146438599, -189.827072144, -247.580230713, -158.162582397, -39.9613075256, -247.886611938, -63.8211021423, -122.650360107, 65.6105575562], [1829.50061035, 1030.27575684, 50.1316146851, 122.391838074, 70.7325668335, -153.688949585, -48.5291633606, -62.3686599731, -70.7786865234, -41.4357795715, -77.1745376587, -39.47681427, 17.188293457], [-1181.97851562, 50.1316146851, 944.045837402, 26.6984367371, 135.870956421, 175.531967163, 50.0789527893, 66.3807220459, -5.60299396515, -7.98243522644, 13.9001789093, 12.4233627319, -63.4851226807], [1036.04223633, 122.391838074, 26.6984367371, 454.254516602, 52.3062057495, 107.170852661, -19.1515789032, 4.52888584137, 14.5591230392, -90.1412124634, 31.9024219513, -12.978978157, -12.9401855469], [-168.146438599, 70.7325668335, 135.870956421, 52.3062057495, 202.456710815, 15.8134431839, 22.9357242584, 16.7518100739, -2.68004226685, 26.1655807495, -22.5747680664, 15.6301784515, 3.34247970581], [-189.827072144, -153.688949585, 175.531967163, 107.170852661, 15.8134431839, 194.600296021, 52.0598258972, 46.5026664734, 33.3062515259, -14.478395462, 46.5971870422, -6.32961082458, -29.0251026154], [-247.580230713, -48.5291633606, 50.0789527893, -19.1515789032, 22.9357242584, 52.0598258972, 121.856056213, 36.3990974426, 6.35161876678, 38.8179016113, 17.1382770538, 8.37386035919, -8.42852592468], [-158.162582397, -62.3686599731, 66.3807220459, 4.52888584137, 16.7518100739, 46.5026664734, 36.3990974426, 72.5084991455, 33.9602241516, 13.2125740051, 16.3169956207, 10.0171928406, -2.57874560356], [-39.9613075256, -70.7786865234, -5.60299396515, 14.5591230392, -2.68004226685, 33.3062515259, 6.35161876678, 33.9602241516, 66.8248748779, 25.671459198, 21.8680324554, 6.44959449768, 0.663203954697], [-247.886611938, -41.4357795715, -7.98243522644, -90.1412124634, 26.1655807495, -14.478395462, 38.8179016113, 13.2125740051, 25.671459198, 93.7826538086, 15.5792121887, 16.8559131622, 13.0881023407], [-63.8211021423, -77.1745376587, 13.9001789093, 31.9024219513, -22.5747680664, 46.5971870422, 17.1382770538, 16.3169956207, 21.8680324554, 15.5792121887, 65.1743392944, 18.7180862427, -3.0215344429], [-122.650360107, -39.47681427, 12.4233627319, -12.978978157, 15.6301784515, -6.32961082458, 8.37386035919, 10.0171928406, 6.44959449768, 16.8559131622, 18.7180862427, 49.9605102539, 19.6970348358], [65.6105575562, 17.188293457, -63.4851226807, -12.9401855469, 3.34247970581, -29.0251026154, -8.42852592468, -2.57874560356, 0.663203954697, 13.0881023407, -3.0215344429, 19.6970348358, 52.0642929077]],
        "icov": [[0.000640363432467, -0.00121025566477, 0.000955301511567, -0.0012583193602, 0.000886510242708, -0.000890060968231, 0.000782764807809, -0.000498806824908, 0.000200537077035, -0.000745881930925, 0.000777594745159, -0.000615535653196, 0.000456533947727], [-0.00121025566477, 0.00380612025037, -0.00226926291361, 0.00151939631905, -0.00186548021156, 0.00361517746933, -0.00190687633585, 0.001225983724, 8.82955500856e-05, 0.00136053026654, -0.00119877385441, 0.00275523937307, -0.00168868619949], [0.000955301511567, -0.00226926291361, 0.00323501951061, -0.00124812999275, 0.000441610784037, -0.00357729755342, 0.00199469504878, -0.00193113891874, 0.0015031992225, -0.00121230434161, 0.00147374882363, -0.00252026272938, 0.00270897569135], [-0.0012583193602, 0.00151939631905, -0.00124812999275, 0.00711587769911, -0.00420128088444, -0.000495978223626, -0.00159850600176, 0.00227744854055, -0.00288865645416, 0.0070536066778, -0.00524112582207, 0.00191579957027, -0.00158729299437], [0.000886510242708, -0.00186548021156, 0.000441610784037, -0.00420128088444, 0.00950947869569, -0.00212342035957, 0.00148020905908, -0.00236311112531, 0.00258664647117, -0.00707137165591, 0.00796320661902, -0.00501015316695, 0.00142355461139], [-0.000890060968231, 0.00361517746933, -0.00357729755342, -0.000495978223626, -0.00212342035957, 0.015505162999, -0.00610864255577, -0.000214008716284, -0.00421471847221, 0.00531764188781, -0.00775275472552, 0.00728059047833, -0.00126383581664], [0.000782764807809, -0.00190687633585, 0.00199469504878, -0.00159850600176, 0.00148020905908, -0.00610864255577, 0.0151980258524, -0.00750993238762, 0.00743130827323, -0.00913604814559, 0.00235839257948, -0.0030116585549, 0.00374417426065], [-0.000498806824908, 0.001225983724, -0.00193113891874, 0.00227744854055, -0.00236311112531, -0.000214008716284, -0.00750993238762, 0.0254927705973, -0.0135302888229, 0.00587441725656, -0.00150143669453, -0.00101410236675, -0.00249342271127], [0.000200537077035, 8.82955500856e-05, 0.0015031992225, -0.00288865645416, 0.00258664647117, -0.00421471847221, 0.00743130827323, -0.0135302888229, 0.029173232615, -0.0127995694056, 0.000333626579959, -0.000807612319477, 0.00202117953449], [-0.000745881930925, 0.00136053026654, -0.00121230434161, 0.0070536066778, -0.00707137165591, 0.00531764188781, -0.00913604814559, 0.00587441725656, -0.0127995694056, 0.0272294450551, -0.0111048268154, 0.00346779171377, -0.00564228184521], [0.000777594745159, -0.00119877385441, 0.00147374882363, -0.00524112582207, 0.00796320661902, -0.00775275472552, 0.00235839257948, -0.00150143669453, 0.000333626579959, -0.0111048268154, 0.0320716947317, -0.0148786427453, 0.00566187920049], [-0.000615535653196, 0.00275523937307, -0.00252026272938, 0.00191579957027, -0.00501015316695, 0.00728059047833, -0.0030116585549, -0.00101410236675, -0.000807612319477, 0.00346779171377, -0.0148786427453, 0.0349704921246, -0.013843189925], [0.000456533947727, -0.00168868619949, 0.00270897569135, -0.00158729299437, 0.00142355461139, -0.00126383581664, 0.00374417426065, -0.00249342271127, 0.00202117953449, -0.00564228184521, 0.00566187920049, -0.013843189925, 0.0287429708987]]
    },
    "spectral_contrast_coeffs": {
        "max": [-0.424879968166, -0.552406847477, -0.65136629343, -0.635735154152, -0.682912170887, -0.361448287964],
        "mean": [-0.730995714664, -0.757797896862, -0.82444357872, -0.819063663483, -0.81804895401, -0.777856469154],
        "min": [-0.963840544224, -0.964268267155, -0.97051858902, -0.968856215477, -0.960886955261, -0.962422430515],
        "stdev": [0.0765009000897, 0.0791508257389, 0.0521651990712, 0.0490889698267, 0.0429727658629, 0.075328476727]
    },
    "spectral_contrast_valleys": {
        "max": [-4.51201343536, -5.58796215057, -6.45838308334, -5.86005306244, -4.81373977661, -9.97046756744],
        "mean": [-7.13129281998, -7.79443264008, -8.67780303955, -8.60039234161, -7.99565696716, -10.625254631],
        "min": [-27.2510700226, -27.1558380127, -27.1246395111, -27.3743400574, -27.3329086304, -27.4132232666],
        "stdev": [1.90216481686, 1.64020550251, 1.53585255146, 1.56353139877, 1.61094605923, 1.21231710911]
    }
},
"rhythm": {
    "beats_count": 25,
    "beats_loudness": {
        "max": 0.193273484707,
        "mean": 0.031107917428,
        "min": 0.000180059898412,
        "stdev": 0.0497231557965
    },
    "bpm": 122.33846283,
    "bpm_histogram_first_peak_bpm": 123,
    "bpm_histogram_first_peak_weight": 0.350000023842,
    "bpm_histogram_second_peak_bpm": 112,
    "bpm_histogram_second_peak_spread": 0.333333313465,
    "bpm_histogram_second_peak_weight": 0.0833333358169,
    "danceability": 0.946967244148,
    "onset_rate": 3.60519504547,
    "beats_loudness_band_ratio": {
        "max": [0.847701966763, 0.690750718117, 0.446902662516, 0.146472856402, 0.384363412857, 0.598085463047],
        "mean": [0.358047306538, 0.251338839531, 0.155808568001, 0.0416434444487, 0.133237138391, 0.0982737988234],
        "min": [0.0582296960056, 0.0378711819649, 0.00971917901188, 0.00234932103194, 0.001756623853, 0.00196317466907],
        "stdev": [0.230882287025, 0.166326999664, 0.119901709259, 0.0365015417337, 0.101607449353, 0.135649338365]
    },
    "beats_position": [0.522448956966, 1.06811785698, 1.60217678547, 2.13623571396, 2.6470746994, 3.14630389214, 3.63392281532, 4.13315200806, 4.62077093124, 5.10838985443, 5.60761880875, 6.08362817764, 6.57124710083, 7.05886602402, 7.5464849472, 8.03410434723, 8.52172279358, 9.0093421936, 9.49696159363, 9.98458003998, 10.47219944, 10.9714279175, 11.4706573486, 11.9698867798, 12.4575052261],
