{
"metadata": {
    "version": {
        "essentia": "2.1-beta5",
        "essentia_git_sha": "Undefined",
        "extractor": "music 2.0"
    },
    "audio_properties": {
        "analysis": {
            "equal_loudness": 0,
            "length": 48.7502937317,
            "sample_rate": 44100,
            "start_time": 45.2440834045,
            "downmix": "mix"
        },
        "bit_rate": 192000,
        "length": 183.530517578,
        "lossless": 0,
        "number_channels": 2,
        "replay_gain": -14.2404651642,
        "sample_rate": 44100,
        "codec": "mp3",
        "md5_encoded": "d8a0279e560808dadb33d6e189c9d382"
    },
    "tags": {
        "file_name": "Finland_Katson Sineen Taivaan_Katri-Helena.mp3",
        "encoding": ["Lavf58.29.100"]
    }
},
"lowlevel": {
    "average_loudness": 0.909196734428,
    "barkbands_crest": {
        "max": 25.6687660217,
        "mean": 9.25033950806,
        "min": 2.25572371483,
        "stdev": 4.00805568695
    },
    "barkbands_flatness_db": {
        "max": 0.339896738529,
        "mean": 0.168689280748,
        "min": 0.0663433149457,
        "stdev": 0.0427053868771
    },
    "barkbands_kurtosis": {
        "max": 234.980987549,
        "mean": 5.21948337555,
        "min": -1.9657599926,
        "stdev": 15.9458398819
    },
    "barkbands_skewness": {
        "max": 13.6264657974,
        "mean": 0.900824606419,
        "min": -3.82869553566,
        "stdev": 1.86718380451
    },
    "barkbands_spread": {
        "max": 90.7133865356,
        "mean": 25.3152637482,
        "min": 0.911618173122,
        "stdev": 13.5780534744
    },
    "dissonance": {
        "max": 0.499998450279,
        "mean": 0.47157111764,
        "min": 0.320979475975,
        "stdev": 0.0251688566059
    },
    "dynamic_complexity": 4.07737016678,
    "erbbands_crest": {
        "max": 31.2938842773,
        "mean": 10.476483345,
        "min": 3.27673006058,
        "stdev": 4.53734302521
    },
    "erbbands_flatness_db": {
        "max": 0.34036308527,
        "mean": 0.20930300653,
        "min": 0.079713344574,
        "stdev": 0.0504032000899
    },
    "erbbands_kurtosis": {
        "max": 47.4285964966,
        "mean": 1.54456675053,
        "min": -1.82141494751,
        "stdev": 4.2659869194
    },
    "erbbands_skewness": {
        "max": 6.57960176468,
        "mean": -0.184730097651,
        "min": -5.00279664993,
        "stdev": 1.20237648487
    },
    "erbbands_spread": {
        "max": 106.075302124,
        "mean": 32.4136924744,
        "min": 2.94460248947,
        "stdev": 18.8324108124
    },
    "hfc": {
        "max": 115.888671875,
        "mean": 20.5130577087,
        "min": 0.105775117874,
        "stdev": 19.0660629272
    },
    "loudness_ebu128": {
        "integrated": -10.9032077789,
        "loudness_range": 6.96275615692,
        "momentary": {
            "max": -6.40272331238,
            "mean": -12.392455101,
            "min": -25.6882534027,
            "stdev": 3.96097564697
        },
        "short_term": {
            "max": -8.78915882111,
            "mean": -11.5992994308,
            "min": -19.5105113983,
            "stdev": 2.67140865326
        }
    },
    "melbands_crest": {
        "max": 32.7889251709,
        "mean": 12.8303003311,
        "min": 3.53946113586,
        "stdev": 5.04891633987
    },
    "melbands_flatness_db": {
        "max": 0.445889383554,
        "mean": 0.202828407288,
        "min": 0.0759989395738,
        "stdev": 0.0639982447028
    },
    "melbands_kurtosis": {
        "max": 436.994354248,
        "mean": 13.8557748795,
        "min": -1.81469988823,
        "stdev": 31.7270793915
    },
    "melbands_skewness": {
        "max": 13.9578580856,
        "mean": 2.01061820984,
        "min": -1.98631489277,
        "stdev": 2.19103217125
    },
    "melbands_spread": {
        "max": 147.808319092,
        "mean": 40.2102355957,
        "min": 0.649295032024,
        "stdev": 27.2230587006
    },
    "pitch_salience": {
        "max": 0.792552947998,
        "mean": 0.530223190784,
        "min": 0.0832965970039,
        "stdev": 0.0994946956635
    },
    "silence_rate_20dB": {
        "max": 1,
        "mean": 1,
        "min": 1,
        "stdev": 0
    },
    "silence_rate_30dB": {
        "max": 1,
        "mean": 1,
        "min": 1,
        "stdev": 0
    },
    "silence_rate_60dB": {
        "max": 1,
        "mean": 0.133745834231,
        "min": 0,
        "stdev": 0.340379655361
    },
    "spectral_centroid": {
        "max": 4790.8125,
        "mean": 1999.95837402,
        "min": 175.655593872,
        "stdev": 854.342956543
    },
    "spectral_complexity": {
        "max": 43,
        "mean": 15.8881483078,
        "min": 0,
        "stdev": 9.7026424408
    },
    "spectral_decrease": {
        "max": -2.21270293754e-11,
        "mean": -3.61445362529e-09,
        "min": -1.48292924607e-08,
        "stdev": 2.58395371766e-09
    },
    "spectral_energy": {
        "max": 0.0604227110744,
        "mean": 0.0155023755506,
        "min": 9.3965078122e-05,
        "stdev": 0.0111390808597
    },
    "spectral_energyband_high": {
        "max": 0.0137605508789,
        "mean": 0.000948653381784,
        "min": 5.90423178437e-06,
        "stdev": 0.00133609108161
    },
    "spectral_energyband_low": {
        "max": 0.0490444935858,
        "mean": 0.00319367204793,
        "min": 6.38296569377e-06,
        "stdev": 0.00361877121031
    },
    "spectral_energyband_middle_high": {
        "max": 0.0540486499667,
        "mean": 0.00798287987709,
        "min": 4.10554639529e-06,
        "stdev": 0.00867573637515
    },
    "spectral_energyband_middle_low": {
        "max": 0.0510538183153,
        "mean": 0.00394189916551,
        "min": 3.10104987875e-05,
        "stdev": 0.00502311857417
    },
    "spectral_entropy": {
        "max": 8.26783847809,
        "mean": 7.31939792633,
        "min": 5.76120376587,
        "stdev": 0.324383169413
    },
    "spectral_flux": {
        "max": 0.235384434462,
        "mean": 0.0654688477516,
        "min": 0.0050934148021,
        "stdev": 0.0399992316961
    },
    "spectral_kurtosis": {
        "max": 21.4450302124,
        "mean": 4.38790225983,
        "min": -0.541707277298,
        "stdev": 2.60861253738
    },
    "spectral_rms": {
        "max": 0.00767782423645,
        "mean": 0.00358246918768,
        "min": 0.000302775908494,
        "stdev": 0.0015133372508
    },
    "spectral_rolloff": {
        "max": 6223.09570312,
        "mean": 2131.54467773,
        "min": 107.666015625,
        "stdev": 1342.24914551
    },
    "spectral_skewness": {
        "max": 3.29176902771,
        "mean": 0.995200872421,
        "min": -0.950774908066,
        "stdev": 0.511943519115
    },
    "spectral_spread": {
        "max": 7788398,
        "mean": 3206647.75,
        "min": 1515482,
        "stdev": 1028249.25
    },
    "spectral_strongpeak": {
        "max": 20.9775867462,
        "mean": 1.72953307629,
        "min": 0,
        "stdev": 2.37379646301
    },
    "zerocrossingrate": {
        "max": 0.232421875,
        "mean": 0.0713311284781,
        "min": 0.005859375,
        "stdev": 0.0330490730703
    },
    "barkbands": {
        "max": [0.000771487713791, 0.0307378955185, 0.0180541053414, 0.0232395939529, 0.0291376244277, 0.0300644636154, 0.0397386699915, 0.0226139463484, 0.0423303022981, 0.0240355916321, 0.045559708029, 0.0241452567279, 0.0243058856577, 0.0256448984146, 0.0105311572552, 0.014665777795, 0.0151917114854, 0.00970694050193, 0.00867309328169, 0.0189366191626, 0.00768182286993, 0.00446983193979, 0.00121709017549, 4.51341547887e-05, 3.92344600186e-06, 2.00079216484e-06, 7.97694724497e-07],
        "mean": [3.86543579225e-05, 0.00139060500078, 0.00129928789102, 0.000822109810542, 0.000948353088461, 0.000977440504357, 0.000328924797941, 0.000212906379602, 0.000550073222257, 0.000807565345895, 0.000826388364658, 0.00103174720425, 0.000999573851004, 0.00114384002518, 0.00044461840298, 0.000544193026144, 0.000688476720825, 0.000532614300027, 0.000521230860613, 0.00105731526855, 0.000210564612644, 0.000111911918793, 9.40573409025e-06, 2.7341952773e-06, 1.15893215025e-06, 6.95255948813e-07, 1.34659461359e-09],
        "min": [1.85421157539e-07, 5.4418774198e-07, 1.57172806325e-07, 2.08165204185e-07, 1.64521065926e-06, 2.19210437535e-06, 1.86331746477e-07, 1.29715644448e-07, 1.63810540244e-07, 8.51660502121e-08, 7.31229405915e-08, 8.55971649116e-08, 5.13592262052e-08, 1.34245965455e-07, 1.93143677052e-07, 2.46777091206e-07, 2.92659507295e-07, 1.63983415291e-07, 3.70182050347e-07, 3.86253645956e-07, 6.17982891526e-07, 5.78061360557e-07, 4.58449704865e-07, 5.59587022053e-07, 6.1749396707e-08, 5.16367819614e-08, 6.93724027875e-12],
        "stdev": [6.98053190717e-05, 0.00177647720557, 0.00195633829571, 0.00156192760915, 0.00157264759764, 0.00238450546749, 0.00158383755479, 0.00101301586255, 0.00195458112285, 0.0021219975315, 0.00309641542844, 0.00234809168614, 0.00210969615728, 0.00245733605698, 0.00101918191649, 0.00132784235757, 0.00134905276354, 0.000888984592166, 0.0007678635302, 0.00176531495526, 0.000443045573775, 0.000290663185297, 3.71109636035e-05, 1.66044060279e-06, 4.76181270415e-07, 3.08724821707e-07, 2.28184191542e-08]
    },
    "erbbands": {
        "max": [0.626426994801, 8.21341133118, 24.7299957275, 53.8152008057, 75.7209777832, 102.874572754, 205.471557617, 264.229370117, 280.289550781, 807.205871582, 603.953369141, 913.994934082, 498.143859863, 1144.22412109, 2074.49291992, 1169.46899414, 651.403686523, 1478.43518066, 744.302734375, 869.755737305, 1016.22857666, 1029.46362305, 542.743103027, 328.699707031, 371.038421631, 1198.45056152, 690.43371582, 246.309997559, 172.048721313, 121.874565125, 8.12385559082, 1.56147897243, 0.19459746778, 0.0557542778552, 0.0277956407517, 0.0139645654708, 0.00444962223992, 0.000570593867451, 0.000115815353638, 7.20420939615e-05],
        "mean": [0.0267318505794, 0.365654140711, 1.4756103754, 2.2499973774, 2.57281494141, 2.94369983673, 6.49639511108, 8.16121101379, 5.92476606369, 3.06317067146, 8.51188755035, 10.7341184616, 19.2250461578, 29.0635375977, 31.9172496796, 44.8218154907, 45.9002761841, 45.3298988342, 43.6711120605, 26.2995376587, 30.9666385651, 42.7304153442, 31.0920734406, 26.4843177795, 30.0492668152, 54.1571159363, 17.6369132996, 5.91357898712, 4.12962675095, 1.90682590008, 0.143579378724, 0.0841354206204, 0.0279853865504, 0.0136649385095, 0.00822680816054, 0.00446846196428, 0.00106871069875, 3.42477869708e-05, 1.14864806164e-05, 2.01349139388e-05],
        "min": [2.3380802304e-05, 0.000233690981986, 0.000526296324097, 0.000875666912179, 0.00421984726563, 0.00632884446532, 0.02561384812, 0.0243965536356, 0.0128792459145, 0.00406309077516, 0.00544148683548, 0.00401393137872, 0.002793824533, 0.00362629420124, 0.00366009585559, 0.00467469915748, 0.00386999477632, 0.00661829253659, 0.0108540207148, 0.0131857898086, 0.0173632446676, 0.0167395360768, 0.0133492117748, 0.0150558464229, 0.0212863367051, 0.0212020911276, 0.0266239661723, 0.0247364398092, 0.0254629813135, 0.0187153723091, 0.0134521024302, 0.0127456048504, 0.0063135237433, 0.00176371459384, 0.000899765524082, 0.000565360940527, 9.18062287383e-05, 6.04746901445e-06, 7.18033902558e-07, 2.31435350884e-07],
        "stdev": [0.0404610782862, 0.478604465723, 2.24902582169, 3.49352860451, 4.70258951187, 5.38720464706, 15.8160114288, 21.2167510986, 18.9351921082, 21.8201656342, 37.3285064697, 38.0361976624, 46.8752174377, 77.2173843384, 113.938430786, 93.2435150146, 82.8966369629, 121.378723145, 79.8209762573, 65.0037231445, 79.7844467163, 83.5047607422, 47.8287963867, 34.6984672546, 41.3438072205, 103.653320312, 31.9468173981, 11.3508987427, 10.9616298676, 5.72723054886, 0.334814280272, 0.0646348744631, 0.011769768782, 0.0058235572651, 0.00352896377444, 0.00170795724262, 0.000656991032884, 2.24855411943e-05, 8.2991355157e-06, 1.462192904e-05]
    },
    "gfcc": {
        "mean": [-55.645275116, 106.881210327, -151.881607056, 59.2032814026, -42.4379043579, -0.0173655413091, -25.7734203339, -0.0845580026507, -30.2621383667, 1.26867771149, -15.4688549042, -0.975172400475, -3.72281813622],
        "cov": [[3333.6862793, 575.727539062, -1978.47912598, -102.150375366, 296.537231445, -115.547966003, 888.304626465, -372.661071777, -41.4162406921, -36.3594894409, 96.1354827881, -235.433441162, 21.7434463501], [575.727539062, 455.450622559, 1.35271024704, -92.3460540771, 101.631568909, 74.848815918, 167.694671631, -15.7003612518, 0.805438876152, -15.863866806, 49.9931488037, -69.9088058472, -16.0195198059], [-1978.47912598, 1.35271024704, 1876.00390625, 234.70640564, -169.004943848, 104.241638184, -568.252258301, 279.628448486, 135.035064697, 12.7029428482, -63.1346054077, 166.255004883, -26.8018245697], [-102.150375366, -92.3460540771, 234.70640564, 446.102355957, 103.887084961, -56.6893043518, -69.6118927002, -7.53414297104, 127.705314636, -1.60577917099, -58.7545394897, 39.266040802, -5.18271160126], [296.537231445, 101.631568909, -169.004943848, 103.887084961, 295.975494385, 86.1904525757, 83.4746780396, -28.5658226013, 10.5129137039, 0.544401109219, 26.0002498627, -59.6639404297, -5.67074346542], [-115.547966003, 74.848815918, 104.241638184, -56.6893043518, 86.1904525757, 256.26348877, 127.143363953, -19.4924240112, -54.1466217041, 3.39675545692, 46.6910629272, -28.5757961273, -33.8133163452], [888.304626465, 167.694671631, -568.252258301, -69.6118927002, 83.4746780396, 127.143363953, 448.009460449, -100.1772995, -71.5708007812, -10.0123987198, 72.8050842285, -86.0258483887, -17.462228775], [-372.661071777, -15.7003612518, 279.628448486, -7.53414297104, -28.5658226013, -19.4924240112, -100.1772995, 200.417373657, 70.5572433472, -1.22555851936, -28.8440132141, 37.7068328857, 2.56959056854], [-41.4162406921, 0.805438876152, 135.035064697, 127.705314636, 10.5129137039, -54.1466217041, -71.5708007812, 70.5572433472, 157.467315674, 16.7534694672, -58.7743759155, 27.2106266022, 6.11001825333], [-36.3594894409, -15.863866806, 12.7029428482, -1.60577917099, 0.544401109219, 3.39675545692, -10.0123987198, -1.22555851936, 16.7534694672, 68.5675048828, 28.6887626648, 2.75153756142, 0.346821784973], [96.1354827881, 49.9931488037, -63.1346054077, -58.7545394897, 26.0002498627, 46.6910629272, 72.8050842285, -28.8440132141, -58.7743759155, 28.6887626648, 110.818939209, 4.2936630249, -4.19211912155], [-235.433441162, -69.9088058472, 166.255004883, 39.266040802, -59.6639404297, -28.5757961273, -86.0258483887, 37.7068328857, 27.2106266022, 2.75153756142, 4.2936630249, 104.162574768, 26.3075504303], [21.7434463501, -16.0195198059, -26.8018245697, -5.18271160126, -5.67074346542, -33.8133163452, -17.462228775, 2.56959056854, 6.11001825333, 0.346821784973, -4.19211912155, 26.3075504303, 72.6389694214]],
        "icov": [[0.00458269147202, -0.00515509396791, 0.00341262412257, -0.00107997539453, -0.000273177109193, 0.00351048633456, -0.00393340410665, 0.00269974232651, -0.00236812536605, 0.000387558102375, 0.000264476082521, -0.00090964010451, -0.000212770799408], [-0.00515509396791, 0.0120823727921, -0.00738704809919, 0.0062610283494, -0.00454557454214, 0.00115928950254, -0.00150018685963, 0.000527133757714, -0.00174986338243, 0.00241702725179, -0.0017802498769, 0.00241324887611, 0.000893202435691], [0.00341262412257, -0.00738704809919, 0.0069277076982, -0.00571383209899, 0.00496494909748, -0.00397974671796, 0.00372786005028, -0.00211149291135, 0.00034487558878, -0.000318321719533, -0.000954237184487, -0.000355008756742, -0.000950258981902], [-0.00107997539453, 0.0062610283494, -0.00571383209899, 0.010192848742, -0.00804526824504, 0.00729893799871, -0.00667904084548, 0.00567117007449, -0.00534115824848, 0.00160297844559, 0.00189363094978, -0.00255964975804, 0.00276431115344], [-0.000273177109193, -0.00454557454214, 0.00496494909748, -0.00804526824504, 0.0121648749337, -0.0100568067282, 0.00854700617492, -0.00523183913901, 0.00180454482324, 0.000384257989936, -0.00421470217407, 0.00515757594258, -0.0034195438493], [0.00351048633456, 0.00115928950254, -0.00397974671796, 0.00729893799871, -0.0100568067282, 0.0184885170311, -0.0143830934539, 0.00767965894192, -0.00311492476612, -8.34672482597e-06, 0.00268173101358, -0.00333400792442, 0.00397343048826], [-0.00393340410665, -0.00150018685963, 0.00372786005028, -0.00667904084548, 0.00854700617492, -0.0143830934539, 0.0172818023711, -0.00739533640444, 0.00449818465859, 0.000386138272006, -0.00449908897281, 0.0040704421699, -0.0019804937765], [0.00269974232651, 0.000527133757714, -0.00211149291135, 0.00567117007449, -0.00523183913901, 0.00767965894192, -0.00739533640444, 0.0128240520135, -0.0078534046188, 0.00259274849668, 0.000720477022696, -0.00235477439128, 0.00141124660149], [-0.00236812536605, -0.00174986338243, 0.00034487558878, -0.00534115824848, 0.00180454482324, -0.00311492476612, 0.00449818465859, -0.0078534046188, 0.0189900919795, -0.00935101509094, 0.00873825326562, -0.00348510150798, 0.000332961702952], [0.000387558102375, 0.00241702725179, -0.000318321719533, 0.00160297844559, 0.000384257989936, -8.34672482597e-06, 0.000386138272006, 0.00259274849668, -0.00935101509094, 0.0224263165146, -0.0114139197394, 0.00462760124356, -0.00121403369121], [0.000264476082521, -0.0017802498769, -0.000954237184487, 0.00189363094978, -0.00421470217407, 0.00268173101358, -0.00449908897281, 0.000720477022696, 0.00873825326562, -0.0114139197394, 0.0211103353649, -0.00903507787734, 0.00293351174332], [-0.00090964010451, 0.00241324887611, -0.000355008756742, -0.00255964975804, 0.00515757594258, -0.00333400792442, 0.0040704421699, -0.00235477439128, -0.00348510150798, 0.00462760124356, -0.00903507787734, 0.0198906529695, -0.00705077731982], [-0.000212770799408, 0.000893202435691, -0.000950258981902, 0.00276431115344, -0.0034195438493, 0.00397343048826, -0.0019804937765, 0.00141124660149, 0.000332961702952, -0.00121403369121, 0.00293351174332, -0.00705077731982, 0.0176312979311]]
    },
    "melbands": {
        "max": [0.00655746925622, 0.011821850203, 0.00809630658478, 0.00387630192563, 0.00759547343478, 0.00577698322013, 0.0042534978129, 0.00712913786992, 0.00523047894239, 0.00495339231566, 0.00275087612681, 0.00438682362437, 0.00725361984223, 0.00321563123725, 0.00304746790789, 0.0028555302415, 0.00275246961974, 0.00171021802817, 0.000911786977667, 0.000999609590508, 0.00143108982593, 0.00114607822616, 0.000780346570536, 0.000591374409851, 0.0002951065253, 0.000398790289182, 0.000626496621408, 0.000766949844547, 0.000720462878235, 9.08023284865e-05, 0.000148317223648, 0.000117055154988, 0.000131286898977, 4.81837960251e-05, 9.04242426714e-07, 1.21156551813e-06, 6.24050699116e-07, 1.53808755954e-07, 4.56503244095e-08, 4.98226846446e-08],
        "mean": [0.000311740674078, 0.000672167399898, 0.000398306467105, 0.000187604164239, 0.000213184161112, 0.000183027921594, 8.42005756567e-05, 3.05453722831e-05, 8.41983855935e-05, 6.48445056868e-05, 0.000101990684925, 0.000121443117678, 0.000112882611575, 8.77953789313e-05, 0.000165881967405, 7.3944516771e-05, 8.57020859257e-05, 8.28210177133e-05, 3.28014139086e-05, 3.34911856044e-05, 3.44724248862e-05, 4.1985167627e-05, 3.5910805309e-05, 2.55344348261e-05, 2.03842901101e-05, 2.23518109124e-05, 2.65434355242e-05, 3.89595479646e-05, 1.36705439218e-05, 3.59529235539e-06, 3.16463774652e-06, 2.4635733098e-06, 1.81938480637e-06, 6.77465038734e-07, 3.34335119589e-08, 4.04340205762e-08, 4.80268873559e-08, 1.86432345117e-08, 1.38092204338e-08, 1.05742552492e-08],
        "min": [1.56293566533e-07, 4.8987271839e-07, 1.23018807585e-07, 2.67209571803e-07, 7.414765264e-07, 5.47455272226e-07, 5.99577987259e-08, 1.34836355414e-08, 3.79678510853e-08, 1.62721889296e-08, 9.84444614716e-09, 1.4907140411e-08, 1.24285959302e-08, 9.28458909755e-09, 8.90531648423e-09, 7.33869320868e-09, 9.24562648663e-09, 9.68362101617e-09, 1.57261084155e-08, 1.72218257433e-08, 1.92181897063e-08, 1.64570028716e-08, 9.54655110519e-09, 7.94360222045e-09, 9.44945099945e-09, 1.66068314655e-08, 1.39310305514e-08, 9.78923431205e-09, 1.24024417403e-08, 1.31697976968e-08, 1.33231674582e-08, 1.24941959001e-08, 9.70419211654e-09, 7.94127696935e-09, 6.42793540617e-10, 3.51393247833e-09, 6.66948984929e-09, 2.37289965455e-09, 2.1016282048e-09, 1.29892034628e-11],
        "stdev": [0.000401357421651, 0.000901963212527, 0.000606049958151, 0.000275844446151, 0.000486414443003, 0.00045294361189, 0.000289243413135, 0.00019997934578, 0.000373584858608, 0.000219197492697, 0.000258022686467, 0.000316573277814, 0.00043736648513, 0.000268340489129, 0.000335156946676, 0.000204312935239, 0.00023170071654, 0.000167748934473, 7.92023565737e-05, 8.0669989984e-05, 0.000104660161014, 8.96602505236e-05, 7.04857156961e-05, 4.26958249591e-05, 2.78623720078e-05, 3.6839817767e-05, 5.08764351252e-05, 7.42418851587e-05, 3.03288888972e-05, 5.6505309658e-06, 7.15371425031e-06, 6.62557431497e-06, 5.90510808252e-06, 2.18446325562e-06, 3.8960592974e-08, 4.15128447173e-08, 3.16926147548e-08, 9.06000163781e-09, 5.92207927141e-09, 5.30249755215e-09]
    },
    "melbands128": {
        "max": [0.000765476259403, 0.00460725324228, 0.00884623732418, 0.0155662652105, 0.0159904360771, 0.00773560162634, 0.0129190944135, 0.0112353255972, 0.00877908896655, 0.00332284066826, 0.00808290019631, 0.0134223150089, 0.00848934520036, 0.0112429792061, 0.00951112713665, 0.0070318877697, 0.00764747243375, 0.00649441638961, 0.0132249183953, 0.0131297213957, 0.00198716204613, 0.00710488297045, 0.00986272376031, 0.015353044495, 0.00768381496891, 0.00329210422933, 0.00373368454166, 0.00327406800352, 0.00720048323274, 0.00696993619204, 0.00983720179647, 0.0139221996069, 0.0151301063597, 0.00821585860103, 0.00647852336988, 0.00637415330857, 0.00485002109781, 0.00640400266275, 0.00282622477971, 0.00244766683318, 0.00639005051926, 0.00863943248987, 0.00575528480113, 0.00375760300085, 0.00481375865638, 0.00207171356305, 0.00245310622267, 0.00216159643605, 0.00172465085052, 0.00246104900725, 0.00153900019359, 0.000942224345636, 0.00334565225057, 0.00236587552354, 0.00134639581665, 0.00175730045885, 0.00204663001932, 0.00161398970522, 0.00150602345821, 0.000837495608721, 0.000515246239956, 0.00144519936293, 0.000514770683367, 0.000190884064068, 0.00129346945323, 0.000784830423072, 0.000548583921045, 0.000477003195556, 0.000655653246213, 0.00281249498948, 0.00168289477006, 0.000879087951034, 0.00114819023293, 0.000986905186437, 0.000119809708849, 7.04512785887e-05, 9.3434980954e-05, 0.000291936070425, 0.000119374330097, 0.000137888302561, 0.000136448405101, 0.000117832110845, 0.000208679688512, 0.000165892124642, 8.97620775504e-05, 0.000109080865514, 2.61760069407e-05, 9.62451849773e-07, 2.8992687362e-07, 7.27524025024e-07, 8.27822361771e-07, 1.6547994619e-06, 1.6285359834e-06, 8.70858627877e-07, 2.94420175351e-07, 2.46316858465e-07, 1.31562686079e-07, 8.86032580638e-08, 6.45637854291e-08, 5.68831914904e-08, 6.62156907083e-08, 6.58651941876e-08, 5.15960500991e-08, 6.22330276201e-08, 5.41224736139e-08, 4.09003426682e-08, 3.56139722157e-08, 3.44074528869e-08, 4.37123581776e-08, 3.5856064784e-08, 2.93173112453e-08, 3.97769390759e-08, 2.24971401508e-08, 6.71165167887e-09, 4.84812279211e-09, 4.38676739378e-09, 4.08548750386e-09, 3.86428355981e-09, 3.69603680994e-09, 3.54800588909e-09, 3.4273290872e-09, 3.32330984953e-09, 3.23644000488e-09, 3.16363957253e-09, 3.10239389734e-09, 3.06173131293e-09, 3.02993941048e-09, 3.00818081556e-09],
        "mean": [3.25100554619e-05, 0.00016864167992, 0.00037965879892, 0.000673447386362, 0.000808876997326, 0.000576464401092, 0.00047143487609, 0.00037624585093, 0.000248199736234, 0.000166315978277, 0.000143398385262, 0.00020296072762, 0.000226930744248, 0.000238063934376, 0.000197148983716, 0.000151851578266, 0.000111142078822, 7.59767062846e-05, 4.5616467105e-05, 2.65561975539e-05, 2.30532568821e-05, 3.98003976443e-05, 9.74063805188e-05, 0.000132105691591, 5.98109145358e-05, 4.07467850891e-05, 6.22480292805e-05, 7.16238282621e-05, 0.000197767818463, 0.000110688117275, 9.78607495199e-05, 0.000131487249746, 0.000128653060528, 8.23294903967e-05, 9.00242448552e-05, 7.70598489908e-05, 9.12147224881e-05, 0.000260035478277, 0.000134821180836, 6.37842676952e-05, 5.38274071005e-05, 9.98309988063e-05, 8.1470272562e-05, 6.25077591394e-05, 0.000140164571349, 8.14605227788e-05, 2.94544333883e-05, 2.99634084513e-05, 3.27874258801e-05, 4.10643697251e-05, 2.985496576e-05, 2.62926623691e-05, 5.37140767847e-05, 2.95543686661e-05, 1.32381874209e-05, 5.16801992489e-05, 5.69369985897e-05, 4.3842006562e-05, 2.5580980946e-05, 2.29675952141e-05, 3.00034844258e-05, 2.39543696807e-05, 1.72745676537e-05, 1.32951718115e-05, 3.63488979929e-05, 2.39446544583e-05, 1.27485100165e-05, 2.13890652958e-05, 2.59678072325e-05, 3.74855444534e-05, 4.93455518153e-05, 3.74537412426e-05, 1.65633937286e-05, 1.20690583572e-05, 4.71084604214e-06, 3.64077936865e-06, 2.58475961346e-06, 3.84083205063e-06, 2.98887175632e-06, 3.02246075989e-06, 2.68153121397e-06, 2.05991386792e-06, 2.23225856644e-06, 1.79755011231e-06, 1.58861553246e-06, 1.09101119961e-06, 2.43894533014e-07, 3.54013245385e-08, 2.67429189904e-08, 2.78883902638e-08, 2.86894437096e-08, 3.01141582781e-08, 8.38882527887e-08, 5.88208344254e-08, 2.12186552773e-08, 2.00878851331e-08, 1.76698087273e-08, 1.76800512008e-08, 1.41501175221e-08, 1.17616716366e-08, 1.09583577768e-08, 1.05390292049e-08, 9.89405357643e-09, 9.58833012987e-09, 9.38911526305e-09, 8.70770477945e-09, 8.56825010942e-09, 8.32338287182e-09, 7.89017740033e-09, 7.43435935036e-09, 6.69010846721e-09, 4.90669327391e-09, 3.6260305869e-09, 4.6760656458e-10, 7.7656553063e-12, 6.89201300197e-12, 6.6041612283e-12, 6.36210008287e-12, 6.15611121108e-12, 5.96778616108e-12, 5.81169053854e-12, 5.66981878114e-12, 5.54607314934e-12, 5.4429980488e-12, 5.35563997664e-12, 5.29162477725e-12, 5.24419743742e-12, 5.2116904542e-12],
        "min": [2.10500239461e-08, 7.02694933352e-08, 8.80954971194e-08, 5.43134071052e-08, 7.09071059646e-08, 4.83710742571e-08, 1.04105716048e-07, 1.28049151726e-07, 9.8413082128e-08, 6.43616786533e-08, 5.79542849266e-08, 1.02323376439e-07, 4.72124384032e-07, 1.35751122343e-07, 1.00364339062e-07, 4.12633909264e-08, 3.2318134835e-09, 1.50069734417e-08, 9.47946698915e-09, 9.89011894603e-09, 9.92024951074e-09, 9.92476234529e-09, 9.74188907321e-09, 3.09956043054e-08, 1.4702259854e-08, 1.37537581324e-09, 1.77624603914e-09, 3.9182239675e-09, 1.05840971543e-08, 9.87597736923e-09, 8.38329494712e-09, 6.80391298857e-09, 2.2407262712e-09, 4.65949545614e-09, 3.79269193829e-09, 6.01585625759e-09, 3.54793905366e-09, 4.86306683811e-09, 3.834630391e-09, 3.4170151153e-09, 2.17398965496e-09, 5.06474362449e-10, 2.8433659871e-09, 4.3889025747e-09, 4.35566960277e-09, 4.76249528703e-09, 3.26157922892e-09, 1.38737856759e-08, 9.36905042437e-09, 4.64208227413e-09, 8.65636629044e-09, 7.69846764115e-09, 5.61593749282e-09, 6.39945785252e-09, 1.14125660033e-08, 1.40087106359e-08, 1.15897602626e-08, 6.68328148379e-09, 3.21792903435e-09, 2.52833265435e-09, 5.99734084616e-09, 6.9032113359e-09, 2.03083505568e-09, 2.45964848489e-09, 6.84593937095e-09, 9.86529258284e-09, 9.54033385625e-09, 4.09451761385e-09, 5.43355849203e-09, 6.93967106002e-09, 6.54269260991e-09, 6.67845778679e-09, 5.67434721432e-09, 4.72967176535e-09, 7.01493796385e-09, 6.48328501995e-09, 4.25806145898e-09, 6.07965811028e-09, 7.43161621131e-09, 2.95983881848e-09, 6.59102061817e-09, 6.05304029122e-09, 7.67760344189e-09, 3.48283424323e-09, 3.24743898439e-09, 2.29510688232e-10, 1.10148543064e-10, 1.07259028048e-10, 1.00278813031e-11, 5.10669414741e-12, 9.8511199198e-12, 1.38204083594e-11, 4.66662752885e-09, 2.62023536202e-09, 6.75846101306e-10, 5.27729193678e-10, 3.1437880077e-10, 7.53232823336e-11, 1.586709375e-10, 5.61033424579e-12, 2.02820507784e-12, 3.77327943196e-12, 2.25354023636e-11, 1.09991418751e-10, 7.73335735726e-12, 1.24650498257e-10, 2.86925455617e-10, 1.66223965148e-10, 4.08999945023e-10, 3.06455104349e-11, 5.39578147787e-12, 4.45698328504e-13, 4.09133854183e-14, 3.99104916325e-14, 2.69056373454e-14, 2.65420179596e-14, 2.05907746366e-14, 1.88146227791e-14, 1.66446022953e-14, 2.33376719913e-14, 1.93687517332e-14, 2.32586522877e-14, 1.91672612298e-14, 1.94672684413e-14, 2.26762273509e-14, 2.35092842546e-14, 2.38118037657e-14, 1.7835783035e-14],
        "stdev": [6.50019937893e-05, 0.000336911005434, 0.000548714830074, 0.000937568955123, 0.00133618060499, 0.000826174160466, 0.000790651421994, 0.000796982727479, 0.000532041420229, 0.000237954460317, 0.00034449523082, 0.000576061545871, 0.000631375412922, 0.000791770755313, 0.000665579340421, 0.000481614726596, 0.000411387212807, 0.000336492084898, 0.000481362716528, 0.000313552824082, 7.89405748947e-05, 0.000248958793236, 0.000516110449098, 0.000696189294104, 0.000291927950457, 0.00018848880427, 0.000247948395554, 0.000255462218774, 0.000631077331491, 0.000359994621249, 0.00047875783639, 0.000551488657948, 0.000744573713746, 0.000443412049208, 0.000429673673352, 0.000376214011339, 0.000331168062985, 0.000631253467873, 0.000335866643582, 0.000219964174903, 0.000278678839095, 0.000523328955751, 0.000343205407262, 0.000222811708227, 0.000369587069144, 0.00019456454902, 0.000128932195366, 9.94399524643e-05, 9.62851845543e-05, 0.00017491968174, 9.30476089707e-05, 6.74848488416e-05, 0.000222585571464, 0.000123052421259, 5.37380328751e-05, 0.00013613520423, 0.000147042315803, 0.000117939744086, 8.35524406284e-05, 5.81027488806e-05, 5.98884289502e-05, 6.00375387876e-05, 3.38495956385e-05, 2.16049375013e-05, 7.1372181992e-05, 5.70251904719e-05, 3.1748553738e-05, 4.25938123954e-05, 5.4253203416e-05, 0.00016164931003, 0.000131993903778, 7.20781317796e-05, 4.37567105109e-05, 4.69637197966e-05, 9.13719668461e-06, 7.44840644984e-06, 5.27174415765e-06, 1.13682026495e-05, 7.65501044953e-06, 7.64001379139e-06, 8.21763660497e-06, 6.64998924549e-06, 8.52595439937e-06, 7.12513701728e-06, 4.84533757117e-06, 3.97084249926e-06, 1.0555049812e-06, 4.37097007477e-08, 2.57872478926e-08, 3.07476142325e-08, 3.9737578561e-08, 5.44265894575e-08, 6.3858657029e-08, 3.9376502059e-08, 1.84633979217e-08, 1.40907259194e-08, 1.09641717927e-08, 1.02754471598e-08, 8.55982751347e-09, 7.55767715077e-09, 7.30161575646e-09, 6.94414969971e-09, 6.21871310003e-09, 6.4793939103e-09, 6.28219654075e-09, 4.96933338923e-09, 4.64450655713e-09, 4.42723768757e-09, 4.32046975973e-09, 3.98890875886e-09, 3.74380482171e-09, 4.14310763475e-09, 3.49829698543e-09, 6.92362056576e-10, 1.29901284174e-10, 1.20186832708e-10, 1.13829876081e-10, 1.08864563197e-10, 1.04839387172e-10, 1.01235464456e-10, 9.83216841277e-11, 9.56753634651e-11, 9.34654298401e-11, 9.16134390572e-11, 9.0026666677e-11, 8.88945236865e-11, 8.80574710371e-11, 8.7511178859e-11]
    },
    "mfcc": {
        "mean": [-688.707214355, 124.295051575, -37.7277832031, 58.0661964417, -1.09757018089, 12.3538188934, 7.87233018875, 0.31545740366, -0.643185019493, -3.35855484009, -4.93698501587, -4.82743883133, -2.0737349987],
        "cov": [[4446.14453125, 356.695343018, -2298.51708984, 159.162094116, -883.657470703, 396.540100098, 438.874938965, -31.3344745636, 24.5014591217, 28.5280475616, 262.132293701, -180.83140564, 39.5145225525], [356.695343018, 483.875915527, 3.53453588486, -149.498840332, -18.8843593597, 16.5757961273, 137.974685669, 25.2675876617, -20.0671329498, 58.4998168945, 28.2128295898, 26.8601436615, -10.1908311844], [-2298.51708984, 3.53453588486, 1658.24206543, 47.8204231262, 474.366394043, -177.131332397, -290.905609131, 60.9549713135, 35.4966239929, -37.90102005, -96.3695449829, 126.156387329, 0.638915240765], [159.162094116, -149.498840332, 47.8204231262, 388.876586914, 110.753120422, 26.4137687683, -133.798553467, 8.68692684174, 84.2004928589, -34.450843811, 24.8214302063, -1.8828676939, 35.5410270691], [-883.657470703, -18.8843593597, 474.366394043, 110.753120422, 446.672485352, -59.4865493774, -149.633728027, 13.8921022415, 38.2598762512, 27.7090969086, -63.5494651794, 46.660118103, 13.4948310852], [396.540100098, 16.5757961273, -177.131332397, 26.4137687683, -59.4865493774, 289.548339844, 162.767379761, 6.71058416367, -17.8695278168, 9.50624847412, 67.0919189453, -23.8155212402, -5.2779545784], [438.874938965, 137.974685669, -290.905609131, -133.798553467, -149.633728027, 162.767379761, 347.645690918, 34.8266716003, -88.7338256836, 48.2452850342, 47.2109794617, -5.09473085403, -11.3704538345], [-31.3344745636, 25.2675876617, 60.9549713135, 8.68692684174, 13.8921022415, 6.71058416367, 34.8266716003, 113.082092285, 44.1918487549, -1.2285836935, 24.7784481049, 18.2461929321, 1.0925951004], [24.5014591217, -20.0671329498, 35.4966239929, 84.2004928589, 38.2598762512, -17.8695278168, -88.7338256836, 44.1918487549, 148.961914062, 13.6554059982, 9.54514217377, 2.76779317856, -4.29944896698], [28.5280475616, 58.4998168945, -37.90102005, -34.450843811, 27.7090969086, 9.50624847412, 48.2452850342, -1.2285836935, 13.6554059982, 115.698616028, 11.3930130005, -11.4621210098, 4.15415048599], [262.132293701, 28.2128295898, -96.3695449829, 24.8214302063, -63.5494651794, 67.0919189453, 47.2109794617, 24.7784481049, 9.54514217377, 11.3930130005, 115.461463928, 14.6896095276, -16.0288677216], [-180.83140564, 26.8601436615, 126.156387329, -1.8828676939, 46.660118103, -23.8155212402, -5.09473085403, 18.2461929321, 2.76779317856, -11.4621210098, 14.6896095276, 92.275932312, 14.9686470032], [39.5145225525, -10.1908311844, 0.638915240765, 35.5410270691, 13.4948310852, -5.2779545784, -11.3704538345, 1.0925951004, -4.29944896698, 4.15415048599, -16.0288677216, 14.9686470032, 94.9373092651]],
        "icov": [[0.00374148855917, -0.00426646415144, 0.00421975599602, -0.00389564945363, 0.00388200697489, -0.00186256621964, 0.00167003716342, -0.000846142007504, 5.70951988266e-06, 0.000175389970536, -0.000684060505591, 0.000881492567714, -0.00129274942447], [-0.00426646415144, 0.00760808540508, -0.00496198702604, 0.00531556503847, -0.00473630288616, 0.00257809902541, -0.00317071657628, 0.00127478048671, -0.000711000873707, -0.000661544152535, -7.64179349062e-05, -0.00130095612258, 0.00124700122979], [0.00421975599602, -0.00496198702604, 0.00586997997016, -0.00421027932316, 0.00361387804151, -0.00230770558119, 0.00291375489905, -0.00197202106938, 0.000701697834302, 0.000194116233615, -0.000212337588891, -6.64852341288e-05, -0.00102470023558], [-0.00389564945363, 0.00531556503847, -0.00421027932316, 0.00853907782584, -0.00550232827663, 0.00131353584584, -0.00110031920485, 0.00142065132968, -0.00203890539706, 0.00155381963123, -0.00155363208614, 0.000145992205944, -0.000714994093869], [0.00388200697489, -0.00473630288616, 0.00361387804151, -0.00550232827663, 0.00870774593204, -0.00307075935416, 0.00371538777836, -0.00231090909801, 0.001401514397, -0.00295448116958, 0.00241646054201, -0.00136006751563, -0.000210337078897], [-0.00186256621964, 0.00257809902541, -0.00230770558119, 0.00131353584584, -0.00307075935416, 0.00753425015137, -0.00556207587942, 0.00289121642709, -0.0020439629443, 0.00207906588912, -0.00341109279543, 0.00232640490867, -0.000394574046368], [0.00167003716342, -0.00317071657628, 0.00291375489905, -0.00110031920485, 0.00371538777836, -0.00556207587942, 0.0107816271484, -0.00635261973366, 0.00625213049352, -0.00443660933524, 0.00229046214372, -0.00256330496632, 0.00115206104238], [-0.000846142007504, 0.00127478048671, -0.00197202106938, 0.00142065132968, -0.00231090909801, 0.00289121642709, -0.00635261973366, 0.0150818759575, -0.00750780059025, 0.00391056481749, -0.00406922399998, 0.000931529619265, -0.00181977218017], [5.70951988266e-06, -0.000711000873707, 0.000701697834302, -0.00203890539706, 0.001401514397, -0.0020439629443, 0.00625213049352, -0.00750780059025, 0.0133769894019, -0.00496614910662, 0.00221408507787, -0.00200017378666, 0.00271452357993], [0.000175389970536, -0.000661544152535, 0.000194116233615, 0.00155381963123, -0.00295448116958, 0.00207906588912, -0.00443660933524, 0.00391056481749, -0.00496614910662, 0.0134106306359, -0.00413294276223, 0.00426616147161, -0.00294997333549], [-0.000684060505591, -7.64179349062e-05, -0.000212337588891, -0.00155363208614, 0.00241646054201, -0.00341109279543, 0.00229046214372, -0.00406922399998, 0.00221408507787, -0.00413294276223, 0.0152372578159, -0.00595664186403, 0.00444049108773], [0.000881492567714, -0.00130095612258, -6.64852341288e-05, 0.000145992205944, -0.00136006751563, 0.00232640490867, -0.00256330496632, 0.000931529619265, -0.00200017378666, 0.00426616147161, -0.00595664186403, 0.0162516068667, -0.00440113293007], [-0.00129274942447, 0.00124700122979, -0.00102470023558, -0.000714994093869, -0.000210337078897, -0.000394574046368, 0.00115206104238, -0.00181977218017, 0.00271452357993, -0.00294997333549, 0.00444049108773, -0.00440113293007, 0.0133422883227]]
    },
    "spectral_contrast_coeffs": {
        "max": [-0.390756338835, -0.471503645182, -0.4139726758, -0.527622461319, -0.559516191483, -0.396454632282],
        "mean": [-0.727096199989, -0.757933676243, -0.728343009949, -0.739647626877, -0.744972348213, -0.68263566494],
        "min": [-0.912803888321, -0.938591361046, -0.935103535652, -0.904612243176, -0.891943871975, -0.85989433527],
        "stdev": [0.0620663054287, 0.0737028568983, 0.0972594842315, 0.0724259316921, 0.0668946579099, 0.0876384750009]
    },
    "spectral_contrast_valleys": {
        "max": [-5.30775499344, -5.56563711166, -6.07138681412, -6.33329820633, -5.76400518417, -11.0563879013],
        "mean": [-7.07818937302, -7.62508249283, -8.18590736389, -8.10327148438, -7.62216329575, -11.7245073318],
        "min": [-9.75994205475, -10.0860157013, -10.601480484, -10.5254154205, -10.0235404968, -13.0444889069],
        "stdev": [0.704168260098, 0.653495907784, 0.810406863689, 0.822804450989, 0.798230946064, 0.29025003314]
    }
},
"rhythm": {
    "beats_count": 98,
    "beats_loudness": {
        "max": 0.058850876987,
        "mean": 0.0201061274856,
        "min": 0.000917139463127,
        "stdev": 0.0112013034523
    },
    "bpm": 122.050094604,
    "bpm_histogram_first_peak_bpm": 123,
    "bpm_histogram_first_peak_weight": 0.541176438332,
    "bpm_histogram_second_peak_bpm": 117,
    "bpm_histogram_second_peak_spread": 0,
    "bpm_histogram_second_peak_weight": 0.0721649453044,
    "danceability": 1.01941895485,
    "onset_rate": 2.8916015625,
    "beats_loudness_band_ratio": {
        "max": [0.8985658288, 0.823624849319, 0.739083707333, 0.895673155785, 0.792397022247, 0.536209106445],
        "mean": [0.331824094057, 0.142293602228, 0.0938094854355, 0.168247818947, 0.184671163559, 0.107841163874],
        "min": [0.00828566588461, 0.00960052572191, 0.00338519620709, 0.00232586055063, 0.00228638481349, 0.00117242883425],
        "stdev": [0.250130742788, 0.143114954233, 0.14635540545, 0.199415132403, 0.174278482795, 0.093881174922]
    },
