{
"metadata": {
    "version": {
        "essentia": "2.1-beta5",
        "essentia_git_sha": "Undefined",
        "extractor": "music 2.0"
    },
    "audio_properties": {
        "analysis": {
            "equal_loudness": 0,
            "length": 22.5930156708,
            "sample_rate": 44100,
            "start_time": 175.240997314,
            "downmix": "mix"
        },
        "bit_rate": 192000,
        "length": 197.85723877,
        "lossless": 0,
        "number_channels": 2,
        "replay_gain": -1.61837768555,
        "sample_rate": 44100,
        "codec": "mp3",
        "md5_encoded": "5db84bab688591d0a61db4e4108dec59"
    },
    "tags": {
        "file_name": "Norway_Oliver_Anita Skorgan.mp3",
        "encoding": ["Lavf58.29.100"]
    }
},
"lowlevel": {
    "average_loudness": 0.290422022343,
    "barkbands_crest": {
        "max": 17.9754714966,
        "mean": 6.43489980698,
        "min": 2.60317921638,
        "stdev": 1.89406859875
    },
    "barkbands_flatness_db": {
        "max": 0.219186499715,
        "mean": 0.0944598093629,
        "min": 0.0470849871635,
        "stdev": 0.0261567439884
    },
    "barkbands_kurtosis": {
        "max": 9.30457305908,
        "mean": 1.67177033424,
        "min": -1.72091186047,
        "stdev": 1.98580062389
    },
    "barkbands_skewness": {
        "max": 2.84270763397,
        "mean": -0.758457779884,
        "min": -2.25516319275,
        "stdev": 1.12612915039
    },
    "barkbands_spread": {
        "max": 69.2349624634,
        "mean": 24.6623268127,
        "min": 6.24193096161,
        "stdev": 8.31052780151
    },
    "dissonance": {
        "max": 0.500000119209,
        "mean": 0.487131565809,
        "min": 0.400989502668,
        "stdev": 0.0143420379609
    },
    "dynamic_complexity": 5.73613500595,
    "erbbands_crest": {
        "max": 25.4502277374,
        "mean": 6.09027290344,
        "min": 2.69552779198,
        "stdev": 3.40166711807
    },
    "erbbands_flatness_db": {
        "max": 0.283608615398,
        "mean": 0.151170790195,
        "min": 0.0796900615096,
        "stdev": 0.0534398406744
    },
    "erbbands_kurtosis": {
        "max": 5.66376018524,
        "mean": 0.259098500013,
        "min": -1.5097360611,
        "stdev": 0.818362593651
    },
    "erbbands_skewness": {
        "max": 1.68846261501,
        "mean": -0.346224009991,
        "min": -1.91604673862,
        "stdev": 0.580278456211
    },
    "erbbands_spread": {
        "max": 68.8067855835,
        "mean": 30.3887844086,
        "min": 7.15601396561,
        "stdev": 10.1899375916
    },
    "hfc": {
        "max": 148.090744019,
        "mean": 13.3006496429,
        "min": 1.05657420768e-16,
        "stdev": 22.0175800323
    },
    "loudness_ebu128": {
        "integrated": -23.0869693756,
        "loudness_range": 10.7211170197,
        "momentary": {
            "max": -17.7730522156,
            "mean": -145.99281311,
            "min": -300.691009521,
            "stdev": 135.798248291
        },
        "short_term": {
            "max": -21.6527137756,
            "mean": -126.151062012,
            "min": -300.691009521,
            "stdev": 131.277709961
        }
    },
    "melbands_crest": {
        "max": 23.3769855499,
        "mean": 5.63422250748,
        "min": 1.51601004601,
        "stdev": 4.03957748413
    },
    "melbands_flatness_db": {
        "max": 0.256339967251,
        "mean": 0.0657784566283,
        "min": 0.00275401817635,
        "stdev": 0.061833627522
    },
    "melbands_kurtosis": {
        "max": 30.7670288086,
        "mean": 0.477551758289,
        "min": -1.60438299179,
        "stdev": 3.08277630806
    },
    "melbands_skewness": {
        "max": 4.7197933197,
        "mean": 0.450283527374,
        "min": -0.647006750107,
        "stdev": 0.820699751377
    },
    "melbands_spread": {
        "max": 166.698699951,
        "mean": 81.6266174316,
        "min": 8.00673675537,
        "stdev": 48.1940917969
    },
    "pitch_salience": {
        "max": 0.876072585583,
        "mean": 0.723152697086,
        "min": 0.364010483027,
        "stdev": 0.102891772985
    },
    "silence_rate_20dB": {
        "max": 1,
        "mean": 1,
        "min": 1,
        "stdev": 0
    },
    "silence_rate_30dB": {
        "max": 1,
        "mean": 1,
        "min": 1,
        "stdev": 0
    },
    "silence_rate_60dB": {
        "max": 1,
        "mean": 0.589322388172,
        "min": 0,
        "stdev": 0.491956233978
    },
    "spectral_centroid": {
        "max": 11736.2275391,
        "mean": 6129.56933594,
        "min": 571.031616211,
        "stdev": 4420.12304688
    },
    "spectral_complexity": {
        "max": 59,
        "mean": 12.154004097,
        "min": 0,
        "stdev": 14.8080282211
    },
    "spectral_decrease": {
        "max": 2.47357558705e-28,
        "mean": -1.76480574599e-09,
        "min": -2.0817230606e-08,
        "stdev": 2.86851853382e-09
    },
    "spectral_energy": {
        "max": 0.0910260751843,
        "mean": 0.00786719471216,
        "min": 9.92927897146e-21,
        "stdev": 0.012680048123
    },
    "spectral_energyband_high": {
        "max": 0.025476904586,
        "mean": 0.000644864398055,
        "min": 7.06493830271e-21,
        "stdev": 0.0019351033261
    },
    "spectral_energyband_low": {
        "max": 0.0364948883653,
        "mean": 0.000527934578713,
        "min": 1.06171463947e-23,
        "stdev": 0.00196682149544
    },
    "spectral_energyband_middle_high": {
        "max": 0.0814706757665,
        "mean": 0.00464101042598,
        "min": 1.03618942299e-21,
        "stdev": 0.00823919568211
    },
    "spectral_energyband_middle_low": {
        "max": 0.0399421155453,
        "mean": 0.00227342639118,
        "min": 1.26482499177e-22,
        "stdev": 0.00449390988797
    },
    "spectral_entropy": {
        "max": 9.82650566101,
        "mean": 8.65715694427,
        "min": 6.38306713104,
        "stdev": 1.05363214016
    },
    "spectral_flux": {
        "max": 0.192268118262,
        "mean": 0.0377968773246,
        "min": 6.22436199804e-11,
        "stdev": 0.0449244640768
    },
    "spectral_kurtosis": {
        "max": 12.3147678375,
        "mean": 1.91807448864,
        "min": -1.28079581261,
        "stdev": 3.10156273842
    },
    "spectral_rms": {
        "max": 0.00942368991673,
        "mean": 0.00179221958388,
        "min": 3.11241093662e-12,
        "stdev": 0.00211265217513
    },
    "spectral_rolloff": {
        "max": 19896.6796875,
        "mean": 9909.76171875,
        "min": 344.53125,
        "stdev": 7978.92773438
    },
    "spectral_skewness": {
        "max": 2.45000386238,
        "mean": 0.758686721325,
        "min": -0.0909890606999,
        "stdev": 0.717980861664
    },
    "spectral_spread": {
        "max": 42899704,
        "mean": 20030178,
        "min": 2052186.875,
        "stdev": 18375380
    },
    "spectral_strongpeak": {
        "max": 26.5273456573,
        "mean": 0.854302883148,
        "min": 0,
        "stdev": 1.91101634502
    },
    "zerocrossingrate": {
        "max": 0.5283203125,
        "mean": 0.27649050951,
        "min": 0.02783203125,
        "stdev": 0.202142983675
    },
    "barkbands": {
        "max": [0.00126965844538, 0.00210387026891, 0.0160205941647, 0.023664040491, 0.0103178583086, 0.0150149324909, 0.00770760560408, 0.03779502213, 0.00717316335067, 0.0180929191411, 0.0363983213902, 0.0223933756351, 0.0122649855912, 0.0259328894317, 0.00837685726583, 0.0244729891419, 0.0121106375009, 0.00543139316142, 0.00860922876745, 0.00787849538028, 0.0231806635857, 0.00265531684272, 0.000775409920607, 0.0015105685452, 0.000449178885901, 0.000192839754163, 3.65800883628e-06],
        "mean": [5.35901453986e-05, 0.000121262695757, 0.000204702853807, 0.000319487822708, 0.000337368343025, 0.000506131502334, 0.000444617500762, 0.000357509619789, 0.000203993302421, 0.000461568881292, 0.000530120392796, 0.000387686857721, 0.000323919433868, 0.000477885419969, 0.000439480907517, 0.000501208938658, 0.000645220745355, 0.00041516663623, 0.000384078448405, 0.000270112068392, 0.000300349551253, 7.05232378095e-05, 4.57284550066e-05, 4.0042315959e-05, 1.86022753041e-05, 6.8319386628e-06, 4.09517131317e-09],
        "min": [2.85855680528e-25, 2.56468698821e-24, 5.32376389739e-25, 1.56613295071e-25, 7.75599522316e-24, 5.06217249362e-24, 5.01200567322e-24, 5.13349735237e-24, 1.00603849339e-23, 7.35925183037e-24, 1.04066009969e-23, 1.63405626095e-23, 2.37976458139e-23, 2.36967804808e-23, 3.93923909246e-23, 3.20214765746e-23, 4.60702341714e-23, 8.70919604977e-23, 8.71056235686e-23, 1.29548719474e-22, 1.9432051068e-22, 2.75711303996e-22, 3.86973230567e-22, 5.27188397086e-22, 7.13201293667e-22, 1.23330135269e-21, 1.76066746436e-21],
        "stdev": [0.000130005166284, 0.000261065608356, 0.000873726035934, 0.00144355464727, 0.000855046033394, 0.00125153397676, 0.00100340647623, 0.00155434536282, 0.000505281204823, 0.00152114173397, 0.00262875831686, 0.00148783589248, 0.000949837267399, 0.0014800488716, 0.00086174212629, 0.00148103409447, 0.00131059950218, 0.000866955087986, 0.000798022258095, 0.000585920293815, 0.00153592182323, 0.000172754473169, 8.57726336108e-05, 0.000103910613689, 4.54577384517e-05, 1.96670098376e-05, 1.17141048861e-07]
    },
    "erbbands": {
        "max": [0.0838128775358, 0.592843413353, 10.2099313736, 72.4612503052, 45.7448310852, 29.2963886261, 56.8221321106, 142.179794312, 136.877151489, 344.927581787, 566.613037109, 170.981246948, 157.501480103, 1019.76812744, 2296.56469727, 822.277282715, 636.847839355, 1259.89050293, 335.98526001, 580.599487305, 1417.67321777, 713.635314941, 260.894561768, 285.7940979, 562.011779785, 205.389282227, 726.096801758, 607.732727051, 94.1083374023, 70.8165435791, 18.7667884827, 30.14960289, 24.7200584412, 7.28633022308, 2.27054166794, 0.912192165852, 0.493713289499, 0.0462295413017, 0.000797270971816, 0.000126159400679],
        "mean": [0.00318602775224, 0.0306415110826, 0.181021690369, 0.776049375534, 0.964088261127, 1.06457662582, 2.27755832672, 4.47635746002, 6.5598282814, 8.10544490814, 6.13188791275, 5.25758457184, 8.38905715942, 18.2438716888, 24.7727508545, 16.0916290283, 15.6840715408, 24.7983608246, 20.3645343781, 26.7909240723, 30.2182502747, 34.8683624268, 23.3978214264, 22.4797496796, 15.9154644012, 13.1520643234, 14.1017656326, 7.89657831192, 2.66377925873, 1.80878949165, 1.29848635197, 0.90693116188, 0.612365186214, 0.245043113828, 0.11257584393, 0.038832552731, 0.0117589877918, 0.000763325253502, 2.2527308829e-05, 1.19349087981e-05],
        "min": [5.29663047435e-23, 4.50583869007e-22, 1.23523268613e-21, 1.5381413393e-21, 1.22751534951e-20, 1.81852264937e-20, 2.49509645215e-20, 5.30139925338e-20, 7.07475234831e-20, 1.84706419329e-19, 2.04866723712e-19, 3.21020162034e-19, 4.33894953676e-19, 4.70826551774e-19, 7.58978692169e-19, 1.04320141446e-18, 1.47181673278e-18, 1.46382151517e-18, 2.11229523646e-18, 3.01234984059e-18, 3.4173970255e-18, 2.65467322141e-18, 4.41206475489e-18, 5.64843714081e-18, 6.64243568109e-18, 7.13348731583e-18, 7.57674941786e-18, 8.91552883157e-18, 8.57051014371e-18, 9.93462196368e-18, 9.78428188735e-18, 9.92181307189e-18, 9.71317661471e-18, 7.95184108407e-18, 5.57576436092e-18, 3.83421912643e-18, 2.11615672235e-18, 8.42898336661e-19, 2.13130955965e-19, 2.67701495616e-20],
        "stdev": [0.00704647321254, 0.070447050035, 0.659056961536, 3.8597676754, 3.15879201889, 2.53532862663, 5.81250953674, 11.6092786789, 15.6304864883, 23.7186012268, 23.7042160034, 13.2782688141, 18.4928512573, 71.5107421875, 137.664794922, 52.2705955505, 46.7535018921, 74.1610946655, 40.53673172, 52.0732917786, 77.2943191528, 71.6209945679, 45.4623184204, 48.0799827576, 36.0469970703, 25.5999526978, 55.7927398682, 40.3114852905, 6.27139377594, 4.05071496964, 2.4106156826, 2.05409479141, 1.77205753326, 0.66109251976, 0.266812592745, 0.0981262847781, 0.0397786870599, 0.00328076630831, 6.56314514345e-05, 1.90222617675e-05]
    },
    "gfcc": {
        "mean": [-587.8515625, 35.9414749146, -95.1948318481, 18.5680732727, -35.0398368835, 7.205514431, -24.5839767456, 6.39682006836, -12.5476388931, 2.13036751747, -7.01270723343, -0.329759269953, -2.31504487991],
        "cov": [[377363.375, 19791.0214844, -51905.734375, 10420.6904297, -19308.7304688, 3758.10327148, -13561.3925781, 3631.12255859, -7066.54443359, 1183.18640137, -3874.70507812, -242.218154907, -1440.19921875], [19791.0214844, 2035.28442383, -2541.05297852, 670.003601074, -1022.52001953, -69.2595214844, -777.769897461, 90.5586166382, -374.947296143, -81.728729248, -145.988143921, -140.131134033, -12.6694536209], [-51905.734375, -2541.05297852, 7715.06542969, -1375.00390625, 2674.45141602, -638.369140625, 1810.1763916, -502.386230469, 895.337402344, -212.948150635, 506.555267334, 5.08910226822, 139.727645874], [10420.6904297, 670.003601074, -1375.00390625, 423.719268799, -541.860412598, 17.7201538086, -406.67565918, 73.1073989868, -183.342514038, 7.25208950043, -90.5654602051, -38.8183555603, -15.9517803192], [-19308.7304688, -1022.52001953, 2674.45141602, -541.860412598, 1053.60644531, -174.253265381, 703.904785156, -175.448394775, 362.495819092, -58.7330932617, 195.763565063, 17.5540142059, 66.8195037842], [3758.10327148, -69.2595214844, -638.369140625, 17.7201538086, -174.253265381, 246.452026367, -75.4014968872, 61.7050933838, -78.4759902954, 58.5557022095, -64.6038742065, 45.4309234619, -27.9775409698], [-13561.3925781, -777.769897461, 1810.1763916, -406.67565918, 703.904785156, -75.4014968872, 571.510559082, -118.057510376, 253.119094849, -19.4518527985, 140.975814819, 7.36278915405, 50.7695922852], [3631.12255859, 90.5586166382, -502.386230469, 73.1073989868, -175.448394775, 61.7050933838, -118.057510376, 85.4962692261, -55.6853218079, 28.0799732208, -36.2129364014, 11.7144708633, -24.9503288269], [-7066.54443359, -374.947296143, 895.337402344, -183.342514038, 362.495819092, -78.4759902954, 253.119094849, -55.6853218079, 198.676345825, -0.655089557171, 82.466545105, 2.48756241798, 44.7474861145], [1183.18640137, -81.728729248, -212.948150635, 7.25208950043, -58.7330932617, 58.5557022095, -19.4518527985, 28.0799732208, -0.655089557171, 63.9856987, -14.9824562073, 17.8533935547, -5.32956647873], [-3874.70507812, -145.988143921, 506.555267334, -90.5654602051, 195.763565063, -64.6038742065, 140.975814819, -36.2129364014, 82.466545105, -14.9824562073, 89.8148040771, -6.43954563141, 31.9492740631], [-242.218154907, -140.131134033, 5.08910226822, -38.8183555603, 17.5540142059, 45.4309234619, 7.36278915405, 11.7144708633, 2.48756241798, 17.8533935547, -6.43954563141, 50.6521568298, -7.32433700562], [-1440.19921875, -12.6694536209, 139.727645874, -15.9517803192, 66.8195037842, -27.9775409698, 50.7695922852, -24.9503288269, 44.7474861145, -5.32956647873, 31.9492740631, -7.32433700562, 48.3335113525]],
        "icov": [[0.000285587157123, -0.000529438024387, 0.000717619550414, -0.000937811622862, 0.00073403067654, -0.000301205465803, 0.000853434437886, -0.00163974636234, 0.00154614553321, -0.00127750844695, 0.000639803009108, -1.02208823591e-05, 0.00105801515747], [-0.000529438024387, 0.00315765850246, -0.000926147564314, 0.00184330251068, -0.000786065938883, 0.00153606780805, -0.000313497701427, 0.00385555671528, -0.00210446771234, 0.00499746343121, -0.0015723464312, 0.00342172454111, -0.00330957490951], [0.000717619550414, -0.000926147564314, 0.00354588264599, -0.00194484437816, -0.000971344590653, 0.00135294743814, 0.00108000810724, -0.00290468102321, 0.00440609501675, -0.0021486710757, 0.00181084836368, 4.39212162746e-05, 0.00423320336267], [-0.000937811622862, 0.00184330251068, -0.00194484437816, 0.0135103026405, -0.000567112932913, 0.00284921610728, 0.00142308429349, 0.00606672372669, -0.00425634346902, 0.00391239766032, -0.00202256464399, 0.00477381004021, -0.00687717273831], [0.00073403067654, -0.000786065938883, -0.000971344590653, -0.000567112932913, 0.0169819425792, -0.00211551785469, -0.00191734870896, -0.00269835349172, -0.0020061575342, 0.00107456964906, -0.00014548744366, -0.00210196711123, 0.00195982074365], [-0.000301205465803, 0.00153606780805, 0.00135294743814, 0.00284921610728, -0.00211551785469, 0.01172117237, -0.00484654959291, 0.00066258845618, 0.00256301579066, -0.000909067282919, 0.00351038272493, -0.00399105297402, -0.00179940788075], [0.000853434437886, -0.000313497701427, 0.00108000810724, 0.00142308429349, -0.00191734870896, -0.00484654959291, 0.0188498999923, -0.00295036588795, 0.0037734946236, -0.00598790636286, -0.00221571605653, 0.00877265166491, -0.00014230288798], [-0.00163974636234, 0.00385555671528, -0.00290468102321, 0.00606672372669, -0.00269835349172, 0.00066258845618, -0.00295036588795, 0.0337348245084, -0.011736240238, 0.00484981294721, -0.00693839974701, -0.000841764383949, 0.00303673185408], [0.00154614553321, -0.00210446771234, 0.00440609501675, -0.00425634346902, -0.0020061575342, 0.00256301579066, 0.0037734946236, -0.011736240238, 0.0285382010043, -0.0139022637159, 0.00266955979168, 0.00171076995321, -0.00384753686376], [-0.00127750844695, 0.00499746343121, -0.0021486710757, 0.00391239766032, 0.00107456964906, -0.000909067282919, -0.00598790636286, 0.00484981294721, -0.0139022637159, 0.0352589040995, -0.00250661000609, -0.00156180141494, -0.00429287040606], [0.000639803009108, -0.0015723464312, 0.00181084836368, -0.00202256464399, -0.00014548744366, 0.00351038272493, -0.00221571605653, -0.00693839974701, 0.00266955979168, -0.00250661000609, 0.0270066317171, -0.00102397624869, -0.00702648283914], [-1.02208823591e-05, 0.00342172454111, 4.39212162746e-05, 0.00477381004021, -0.00210196711123, -0.00399105297402, 0.00877265166491, -0.000841764383949, 0.00171076995321, -0.00156180141494, -0.00102397624869, 0.035996619612, -0.00263706082478], [0.00105801515747, -0.00330957490951, 0.00423320336267, -0.00687717273831, 0.00195982074365, -0.00179940788075, -0.00014230288798, 0.00303673185408, -0.00384753686376, -0.00429287040606, -0.00702648283914, -0.00263706082478, 0.0421401821077]]
    },
    "melbands": {
        "max": [0.000661839847453, 0.004857766442, 0.00988034997135, 0.00252469885163, 0.00197537709028, 0.00329911964945, 0.00185259431601, 0.00587922148407, 0.00370675744489, 0.00100008631125, 0.000826973468065, 0.0041184918955, 0.00565219996497, 0.00409096293151, 0.00139310851227, 0.000955306983087, 0.00287249870598, 0.00068453559652, 0.000733158376534, 0.00217296904884, 0.00149232300464, 0.00100807414856, 0.000375462928787, 0.000196054272237, 0.000255568040302, 0.000492350081913, 0.000176851754077, 0.000140150717925, 0.000405897037126, 0.00125576660503, 0.000108311265649, 7.51934203436e-05, 6.80373996147e-05, 2.84600791929e-05, 1.0301578186e-05, 1.21928278531e-05, 2.2778278435e-05, 1.99922105821e-05, 1.18270208986e-05, 4.93226525577e-06],
        "mean": [3.34108626703e-05, 8.34262173157e-05, 0.000137795941555, 6.65749539621e-05, 7.42815536796e-05, 0.000104480859591, 9.77125528152e-05, 8.8426284492e-05, 4.59185575892e-05, 3.12378542731e-05, 4.1246690671e-05, 7.20016396372e-05, 7.88237375673e-05, 5.26076619281e-05, 3.51357157342e-05, 3.16253644996e-05, 4.92738290632e-05, 3.19194805343e-05, 3.20165563608e-05, 3.88137996197e-05, 3.49658657797e-05, 4.05681421398e-05, 2.59029347944e-05, 1.66230747709e-05, 1.86858032976e-05, 1.25058340927e-05, 8.63486457092e-06, 8.75967998581e-06, 7.8595658124e-06, 1.06162051452e-05, 2.49699405686e-06, 1.4919522755e-06, 1.19558137612e-06, 9.10860990189e-07, 7.82515712672e-07, 5.89352339375e-07, 5.43776707218e-07, 4.61017464204e-07, 3.1627575936e-07, 1.70617397544e-07],
        "min": [6.22611674193e-25, 7.08902752729e-25, 9.64741191129e-25, 1.11183860501e-24, 5.89021187988e-25, 1.38624643469e-24, 1.07985473265e-24, 1.43978573407e-24, 1.87828037913e-24, 1.41456003309e-24, 1.44463377738e-24, 1.44584783431e-24, 2.29459264996e-24, 1.44304777253e-24, 1.76234839442e-24, 2.40973814034e-24, 2.05078927074e-24, 3.19130208219e-24, 2.64200521768e-24, 3.31888258424e-24, 3.43572668937e-24, 2.18045630989e-24, 3.48028668089e-24, 4.01619775913e-24, 3.89232372005e-24, 2.82742855118e-24, 3.82992482244e-24, 3.93020363742e-24, 2.9782839998e-24, 4.2832291477e-24, 4.61668223006e-24, 4.10890666487e-24, 4.61352126441e-24, 4.70553321154e-24, 4.84662256216e-24, 5.52669126551e-24, 5.36416698637e-24, 5.49635759155e-24, 5.7211332513e-24, 6.1503895463e-24],
        "stdev": [6.74992552376e-05, 0.000293438468361, 0.000583812710829, 0.000177419817192, 0.000181730254553, 0.000268138683168, 0.000222660251893, 0.000299832085148, 0.000163045377121, 7.93891595094e-05, 9.36192082008e-05, 0.000293507706374, 0.000392177549656, 0.000249330827501, 0.000105594874185, 8.42155859573e-05, 0.00016075388703, 6.76432027831e-05, 6.30835056654e-05, 0.000108291853394, 8.34302118164e-05, 9.35870630201e-05, 5.0231901696e-05, 3.28273417836e-05, 4.25634279964e-05, 3.09956121782e-05, 1.85439948837e-05, 1.80062270374e-05, 2.33697719523e-05, 7.52023333916e-05, 7.88539546193e-06, 3.84403347198e-06, 3.20871436088e-06, 1.9302842702e-06, 1.45295780385e-06, 1.14171439236e-06, 1.39402879995e-06, 1.37866675232e-06, 9.48504236931e-07, 4.42010389179e-07]
    },
    "melbands128": {
        "max": [0.00042188927182, 0.00067375524668, 0.00102304923348, 0.00116982904729, 0.00210794480518, 0.0107237445191, 0.0184702537954, 0.00790400058031, 0.00561908166856, 0.00288648926653, 0.00161726411898, 0.00203598663211, 0.00232983706519, 0.00230556586757, 0.00241867220029, 0.0054502831772, 0.00397255038843, 0.00281478557736, 0.00302392826416, 0.00313340639696, 0.0131118465215, 0.00996961724013, 0.00141906971112, 0.0011962952558, 0.00191764417104, 0.000936983618885, 0.000922619423363, 0.00140553095844, 0.001760576386, 0.00425270851701, 0.00798652879894, 0.00772600481287, 0.00770558090881, 0.0180161930621, 0.00611662399024, 0.00298666069284, 0.00289939087816, 0.00159719365183, 0.00252206507139, 0.00201766192913, 0.000871440046467, 0.00264109158888, 0.00216276408173, 0.0067301238887, 0.000754740438424, 0.000838403531816, 0.00125850969926, 0.00121060118545, 0.000740903662518, 0.000951804337092, 0.00379773927853, 0.00307770492509, 0.0031703854911, 0.000554847589228, 0.00136267393827, 0.00196799053811, 0.000623130705208, 0.000576754042413, 0.000614890363067, 0.000497326836921, 0.000308219023282, 0.000244734517764, 0.00069258408621, 0.000320769206155, 0.000226250602282, 0.000470313738333, 0.00101782847196, 0.000538469059393, 0.000264082627837, 0.000457742047729, 0.00024467764888, 0.000266260496574, 0.0007775190752, 0.000476536893984, 0.000721342454199, 0.0022676771041, 0.00144403835293, 0.000172515152371, 0.000207692661206, 0.000151038795593, 0.00010526173719, 3.34434589604e-05, 4.81968309032e-05, 0.000111743800517, 3.59335608664e-05, 3.60776430171e-05, 2.68095955107e-05, 1.40110068969e-05, 1.04060245576e-05, 1.60097770276e-05, 1.67918515217e-05, 1.07202340587e-05, 1.80934584932e-05, 2.34380040638e-05, 3.21573461406e-05, 2.21963873628e-05, 2.28402241191e-05, 1.63753356901e-05, 1.55730449478e-05, 1.14354670586e-05, 6.28843554296e-06, 5.33105003342e-06, 9.23397237784e-06, 3.97644998884e-06, 4.52501672044e-06, 2.23256779464e-06, 1.54105987349e-06, 1.99013675228e-06, 2.56158796219e-06, 1.93372557078e-06, 1.26412783175e-06, 1.74866318048e-06, 2.78606307802e-06, 2.10137000067e-06, 1.62476396781e-06, 8.31729778383e-08, 1.92027709289e-08, 1.79681407531e-08, 1.70425042967e-08, 1.62704605344e-08, 1.56701958076e-08, 1.51485171074e-08, 1.47333309997e-08, 1.43669911523e-08, 1.40773686041e-08, 1.38190845433e-08, 1.3694213763e-08, 1.35718138949e-08],
        "mean": [2.04972311622e-05, 2.3862648959e-05, 3.94291200791e-05, 5.0481314247e-05, 6.74280963722e-05, 0.000114188005682, 0.000168207188835, 0.000147183483932, 9.67577652773e-05, 4.84431111545e-05, 5.51807170268e-05, 7.49588361941e-05, 8.44776150188e-05, 6.64541075821e-05, 8.36640538182e-05, 0.000143414494232, 0.000137236376759, 7.41088806535e-05, 6.56458723824e-05, 0.000106163213786, 9.5140254416e-05, 5.44580470887e-05, 4.18142881244e-05, 2.90214520646e-05, 3.95459937863e-05, 2.54701390077e-05, 2.891771328e-05, 4.87205215904e-05, 3.48676985595e-05, 8.92091775313e-05, 7.68625614e-05, 5.28607743036e-05, 8.10412166175e-05, 0.000109729859105, 4.93743755214e-05, 4.00196695409e-05, 4.62644129584e-05, 2.35987990891e-05, 4.07125589845e-05, 3.68126675312e-05, 2.19953672058e-05, 3.68982109649e-05, 4.58584472653e-05, 7.30794636183e-05, 2.38454085775e-05, 2.51813708019e-05, 3.68326727767e-05, 2.60649740085e-05, 3.14994249493e-05, 4.30086183769e-05, 3.82831203751e-05, 3.88711705455e-05, 3.0551917007e-05, 2.7811009204e-05, 5.59752443223e-05, 4.78508918604e-05, 2.10367034015e-05, 2.77245671896e-05, 2.92780860036e-05, 1.98901598196e-05, 1.31775286718e-05, 1.23004783745e-05, 2.95179834211e-05, 1.61967673193e-05, 1.04691498564e-05, 1.3105915059e-05, 1.38465838972e-05, 9.86505528999e-06, 5.92751439399e-06, 8.8578035502e-06, 9.83063000604e-06, 7.58097257858e-06, 9.31376052904e-06, 7.48766751713e-06, 5.60131002203e-06, 1.66496811289e-05, 9.51912716118e-06, 2.15014983951e-06, 2.3089064598e-06, 1.99824762603e-06, 1.61242166996e-06, 1.2284992863e-06, 1.25887322611e-06, 1.27507712477e-06, 1.05126548533e-06, 9.86498889688e-07, 7.95604705672e-07, 8.89507020929e-07, 7.75275509568e-07, 7.39708411857e-07, 6.38036397049e-07, 5.13647989919e-07, 5.74466639591e-07, 5.48787340904e-07, 5.37537459877e-07, 4.83606299895e-07, 4.77961862089e-07, 3.73855272073e-07, 3.45968174997e-07, 3.01322074847e-07, 1.26492295749e-07, 1.6363840416e-07, 1.86561294413e-07, 1.66249449762e-07, 1.31624446453e-07, 9.28533481215e-08, 7.86294620525e-08, 7.85866944852e-08, 6.71307986977e-08, 5.46114371502e-08, 4.4302943536e-08, 4.24267447841e-08, 4.00459576611e-08, 3.31313785296e-08, 1.84859896279e-08, 1.07186526321e-09, 2.15478156151e-11, 2.00075234158e-11, 1.90242214343e-11, 1.82033242646e-11, 1.7550275469e-11, 1.6992445645e-11, 1.65434610455e-11, 1.61268255694e-11, 1.5821587096e-11, 1.55645114852e-11, 1.54271977137e-11, 1.52884753468e-11],
        "min": [2.32745290365e-26, 1.44783093202e-25, 1.92057961856e-25, 2.14008152129e-25, 1.33385655495e-25, 2.44208311379e-25, 1.41078528435e-25, 8.89577303811e-26, 3.17556968125e-25, 2.48837100652e-25, 3.47985625866e-25, 1.85697043576e-25, 2.82965096956e-25, 3.85079911738e-25, 3.36694906249e-25, 1.67081067134e-27, 3.31641315378e-25, 1.58616175931e-25, 2.87817725511e-25, 7.27461888815e-25, 4.63978007737e-25, 3.80695127004e-25, 4.55181173263e-25, 1.99398620728e-25, 2.84105888433e-25, 2.45789509108e-25, 5.80952767953e-25, 2.88792609678e-25, 4.63242148423e-25, 1.16145460329e-24, 8.5557881628e-25, 9.43694480786e-25, 6.56876981599e-25, 8.88183620784e-25, 9.14116042537e-25, 3.47082528041e-25, 1.06422582039e-24, 8.95265422346e-25, 4.81169406925e-25, 6.69420165815e-25, 9.0011001438e-25, 7.64605848272e-25, 6.44018154413e-25, 6.57797680883e-25, 8.46928956454e-25, 1.31042181473e-24, 1.52754927079e-24, 1.0279880156e-24, 1.46749792464e-24, 1.4493889323e-24, 9.7704663239e-25, 1.43311542208e-24, 1.0877108998e-24, 1.14795492523e-24, 1.63284309642e-25, 7.78154435712e-25, 9.59718415138e-25, 1.74898430183e-24, 1.37062896092e-24, 1.39439290265e-24, 1.58068250403e-24, 1.28975326459e-24, 1.23068582519e-24, 1.17811455675e-24, 2.17099905093e-24, 1.97205858582e-24, 1.009427499e-24, 1.29937204282e-24, 2.66198588112e-24, 2.53079653764e-24, 2.02174913146e-24, 2.05675937007e-24, 1.27305061403e-24, 1.77608818202e-24, 1.12267518727e-24, 2.69460350461e-24, 1.95491821607e-24, 2.23155674718e-24, 2.9446753698e-24, 2.43172527149e-24, 2.31877064506e-24, 1.447032802e-24, 2.95200566254e-24, 2.68601793695e-24, 2.14361177245e-24, 2.41725854857e-24, 2.40472512651e-24, 2.67125341903e-24, 2.65911265249e-24, 2.03758531691e-24, 3.74377884501e-24, 3.2535455742e-24, 3.50366575711e-24, 3.57235424271e-24, 3.23958352503e-24, 3.02007844221e-24, 2.78246860717e-24, 3.65009175175e-24, 4.06693689813e-24, 3.98917848427e-24, 3.91172496515e-24, 4.24402276071e-24, 4.22713324873e-24, 3.00676582279e-24, 4.13041574631e-24, 3.63572107264e-24, 3.7645605967e-24, 3.35316608475e-24, 3.63440446379e-24, 3.82424975709e-24, 4.06623638964e-24, 4.22606355334e-24, 4.65129784101e-24, 4.63044154197e-24, 5.03702676341e-24, 4.4342214637e-24, 4.41146400987e-24, 3.50111773639e-24, 4.22939372966e-24, 4.12479274578e-24, 4.70824965407e-24, 5.04443337845e-24, 5.32872425476e-24, 5.30982748621e-24, 5.02019049954e-24, 4.76182908675e-24, 5.38738710712e-24, 5.59927554069e-24],
        "stdev": [4.40637122665e-05, 5.65827322134e-05, 9.33184637688e-05, 0.000125723978272, 0.000216991218622, 0.000543439178728, 0.000939886958804, 0.000573341036215, 0.000344329950167, 0.000152982931468, 0.00013893666619, 0.00019815696578, 0.000250415527262, 0.000175882159965, 0.000244774419116, 0.000430430081906, 0.00039929227205, 0.000215608859435, 0.000203368370421, 0.000336040597176, 0.000538897933438, 0.000380790239433, 0.000127382329083, 7.91214988567e-05, 0.000126098078908, 7.56813315093e-05, 7.6965217886e-05, 0.00013135842164, 0.000116797877126, 0.000376761134248, 0.000438517570728, 0.000335918099154, 0.00042611308163, 0.000994017231278, 0.000302778847981, 0.000168014143128, 0.000174216722371, 7.95959422248e-05, 0.000167956997757, 0.000151197935338, 6.53925235383e-05, 0.000151775835548, 0.000152712033014, 0.00034757234971, 6.57099444652e-05, 6.65471088723e-05, 0.000103304249933, 7.0496716944e-05, 7.31835607439e-05, 9.8854296084e-05, 0.000152597174747, 0.000196993365535, 0.000129118387122, 6.31333750789e-05, 0.000149797342601, 0.000153369954205, 5.19649329362e-05, 6.09874259681e-05, 7.60480616009e-05, 6.06521170994e-05, 3.23074891639e-05, 2.76620503428e-05, 8.90624723979e-05, 4.11245127907e-05, 2.15983945964e-05, 4.13142115576e-05, 4.74345542898e-05, 3.39270300174e-05, 1.73010030267e-05, 2.34832532442e-05, 2.74137364613e-05, 2.47869847954e-05, 3.63045073755e-05, 2.41196194111e-05, 3.29895701725e-05, 0.000136596805532, 7.78625471867e-05, 6.97158293406e-06, 1.05406033981e-05, 6.64739491185e-06, 4.84946349388e-06, 3.10268092107e-06, 3.29702425006e-06, 4.51821506431e-06, 2.46388640335e-06, 2.38794723373e-06, 1.81964924195e-06, 1.80466872735e-06, 1.47360856317e-06, 1.69371617176e-06, 1.34706931476e-06, 1.06088134544e-06, 1.35608570417e-06, 1.48926767451e-06, 1.7813327986e-06, 1.50262121679e-06, 1.47368803027e-06, 1.13412329483e-06, 1.12268423891e-06, 9.2079130809e-07, 4.04799237685e-07, 4.32942073303e-07, 5.46065052731e-07, 4.28853695666e-07, 3.57290872444e-07, 2.29867524126e-07, 1.86459914175e-07, 2.03669529242e-07, 2.00028225095e-07, 1.50719074554e-07, 1.18442727626e-07, 1.30983195845e-07, 1.62346879051e-07, 1.61859830428e-07, 9.88916610822e-08, 6.10196693174e-09, 6.14939599242e-10, 5.7540044951e-10, 5.45762601778e-10, 5.21039711376e-10, 5.01816310727e-10, 4.85106510517e-10, 4.71810868152e-10, 4.60080112896e-10, 4.50803089302e-10, 4.42528569344e-10, 4.38531821967e-10, 4.3461442778e-10]
    },
    "mfcc": {
        "mean": [-930.975524902, 48.6644859314, -23.8816871643, 8.10958957672, -0.688968539238, -0.583041012287, -3.30354619026, -0.225685015321, -0.838130176067, 1.08119297028, -3.54526782036, 1.8417109251, 0.0433891117573],
        "cov": [[95912.671875, 12895.8886719, -6407.73339844, 2446.41235352, -196.012939453, -374.636138916, -808.986328125, -95.7293624878, -302.567382812, 353.04473877, -965.383422852, 532.303039551, -16.3998966217], [12895.8886719, 2653.89257812, -734.105529785, 547.603271484, 19.104473114, -131.625335693, -164.974029541, -54.3506355286, -93.6042556763, 3.67400145531, -196.949127197, 32.2588577271, -27.883682251], [-6407.73339844, -734.105529785, 807.888183594, -27.9609928131, 66.422958374, -62.0462913513, 59.8636512756, -30.8164405823, -24.7201786041, -56.057762146, 23.4963932037, -58.3452835083, -17.556016922], [2446.41235352, 547.603271484, -27.9609928131, 303.757293701, 31.9409008026, -104.626327515, -70.4467926025, -56.5489463806, -48.4621429443, -10.5588350296, -67.1083984375, 3.80096268654, -25.4848251343], [-196.012939453, 19.104473114, 66.422958374, 31.9409008026, 82.4593887329, -24.073928833, -20.7835140228, -0.623038113117, -9.91760349274, -12.0128087997, -6.30722093582, -11.8788509369, -4.90591192245], [-374.636138916, -131.625335693, -62.0462913513, -104.626327515, -24.073928833, 123.254829407, 32.0607872009, 25.1322441101, 31.2082691193, 1.29707014561, 22.5656661987, -3.58535313606, 9.14942741394], [-808.986328125, -164.974029541, 59.8636512756, -70.4467926025, -20.7835140228, 32.0607872009, 86.30027771, 16.3933906555, 3.10185885429, 5.1291718483, 13.3078346252, -3.23922038078, -4.99209213257], [-95.7293624878, -54.3506355286, -30.8164405823, -56.5489463806, -0.623038113117, 25.1322441101, 16.3933906555, 54.0432052612, 6.16417551041, -2.18371224403, 18.453874588, -12.5502319336, 0.818648993969], [-302.567382812, -93.6042556763, -24.7201786041, -48.4621429443, -9.91760349274, 31.2082691193, 3.10185885429, 6.16417551041, 54.3628501892, 13.730052948, 11.6486339569, 12.6847314835, 9.30614185333], [353.04473877, 3.67400145531, -56.057762146, -10.5588350296, -12.0128087997, 1.29707014561, 5.1291718483, -2.18371224403, 13.730052948, 37.3263015747, 7.38661146164, 12.7902927399, 2.89023590088], [-965.383422852, -196.949127197, 23.4963932037, -67.1083984375, -6.30722093582, 22.5656661987, 13.3078346252, 18.453874588, 11.6486339569, 7.38661146164, 48.2142562866, 0.929970741272, 3.61299657822], [532.303039551, 32.2588577271, -58.3452835083, 3.80096268654, -11.8788509369, -3.58535313606, -3.23922038078, -12.5502319336, 12.6847314835, 12.7902927399, 0.929970741272, 43.8722724915, 13.6884069443], [-16.3998966217, -27.883682251, -17.556016922, -25.4848251343, -4.90591192245, 9.14942741394, -4.99209213257, 0.818648993969, 9.30614185333, 2.89023590088, 3.61299657822, 13.6884069443, 28.4644889832]],
        "icov": [[5.78789695282e-05, -0.000157469330588, 0.000277460640064, -0.000120098462503, -5.03291448695e-05, -1.09203355692e-07, -7.62388808653e-05, -0.000188599020476, 0.000132052125991, -0.00018122032634, 0.000301577005303, -0.000269770243904, -7.21265314496e-06], [-0.000157469330588, 0.00149892468471, 0.000115868599096, -0.00110245565884, -3.23206586472e-05, -4.92481849506e-05, 0.000234751627431, -0.00014366612595, 0.000230049816309, 0.000556405808311, 0.0012437972473, 0.000818003260065, -0.000165367891896], [0.000277460640064, 0.000115868599096, 0.00448020175099, -0.00146903109271, -0.00193790765479, 0.00218368391506, -0.00338254030794, 0.00222807982937, -0.000313616590574, 0.00294102123007, 0.000285315501969, 0.00231318478473, -0.00131656345911], [-0.000120098462503, -0.00110245565884, -0.00146903109271, 0.0106466365978, -0.000324458698742, 0.00296963937581, 0.00417798012495, 0.00444223918021, 0.00226517068222, 0.00011327338143, 0.003305117134, -0.00173301436007, 0.00673325313255], [-5.03291448695e-05, -3.23206586472e-05, -0.00193790765479, -0.000324458698742, 0.015489933081, 0.000862026354298, 0.00447660498321, -0.00308045558631, 9.17843281059e-05, 0.000999181997031, 0.000650918809697, 0.00117377983406, 0.000941395293921], [-1.09203355692e-07, -4.92481849506e-05, 0.00218368391506, 0.00296963937581, 0.000862026354298, 0.0151108428836, -0.00456553837284, 0.00189331755973, -0.00668515637517, 0.00598499225453, -0.00279573048465, 0.00529743591323, -0.00222112145275], [-7.62388808653e-05, 0.000234751627431, -0.00338254030794, 0.00417798012495, 0.00447660498321, -0.00456553837284, 0.0206137094647, -0.00573029229417, 0.00544915301725, -0.00645246636122, 0.00523916818202, -0.0059826374054, 0.00894515775144], [-0.000188599020476, -0.00014366612595, 0.00222807982937, 0.00444223918021, -0.00308045558631, 0.00189331755973, -0.00573029229417, 0.0325228758156, -0.00326616456732, 0.00731118302792, -0.0118233067915, 0.0129842795432, -0.00239566620439], [0.000132052125991, 0.000230049816309, -0.000313616590574, 0.00226517068222, 9.17843281059e-05, -0.00668515637517, 0.00544915301725, -0.00326616456732, 0.0289501603693, -0.0102345887572, 0.0044695683755, -0.00915682408959, 0.000760734837968], [-0.00018122032634, 0.000556405808311, 0.00294102123007, 0.00011327338143, 0.000999181997031, 0.00598499225453, -0.00645246636122, 0.00731118302792, -0.0102345887572, 0.0402421802282, -0.0100045679137, -0.000506234006025, 3.58063953172e-05], [0.000301577005303, 0.0012437972473, 0.000285315501969, 0.003305117134, 0.000650918809697, -0.00279573048465, 0.00523916818202, -0.0118233067915, 0.0044695683755, -0.0100045679137, 0.0410206764936, -0.00838915538043, 0.00517911231145], [-0.000269770243904, 0.000818003260065, 0.00231318478473, -0.00173301436007, 0.00117377983406, 0.00529743591323, -0.0059826374054, 0.0129842795432, -0.00915682408959, -0.000506234006025, -0.00838915538043, 0.0413607694209, -0.0181823465973], [-7.21265314496e-06, -0.000165367891896, -0.00131656345911, 0.00673325313255, 0.000941395293921, -0.00222112145275, 0.00894515775144, -0.00239566620439, 0.000760734837968, 3.58063953172e-05, 0.00517911231145, -0.0181823465973, 0.0505296885967]]
    },
    "spectral_contrast_coeffs": {
        "max": [-0.530281662941, -0.555135786533, -0.529974281788, -0.545661091805, -0.556839942932, -0.4593359828],
        "mean": [-0.84596401453, -0.866615355015, -0.862776339054, -0.861113250256, -0.854060232639, -0.838738322258],
        "min": [-0.989364266396, -0.984337866306, -0.977376759052, -0.974916100502, -0.969206869602, -0.965620219707],
        "stdev": [0.117910511792, 0.103803120553, 0.104447968304, 0.102464295924, 0.106444604695, 0.11509976536]
    },
    "spectral_contrast_valleys": {
        "max": [-5.75870037079, -5.53062343597, -5.93395185471, -5.33812761307, -5.57849502563, -8.44549846649],
        "mean": [-16.5222663879, -16.0929031372, -16.261428833, -16.2324390411, -16.248840332, -18.0082855225],
        "min": [-28.410993576, -28.0574226379, -27.9730510712, -27.7007980347, -27.6220588684, -27.4470787048],
        "stdev": [9.64908981323, 10.0159196854, 9.88662528992, 9.89558982849, 9.90091323853, 8.34171867371]
    }
},
"rhythm": {
    "beats_count": 51,
    "beats_loudness": {
        "max": 0.0658794790506,
        "mean": 0.0101940808818,
        "min": 0,
        "stdev": 0.0162461791188
    },
    "bpm": 166.014068604,
    "bpm_histogram_first_peak_bpm": 167,
    "bpm_histogram_first_peak_weight": 0,
    "bpm_histogram_second_peak_bpm": 112,
    "bpm_histogram_second_peak_spread": 0.125,
    "bpm_histogram_second_peak_weight": 0.140000000596,
    "danceability": 0.879555344582,
    "onset_rate": 1.76954936981,
    "beats_loudness_band_ratio": {
        "max": [0.597787022591, 0.383370906115, 0.315028876066, 0.703824281693, 0.543065071106, 0.549538016319],
        "mean": [0.0530094392598, 0.049640879035, 0.0492860302329, 0.114811189473, 0.164325654507, 0.0744204744697],
        "min": [0, 0, 0, 0, 0, 0],
        "stdev": [0.122348874807, 0.0896871164441, 0.0688271522522, 0.167371347547, 0.208686724305, 0.106087692082]
    },
    "beats_position": [0.429569154978, 0.882358253002, 1.34675729275, 1.79954648018, 2.27555561066, 2.75156450272, 3.22757363319, 3.70358276367, 4.1679816246, 4.6439909935, 5.13160991669, 5.630838871, 6.13006782532, 6.62929677963, 7.12852573395, 7.61614513397, 8.09215450287, 8.56816291809, 9.07900238037, 9.61306095123, 10.1471195221, 10.6811790466, 11.2152376175, 11.749297142, 12.2717456818, 12.8058052063, 13.3398637772, 13.722992897, 14.1061220169, 14.4776411057, 14.8491611481, 15.2090702057, 15.5689792633, 15.9288883209, 16.2887973785, 16.6487064362, 17.0086174011, 17.3685264587, 17.7284355164, 18.0767345428, 18.4250335693, 18.7733325958, 19.1216316223, 19.4699325562, 19.8182315826, 20.1781406403, 20.5380496979, 20.8979587555, 21.2578678131, 21.6177768707, 21.9660758972],
