{
"metadata": {
    "version": {
        "essentia": "2.1-beta5",
        "essentia_git_sha": "Undefined",
        "extractor": "music 2.0"
    },
    "audio_properties": {
        "analysis": {
            "equal_loudness": 0,
            "length": 35.6426315308,
            "sample_rate": 44100,
            "start_time": 191.4949646,
            "downmix": "mix"
        },
        "bit_rate": 192000,
        "length": 227.160812378,
        "lossless": 0,
        "number_channels": 2,
        "replay_gain": -11.9771690369,
        "sample_rate": 44100,
        "codec": "mp3",
        "md5_encoded": "33bd72a2f028b0feb3d5ab4a838f5f38"
    },
    "tags": {
        "file_name": "Spain_Su Canción_Betty Missiego.mp3",
        "encoding": ["Lavf58.29.100"]
    }
},
"lowlevel": {
    "average_loudness": 0.434223711491,
    "barkbands_crest": {
        "max": 18.3820228577,
        "mean": 5.74581718445,
        "min": 2.30661773682,
        "stdev": 2.29849886894
    },
    "barkbands_flatness_db": {
        "max": 0.252242535353,
        "mean": 0.119089692831,
        "min": 0.0473663061857,
        "stdev": 0.0247185714543
    },
    "barkbands_kurtosis": {
        "max": 24.5412368774,
        "mean": 0.745976924896,
        "min": -1.58914148808,
        "stdev": 1.69778728485
    },
    "barkbands_skewness": {
        "max": 4.31009292603,
        "mean": 0.207165658474,
        "min": -1.23554205894,
        "stdev": 0.605519354343
    },
    "barkbands_spread": {
        "max": 69.9375228882,
        "mean": 15.4872713089,
        "min": 3.23493289948,
        "stdev": 5.56048154831
    },
    "dissonance": {
        "max": 0.500000059605,
        "mean": 0.487497061491,
        "min": 0.385490953922,
        "stdev": 0.0183120463043
    },
    "dynamic_complexity": 2.71789526939,
    "erbbands_crest": {
        "max": 25.0639743805,
        "mean": 7.63322973251,
        "min": 2.74737215042,
        "stdev": 3.13348579407
    },
    "erbbands_flatness_db": {
        "max": 0.295927166939,
        "mean": 0.197883233428,
        "min": 0.0892199128866,
        "stdev": 0.0241002365947
    },
    "erbbands_kurtosis": {
        "max": 8.88352775574,
        "mean": 0.936791181564,
        "min": -1.60615742207,
        "stdev": 0.868044734001
    },
    "erbbands_skewness": {
        "max": 1.28550779819,
        "mean": 0.31547254324,
        "min": -0.860461831093,
        "stdev": 0.267715007067
    },
    "erbbands_spread": {
        "max": 122.341712952,
        "mean": 19.1540374756,
        "min": 6.36737537384,
        "stdev": 8.57585906982
    },
    "hfc": {
        "max": 104.053436279,
        "mean": 26.4344577789,
        "min": 0.0726557821035,
        "stdev": 16.7627601624
    },
    "loudness_ebu128": {
        "integrated": -12.4655799866,
        "loudness_range": 7.45238018036,
        "momentary": {
            "max": -7.29366111755,
            "mean": -13.5321340561,
            "min": -26.1908016205,
            "stdev": 3.20200419426
        },
        "short_term": {
            "max": -8.69856548309,
            "mean": -13.0966405869,
            "min": -18.6533145905,
            "stdev": 2.43605303764
        }
    },
    "melbands_crest": {
        "max": 26.4827957153,
        "mean": 6.59556818008,
        "min": 2.80221056938,
        "stdev": 3.94544243813
    },
    "melbands_flatness_db": {
        "max": 0.337106585503,
        "mean": 0.0979143381119,
        "min": 0.0342451222241,
        "stdev": 0.0499635748565
    },
    "melbands_kurtosis": {
        "max": 90.0819244385,
        "mean": 1.72887265682,
        "min": -1.23845481873,
        "stdev": 4.70041275024
    },
    "melbands_skewness": {
        "max": 8.62735939026,
        "mean": 0.519772529602,
        "min": -0.668654680252,
        "stdev": 0.85712146759
    },
    "melbands_spread": {
        "max": 142.463180542,
        "mean": 31.5283145905,
        "min": 3.1423842907,
        "stdev": 8.72197723389
    },
    "pitch_salience": {
        "max": 0.893498897552,
        "mean": 0.752767145634,
        "min": 0.287938773632,
        "stdev": 0.115602277219
    },
    "silence_rate_20dB": {
        "max": 1,
        "mean": 1,
        "min": 1,
        "stdev": 0
    },
    "silence_rate_30dB": {
        "max": 1,
        "mean": 0.998697936535,
        "min": 0,
        "stdev": 0.0360605679452
    },
    "silence_rate_60dB": {
        "max": 1,
        "mean": 0.0611979179084,
        "min": 0,
        "stdev": 0.239694163203
    },
    "spectral_centroid": {
        "max": 3717.1652832,
        "mean": 2160.3659668,
        "min": 311.592529297,
        "stdev": 509.976745605
    },
    "spectral_complexity": {
        "max": 57,
        "mean": 30.7630214691,
        "min": 0,
        "stdev": 10.4154281616
    },
    "spectral_decrease": {
        "max": -5.25103051319e-11,
        "mean": -4.18057810592e-09,
        "min": -3.21881117316e-08,
        "stdev": 4.59823690235e-09
    },
    "spectral_energy": {
        "max": 0.129207253456,
        "mean": 0.0181761626154,
        "min": 0.000204776370083,
        "stdev": 0.0184960030019
    },
    "spectral_energyband_high": {
        "max": 0.00889024976641,
        "mean": 0.000989133375697,
        "min": 8.02761462637e-07,
        "stdev": 0.000800022797193
    },
    "spectral_energyband_low": {
        "max": 0.0795218124986,
        "mean": 0.00284354947507,
        "min": 1.36944129281e-06,
        "stdev": 0.00834729615599
    },
    "spectral_energyband_middle_high": {
        "max": 0.0572032704949,
        "mean": 0.0106222098693,
        "min": 1.28539750222e-05,
        "stdev": 0.00705329002813
    },
    "spectral_energyband_middle_low": {
        "max": 0.0849929451942,
        "mean": 0.00468121701851,
        "min": 6.53517708997e-05,
        "stdev": 0.00941914506257
    },
    "spectral_entropy": {
        "max": 8.73475265503,
        "mean": 7.96471214294,
        "min": 6.77891254425,
        "stdev": 0.268628746271
    },
    "spectral_flux": {
        "max": 0.22934691608,
        "mean": 0.0760119706392,
        "min": 0.00448910798877,
        "stdev": 0.0300314389169
    },
    "spectral_kurtosis": {
        "max": 16.4048271179,
        "mean": 4.29124689102,
        "min": -1.06901085377,
        "stdev": 1.38843810558
    },
    "spectral_rms": {
        "max": 0.0112274605781,
        "mean": 0.0038117012009,
        "min": 0.000446969614131,
        "stdev": 0.00178991886787
    },
    "spectral_rolloff": {
        "max": 10831.2011719,
        "mean": 2560.29370117,
        "min": 193.798828125,
        "stdev": 920.502990723
    },
    "spectral_skewness": {
        "max": 3.07368850708,
        "mean": 1.55378854275,
        "min": 0.265608876944,
        "stdev": 0.203339353204
    },
    "spectral_spread": {
        "max": 13193122,
        "mean": 3816055.75,
        "min": 2161097.25,
        "stdev": 746638.9375
    },
    "spectral_strongpeak": {
        "max": 10.0586442947,
        "mean": 1.25748968124,
        "min": 0.0158787276596,
        "stdev": 1.1479177475
    },
    "zerocrossingrate": {
        "max": 0.3291015625,
        "mean": 0.0979989394546,
        "min": 0.00634765625,
        "stdev": 0.0266595017165
    },
    "barkbands": {
        "max": [0.00354962330312, 0.0243191830814, 0.0424141362309, 0.0553641170263, 0.0230596251786, 0.0133979031816, 0.00607902323827, 0.0250082872808, 0.023323379457, 0.0128908976912, 0.0095587298274, 0.0521033667028, 0.00664814468473, 0.0193459242582, 0.00833158195019, 0.00803313683718, 0.00542746018618, 0.00334854493849, 0.00206546066329, 0.00193609751295, 0.00166907801758, 0.00149338657502, 0.00194254191592, 0.00374671141617, 0.00231578922831, 0.000584255496506, 1.74741696668e-08],
        "mean": [4.31706866948e-05, 0.000712127657607, 0.00121870287694, 0.00130656687543, 0.000539675587788, 0.000447553495178, 0.000328522088239, 0.0011233597761, 0.000793535320554, 0.000785481941421, 0.000647579086944, 0.00233172671869, 0.00105624075513, 0.0012416166719, 0.00138194940519, 0.00139313365798, 0.000840596854687, 0.000484609830892, 0.000348415836925, 0.000340191967553, 0.000281874818029, 0.000196908484213, 0.000139109717566, 0.000101139150502, 6.88963627908e-05, 2.34787075897e-05, 6.210165715e-10],
        "min": [5.20045873031e-09, 1.2385751802e-07, 9.16253668493e-08, 8.96277185802e-08, 2.37362633015e-06, 3.82176767744e-06, 8.56151359585e-07, 2.95998830779e-07, 8.81966798261e-07, 6.76611307426e-07, 1.13233511456e-06, 1.01541797903e-06, 1.76621335868e-06, 6.67471852012e-07, 8.42578231186e-07, 5.56336431146e-07, 6.46301430152e-07, 2.91604607128e-07, 2.787745359e-07, 2.30188675232e-07, 2.07965058507e-07, 9.53970342721e-08, 9.54993453206e-08, 3.90646839321e-08, 3.67451953309e-08, 1.07046211895e-08, 1.24152025466e-11],
        "stdev": [0.00023478208459, 0.00218948023394, 0.00422738865018, 0.00536731025204, 0.00148005690426, 0.00107843091246, 0.000554646772798, 0.00281504611485, 0.00188295298722, 0.0010687217582, 0.000621038372628, 0.00465590273961, 0.000810052733868, 0.00130576197989, 0.00101572577842, 0.00115813524462, 0.000720412586816, 0.000396582996473, 0.000282775581582, 0.000277408456896, 0.00021804588323, 0.000166742072906, 0.000129188571009, 0.000152820983203, 0.000128063329612, 5.17934167874e-05, 1.36491773439e-09]
    },
    "erbbands": {
        "max": [1.27986824512, 4.01246500015, 38.8333053589, 142.727828979, 176.574142456, 44.6426849365, 144.716567993, 48.8308105469, 70.2869262695, 120.320556641, 692.842041016, 613.991516113, 346.510314941, 398.249664307, 453.360565186, 2693.56811523, 369.510803223, 379.027954102, 935.126342773, 534.676391602, 437.976379395, 289.7918396, 195.82800293, 94.7788848877, 151.698394775, 105.563613892, 76.3280487061, 65.2153701782, 51.8859863281, 39.3856315613, 62.3710861206, 63.8569221497, 70.0241622925, 34.1456871033, 11.3616075516, 3.45805644989, 0.958995163441, 0.0399855002761, 0.00101036950946, 0.000177017893293],
        "mean": [0.0254904162139, 0.157938122749, 1.09852385521, 3.55272316933, 2.30237269402, 1.65017044544, 4.12151956558, 2.84600162506, 4.45189285278, 6.22113370895, 32.7371101379, 18.8151493073, 17.3516197205, 30.746711731, 32.2671012878, 104.683494568, 56.3225059509, 60.5820579529, 70.8763885498, 75.1537704468, 72.6398162842, 46.8563499451, 29.0382442474, 19.6192646027, 17.7275867462, 16.6580677032, 12.7340974808, 10.0061273575, 7.31217050552, 5.20853948593, 3.83328986168, 2.45008206367, 1.51695096493, 0.867496013641, 0.440720885992, 0.172474935651, 0.0293864067644, 0.00088767480338, 4.24181962444e-05, 2.69929951173e-05],
        "min": [1.93685059457e-06, 6.18681078777e-05, 0.000301843741909, 0.00139942625538, 0.00383759196848, 0.00796858873218, 0.0233907420188, 0.0346948578954, 0.0611115433276, 0.056065864861, 0.0296794436872, 0.0240870993584, 0.016431286931, 0.034792907536, 0.0490478314459, 0.0453452728689, 0.0735990181565, 0.0715014412999, 0.0748257562518, 0.0451765991747, 0.0357831344008, 0.0373957194388, 0.0188736356795, 0.0156680233777, 0.0145266726613, 0.00996816251427, 0.0104947052896, 0.0081188371405, 0.00372413638979, 0.00283623416908, 0.00245085614733, 0.00121546175797, 0.000559636799153, 0.000286873284495, 0.000248414027737, 0.000103785881947, 3.21720949614e-06, 1.33676635983e-07, 1.12567477117e-07, 2.31112451843e-07],
        "stdev": [0.0987764745951, 0.438025355339, 3.79648828506, 13.2588205338, 8.86159133911, 4.12891960144, 11.9033937454, 5.41677951813, 7.60763549805, 10.5516986847, 81.1339492798, 45.1773872375, 21.2772808075, 37.3410682678, 29.5002307892, 219.241027832, 47.119682312, 43.5205001831, 64.4575119019, 58.7714576721, 60.2440109253, 38.5234184265, 23.7499275208, 14.6066637039, 15.6730594635, 14.1850004196, 9.47466182709, 8.10368442535, 6.05336380005, 4.55044221878, 3.7108938694, 2.93591928482, 2.70026516914, 1.59251570702, 0.878631234169, 0.354744613171, 0.0734289810061, 0.00282142823562, 7.95507221483e-05, 2.54753849731e-05]
    },
    "gfcc": {
        "mean": [-3.65412020683, 39.5990409851, -186.640518188, 15.4715232849, -71.581703186, 22.7331867218, -49.8249511719, 6.57305192947, -28.6719074249, 4.82792472839, -19.8721981049, -0.633865892887, -7.22187232971],
        "cov": [[2774.5390625, -115.850547791, 286.128753662, 17.017408371, 43.8066253662, 147.730606079, 158.043869019, 167.309387207, -98.6274719238, 77.3027191162, 16.325630188, 3.4689412117, -144.523468018], [-115.850547791, 1551.33532715, 840.928833008, 281.661254883, 243.626663208, -43.9233932495, 280.24407959, -1.13617730141, -24.1801223755, -81.1117553711, 186.250061035, -234.67805481, -42.5354804993], [286.128753662, 840.928833008, 756.287841797, 226.721374512, 162.388656616, 54.2648658752, 184.064575195, 51.0718803406, -54.2507896423, -19.2959480286, 75.957359314, -120.193740845, -79.0614395142], [17.017408371, 281.661254883, 226.721374512, 121.936531067, 72.2478485107, 15.148516655, 59.8515663147, 5.22871112823, -10.7901134491, -15.9607658386, 24.9375514984, -35.8370246887, -23.3761196136], [43.8066253662, 243.626663208, 162.388656616, 72.2478485107, 95.6355667114, 19.4662380219, 57.235294342, 15.1739988327, -6.17333126068, -7.5468878746, 22.8262882233, -25.3417568207, -15.3354501724], [147.730606079, -43.9233932495, 54.2648658752, 15.148516655, 19.4662380219, 68.6207427979, 31.4814338684, 29.209104538, -5.039249897, 15.3644533157, -2.10034394264, 9.47930049896, -14.482293129], [158.043869019, 280.24407959, 184.064575195, 59.8515663147, 57.235294342, 31.4814338684, 111.939544678, 35.5800056458, -7.75910186768, 2.00553774834, 43.1537971497, -42.3403282166, -21.6179256439], [167.309387207, -1.13617730141, 51.0718803406, 5.22871112823, 15.1739988327, 29.209104538, 35.5800056458, 60.9857749939, 6.47230148315, 19.4284248352, 9.14590072632, 4.41877365112, -10.5282278061], [-98.6274719238, -24.1801223755, -54.2507896423, -10.7901134491, -6.17333126068, -5.039249897, -7.75910186768, 6.47230148315, 43.9104347229, 13.8505582809, 6.54631471634, 11.6156072617, 17.3190593719], [77.3027191162, -81.1117553711, -19.2959480286, -15.9607658386, -7.5468878746, 15.3644533157, 2.00553774834, 19.4284248352, 13.8505582809, 48.1811332703, 9.85438537598, 23.9998226166, 0.583844006062], [16.325630188, 186.250061035, 75.957359314, 24.9375514984, 22.8262882233, -2.10034394264, 43.1537971497, 9.14590072632, 6.54631471634, 9.85438537598, 66.8543548584, -17.223236084, 7.44046783447], [3.4689412117, -234.67805481, -120.193740845, -35.8370246887, -25.3417568207, 9.47930049896, -42.3403282166, 4.41877365112, 11.6156072617, 23.9998226166, -17.223236084, 76.0061798096, 19.2052021027], [-144.523468018, -42.5354804993, -79.0614395142, -23.3761196136, -15.3354501724, -14.482293129, -21.6179256439, -10.5282278061, 17.3190593719, 0.583844006062, 7.44046783447, 19.2052021027, 50.5636100769]],
        "icov": [[0.00058969767997, 0.000549187767319, -0.000410303502576, 0.000499376736116, -0.000341018720064, 0.000356644042768, -0.000972894951701, -0.000634550757241, 0.000878286897205, -3.72038339265e-05, -0.000724733865354, 6.01066167292e-05, 0.000970870663878], [0.000549187767319, 0.0144571848214, -0.0111629264429, 0.00539490533993, -0.0121641792357, 0.0160976015031, -0.0152979670092, 0.0103390449658, -0.010189993307, 0.0112381335348, -0.0144288456067, 0.00979795027524, -0.00293288496323], [-0.000410303502576, -0.0111629264429, 0.0134230665863, -0.0102952858433, 0.00838014297187, -0.0127877062187, 0.0107185784727, -0.0101965880021, 0.0117510026321, -0.0104992752895, 0.00997076835483, -0.00415550079197, 0.00321134668775], [0.000499376736116, 0.00539490533993, -0.0102952858433, 0.0276715122163, -0.0132188890129, 0.00521954894066, -0.00780066149309, 0.00955166760832, -0.00918205734342, 0.0103183519095, -0.006497095339, -0.000650635629427, 0.00302940653637], [-0.000341018720064, -0.0121641792357, 0.00838014297187, -0.0132188890129, 0.0320225991309, -0.0150787644088, 0.00813168473542, -0.00985847786069, 0.00761755323038, -0.00735000101849, 0.0117313833907, -0.00954752415419, 0.00197744439356], [0.000356644042768, 0.0160976015031, -0.0127877062187, 0.00521954894066, -0.0150787644088, 0.0417242720723, -0.0240983050317, 0.00661902362481, -0.00896270293742, 0.00798384193331, -0.0100405961275, 0.00496400613338, -0.00199843547307], [-0.000972894951701, -0.0152979670092, 0.0107185784727, -0.00780066149309, 0.00813168473542, -0.0240983050317, 0.0435467883945, -0.0194211415946, 0.0113808382303, -0.0113395405933, 0.00455397088081, -0.000829743628856, 0.00351946265437], [-0.000634550757241, 0.0103390449658, -0.0101965880021, 0.00955166760832, -0.00985847786069, 0.00661902362481, -0.0194211415946, 0.0379452370107, -0.0163617283106, 0.004436428193, -0.00805751979351, 0.002562206937, -0.000374932278646], [0.000878286897205, -0.010189993307, 0.0117510026321, -0.00918205734342, 0.00761755323038, -0.00896270293742, 0.0113808382303, -0.0163617283106, 0.0437071658671, -0.0191117506474, 0.00843652244657, -0.00368950725533, -0.00532057136297], [-3.72038339265e-05, 0.0112381335348, -0.0104992752895, 0.0103183519095, -0.00735000101849, 0.00798384193331, -0.0113395405933, 0.004436428193, -0.0191117506474, 0.0456088483334, -0.0201810523868, -0.0042318822816, 0.00443078856915], [-0.000724733865354, -0.0144288456067, 0.00997076835483, -0.006497095339, 0.0117313833907, -0.0100405961275, 0.00455397088081, -0.00805751979351, 0.00843652244657, -0.0201810523868, 0.0411884710193, -0.00758357904851, -0.0065084095113], [6.01066167292e-05, 0.00979795027524, -0.00415550079197, -0.000650635629427, -0.00954752415419, 0.00496400613338, -0.000829743628856, 0.002562206937, -0.00368950725533, -0.0042318822816, -0.00758357904851, 0.03495657444, -0.0105281695724], [0.000970870663878, -0.00293288496323, 0.00321134668775, 0.00302940653637, 0.00197744439356, -0.00199843547307, 0.00351946265437, -0.000374932278646, -0.00532057136297, 0.00443078856915, -0.0065084095113, -0.0105281695724, 0.0346884280443]]
    },
    "melbands": {
        "max": [0.00860006548464, 0.0142331635579, 0.0195808634162, 0.00661127269268, 0.00420219823718, 0.00144812546205, 0.00108796427958, 0.00153323332779, 0.00551973516122, 0.00351464073174, 0.00187515327707, 0.00171510386281, 0.00156432227232, 0.00530717987567, 0.00344120780937, 0.000583257584367, 0.000949283712544, 0.00208283378743, 0.000578932696953, 0.000682837096974, 0.000559954554774, 0.00038482339005, 0.000293665449135, 0.000240858484176, 7.61683477322e-05, 0.000101936675492, 8.47251649247e-05, 6.40403741272e-05, 7.00580130797e-05, 4.28619241575e-05, 3.78410913981e-05, 3.11596413667e-05, 2.78882107523e-05, 2.03435920412e-05, 3.74668270524e-05, 4.33416498709e-05, 3.49706278939e-05, 5.18645865668e-05, 3.49081929016e-05, 2.9816183087e-05],
        "mean": [0.000206539756618, 0.000469021528261, 0.000555225182325, 0.00012445768516, 0.000125835475046, 6.7942411988e-05, 6.88418949721e-05, 8.26221294119e-05, 0.000275067577604, 0.000103722799395, 8.64925896167e-05, 0.000125093341921, 9.13936237339e-05, 0.000217590844841, 0.000220327754505, 0.000107026047772, 0.000111433269922, 0.000113044887257, 0.000103631369711, 9.87649036688e-05, 8.10156416264e-05, 5.09718811372e-05, 3.1907675293e-05, 2.23419319809e-05, 1.48745830302e-05, 1.35210420922e-05, 1.16421260827e-05, 1.08479289338e-05, 8.15788462205e-06, 6.83622647557e-06, 5.4438260122e-06, 4.2917531573e-06, 3.3580733998e-06, 2.69993938673e-06, 2.31035255638e-06, 1.7751458472e-06, 1.37925826493e-06, 1.1128619235e-06, 8.58081023125e-07, 6.85816985424e-07],
        "min": [2.24608882604e-08, 2.04298771678e-07, 2.54383394349e-07, 4.75458250548e-07, 6.90487240718e-07, 7.74223053668e-07, 6.92598121077e-07, 5.67322274492e-07, 2.46546477456e-07, 1.33610456032e-07, 7.22496835692e-08, 1.3365564655e-07, 1.67201676504e-07, 1.31841929374e-07, 9.49750997847e-08, 1.75561737592e-07, 1.06347982864e-07, 1.25075857227e-07, 6.48022364658e-08, 3.67186316907e-08, 3.86356724391e-08, 2.89222601424e-08, 2.07374508676e-08, 1.29947146377e-08, 1.16849463438e-08, 1.12576472588e-08, 8.12464762134e-09, 6.04223115985e-09, 6.23790752385e-09, 4.52729720379e-09, 3.61598817555e-09, 2.00880401202e-09, 1.19980336777e-09, 1.83205373094e-09, 1.44046197192e-09, 1.23757326609e-09, 4.85024242991e-10, 3.77755909886e-10, 3.09090558703e-10, 2.04382288871e-10],
        "stdev": [0.000704627193045, 0.00146344024688, 0.0019951981958, 0.000370546476915, 0.000344033061992, 0.00013495645544, 0.00011765868112, 0.000160395953571, 0.000677392352372, 0.000244998780545, 0.000113814719953, 0.000160261712153, 8.98865837371e-05, 0.000406398292398, 0.000407031911891, 7.97433967819e-05, 8.66514383233e-05, 0.000127686784253, 7.86207456258e-05, 8.39709828142e-05, 7.10728709237e-05, 4.48884056823e-05, 2.76737791864e-05, 1.97354911506e-05, 1.14751883302e-05, 1.30145454023e-05, 1.01120876934e-05, 9.57206066232e-06, 6.41776387056e-06, 5.68151290281e-06, 4.6562231546e-06, 3.61092588719e-06, 3.02872263092e-06, 2.45087176154e-06, 2.30472937801e-06, 1.92634956875e-06, 1.78806658369e-06, 1.99616852115e-06, 1.57069428042e-06, 1.32237755679e-06]
    },
    "melbands128": {
        "max": [0.00333414110355, 0.0125041790307, 0.00986683834344, 0.00520268175751, 0.0179831460118, 0.021402861923, 0.0369395762682, 0.0314489416778, 0.0191720537841, 0.00313536007889, 0.00303772720508, 0.00382087263279, 0.00716561917216, 0.00497189816087, 0.00149421219248, 0.00162838352844, 0.00138375186361, 0.00207879021764, 0.00184978288598, 0.00188388046809, 0.00280960067175, 0.00678054755554, 0.0101684574038, 0.0093910228461, 0.007936459966, 0.00181887822691, 0.00121844606474, 0.00210933573544, 0.00418665632606, 0.00294731277972, 0.00188110966701, 0.000968721345998, 0.00274998787791, 0.00148666999303, 0.00189476460218, 0.00810804404318, 0.0137220257893, 0.00541253155097, 0.00137437449303, 0.00167196954135, 0.00103897892404, 0.00132056605071, 0.000879910890944, 0.0024250166025, 0.00430971104652, 0.0022411334794, 0.00105531921145, 0.000843371963128, 0.00105862761848, 0.000992071116343, 0.00118636887055, 0.000779372348916, 0.00119935336988, 0.000827050127555, 0.00064793555066, 0.000517927051987, 0.000350458547473, 0.000667121494189, 0.000241603702307, 0.000275357509963, 0.000458569760667, 0.000188928534044, 0.000121019475046, 9.27523433347e-05, 0.000122147437651, 0.000172624422703, 0.000256615836406, 0.000147368875332, 0.000115772345453, 0.000190936305444, 0.000125699923956, 9.25973799895e-05, 0.000115772054414, 6.93544279784e-05, 5.28979799128e-05, 6.91837340128e-05, 7.71901904955e-05, 5.68247232877e-05, 4.93151310366e-05, 4.83854273625e-05, 3.91893772758e-05, 4.09929125453e-05, 3.68163455278e-05, 3.14242752211e-05, 3.8331203541e-05, 2.12307386391e-05, 2.01856655622e-05, 3.58255565516e-05, 6.74550610711e-05, 1.62002725119e-05, 3.69794797734e-05, 6.20852370048e-05, 3.75191775674e-05, 3.05153334921e-05, 3.55727861461e-05, 3.61391212209e-05, 6.68664288241e-05, 5.97592807026e-05, 3.74703595298e-05, 2.45178671321e-05, 2.38122138398e-05, 2.92833992717e-05, 4.43423305114e-05, 1.49061097545e-05, 2.26377233048e-05, 8.43946872919e-06, 1.53515175043e-05, 9.83576774161e-06, 8.90157843969e-06, 6.86289604346e-06, 5.90571471548e-06, 4.52077665614e-06, 3.52756478605e-06, 2.00872227651e-06, 7.32903856715e-07, 6.24221172529e-08, 8.86993256621e-11, 8.35304464486e-11, 8.03596286736e-11, 7.75796857311e-11, 7.52298709439e-11, 7.31534693932e-11, 7.13827955079e-11, 6.99621818812e-11, 6.87473064587e-11, 6.78127345943e-11, 6.71021294085e-11, 6.67044128266e-11],
        "mean": [4.09602398577e-05, 0.000215768115595, 0.000260603468632, 0.000220791494939, 0.000437372247688, 0.000638760335278, 0.00082147057401, 0.000526984862518, 0.000176052752067, 0.000105697465187, 7.49949176679e-05, 0.000102159392554, 0.000177340349182, 0.000108299544081, 5.47650306544e-05, 5.34123209945e-05, 5.29475328221e-05, 8.99211736396e-05, 6.21356230113e-05, 4.92163708259e-05, 6.71725138091e-05, 0.000240654975642, 0.000405041180784, 0.000174137661816, 0.000107495427073, 7.35402354621e-05, 7.57172892918e-05, 7.59459508117e-05, 0.000101819947304, 0.000144888312207, 0.000130303495098, 9.51465262915e-05, 8.9357541583e-05, 8.39416752569e-05, 0.000104862527223, 0.000253603357123, 0.000427666207543, 0.000220261295908, 0.000107491068775, 9.65536528383e-05, 0.000104979990283, 0.000125765320263, 0.000108040570922, 0.000104931976239, 0.000117086186947, 0.000114983187814, 0.000109697873995, 0.000102678917756, 0.000100864119304, 0.000102955564216, 9.84555736068e-05, 9.37879012781e-05, 9.40493700909e-05, 7.13016634108e-05, 6.11303621554e-05, 5.04868476128e-05, 4.08996165788e-05, 3.7006331695e-05, 2.7306334232e-05, 2.46206273005e-05, 2.34279450524e-05, 1.99683618121e-05, 1.58081475092e-05, 1.35075761136e-05, 1.2892876839e-05, 1.40700931297e-05, 1.38294699354e-05, 1.14629910968e-05, 1.07272426249e-05, 1.25027754621e-05, 1.17424469863e-05, 9.64882656262e-06, 8.43267298478e-06, 8.34836919239e-06, 7.03833984517e-06, 7.23653101886e-06, 6.66695041218e-06, 5.69484700463e-06, 5.39225220564e-06, 5.14483190273e-06, 4.34034018326e-06, 4.06637946071e-06, 3.77242486138e-06, 3.27688394464e-06, 3.06363926939e-06, 2.7914693419e-06, 2.581576382e-06, 2.44752959588e-06, 2.45414298661e-06, 2.0593604404e-06, 1.90859441318e-06, 1.70541136413e-06, 1.55071256813e-06, 1.39480027883e-06, 1.28383180709e-06, 1.13722796868e-06, 1.1401126585e-06, 9.4730330602e-07, 8.58656278524e-07, 8.40756968046e-07, 7.24639050986e-07, 6.6878698135e-07, 6.1874709445e-07, 5.64574520467e-07, 5.24042093275e-07, 4.16954350158e-07, 3.75662608576e-07, 3.68288766595e-07, 2.99748393218e-07, 2.41269077605e-07, 1.95422742877e-07, 1.33928224955e-07, 7.23050277429e-08, 2.06400461167e-08, 4.61960203424e-09, 3.52235990375e-10, 3.10928474807e-12, 2.93196781957e-12, 2.83561824195e-12, 2.75029413306e-12, 2.67605208826e-12, 2.61209348422e-12, 2.55303677504e-12, 2.50285794694e-12, 2.46425536227e-12, 2.43578529742e-12, 2.4129682627e-12, 2.39607465813e-12],
        "min": [1.58656943139e-09, 9.98391058715e-09, 8.72836025678e-09, 1.83536599252e-08, 1.67242237836e-08, 4.82419793002e-08, 4.66490561735e-08, 3.00055162938e-08, 1.41509104878e-07, 1.94259371256e-07, 6.42494057956e-08, 1.54644368422e-07, 1.81010818778e-07, 2.71755737913e-07, 2.10503003473e-07, 4.29443822725e-08, 1.59528056543e-07, 9.97176101691e-08, 1.67638461335e-07, 1.04292539049e-07, 2.9236625565e-08, 5.75260692415e-08, 1.10141030518e-07, 1.80411575457e-07, 1.66168845794e-07, 1.21166024769e-07, 2.5770653167e-08, 3.71894870455e-08, 4.78322483843e-08, 1.18582420328e-07, 4.87318487785e-08, 1.62802137993e-07, 2.10505930909e-07, 3.66907251248e-08, 7.00881273019e-08, 1.16652529414e-07, 1.03190750167e-07, 4.28486046644e-08, 1.08375395769e-07, 9.80984395937e-08, 1.09843469431e-07, 1.52299278966e-07, 4.99173715696e-08, 2.87807466748e-08, 4.42481926655e-08, 9.58233457027e-08, 6.11360846392e-08, 6.54996270555e-08, 2.68383999469e-08, 3.9130846119e-08, 1.15401599388e-08, 1.99071905627e-08, 2.6094872041e-08, 1.99311731564e-08, 2.6003082354e-08, 1.12912026395e-08, 1.25851435939e-08, 2.25440306423e-08, 1.38068498856e-08, 9.7684438316e-09, 6.17742790254e-09, 1.02285584447e-08, 4.27246504842e-09, 7.93839749491e-09, 4.06762756811e-09, 5.63914603902e-09, 1.07230118118e-08, 5.69481306556e-09, 7.01737778996e-09, 7.61080709566e-09, 4.5058459186e-09, 2.89037083157e-09, 6.42836495146e-09, 4.16027257089e-09, 2.18412132824e-09, 3.70807229366e-09, 5.22797094504e-09, 2.5324546904e-09, 1.84853710117e-09, 2.27005081399e-09, 1.32233279881e-09, 1.2966639984e-09, 6.573278033e-10, 1.19058018999e-09, 6.65787591725e-10, 2.02301309038e-09, 1.13869047524e-09, 1.20006715676e-09, 1.92991977954e-09, 7.34717064965e-10, 7.97508614703e-10, 1.11356046606e-09, 6.55515308701e-10, 2.19734772045e-10, 4.52917814364e-10, 3.99137167761e-10, 2.10140474466e-10, 3.84264897679e-10, 3.25043991722e-10, 1.80943898753e-10, 2.44257614135e-10, 1.74986927726e-10, 2.14156206657e-10, 2.45314796254e-10, 2.12361114804e-10, 2.05818112553e-10, 2.54872817296e-10, 2.94699736836e-10, 1.99072411333e-10, 2.88883205551e-11, 8.88039912873e-14, 4.74126116243e-14, 4.56921420188e-14, 4.76592472898e-14, 4.43460067658e-14, 3.53493174673e-14, 3.90384237794e-14, 3.06112828228e-14, 3.57201654323e-14, 2.56022467631e-14, 3.94119483685e-14, 3.01448488838e-14, 4.19269314904e-14, 3.69513481499e-14, 3.27954182637e-14, 3.66146085077e-14, 4.28898792025e-14, 3.83003734793e-14],
        "stdev": [0.000225207084441, 0.000932677125093, 0.000873102108017, 0.000620211823843, 0.00172059377655, 0.00218313303776, 0.00320975203067, 0.00221955683082, 0.000798671331722, 0.000298574595945, 0.000213923733099, 0.00029963455745, 0.000555346894544, 0.000331066781655, 0.000112714355055, 0.000118127274618, 8.58678322402e-05, 0.000195110784261, 0.000114741109428, 0.000112095869554, 0.000186754710739, 0.000678468961269, 0.00115634431131, 0.000614428892732, 0.000476478016935, 0.000113262300147, 0.000100006276625, 0.000132522225613, 0.000215802152525, 0.000259273976553, 0.000197610788746, 0.000103313104773, 0.000134142566822, 0.000106496598164, 0.000142093296745, 0.000617654121015, 0.00115570181515, 0.000536961422767, 0.000116556686407, 0.000105779741716, 0.000107245032268, 0.000126312108478, 0.000104749349703, 0.000130453947349, 0.000255608261796, 0.000143775614561, 0.000103492369817, 9.48611923377e-05, 0.000102392623376, 0.000106085717562, 0.000107066698547, 9.49902387219e-05, 0.000102778576547, 7.69249381847e-05, 6.68846114422e-05, 5.34931496077e-05, 4.11569490097e-05, 4.16527764173e-05, 2.86957038043e-05, 2.7464078812e-05, 2.70751916105e-05, 2.03320596484e-05, 1.51929398271e-05, 1.2505185623e-05, 1.23392737805e-05, 1.78358131961e-05, 1.76778594323e-05, 1.21500324894e-05, 1.08353624455e-05, 1.65808578458e-05, 1.31770138978e-05, 9.99704570859e-06, 7.92707305663e-06, 8.07873948361e-06, 6.25410211796e-06, 7.01527596902e-06, 7.08941615812e-06, 5.48886282559e-06, 5.31531622983e-06, 5.53946756554e-06, 4.05987157137e-06, 3.92935908167e-06, 3.93364325646e-06, 3.26667532136e-06, 3.15919919558e-06, 2.83890926767e-06, 2.51442361332e-06, 2.68182770924e-06, 3.01681075143e-06, 2.00856925403e-06, 2.18211562242e-06, 2.27736268243e-06, 1.90560990632e-06, 1.85407054687e-06, 1.97519443645e-06, 1.78234358827e-06, 2.38528764385e-06, 2.10058124139e-06, 1.73844182427e-06, 1.46622528518e-06, 1.28523493004e-06, 1.37522931709e-06, 1.56089242864e-06, 1.17357069485e-06, 1.26492477648e-06, 7.52624600864e-07, 7.94038498952e-07, 8.33568719827e-07, 6.26416408522e-07, 5.33373849976e-07, 4.80809148939e-07, 3.32583567797e-07, 2.16105007667e-07, 1.08893161155e-07, 3.90619661061e-08, 2.898845608e-09, 6.85873450049e-12, 6.46153052938e-12, 6.2470111549e-12, 6.05370961693e-12, 5.88799278431e-12, 5.74372103698e-12, 5.61524568163e-12, 5.50916170322e-12, 5.42217703028e-12, 5.35331241142e-12, 5.30083052105e-12, 5.26723456518e-12]
    },
    "mfcc": {
        "mean": [-621.219665527, 69.7011566162, -54.9045677185, -10.2280664444, -8.19339370728, 3.92719936371, -8.37510967255, -4.06316423416, -2.8743083477, -1.91437292099, -6.7007598877, -1.07632982731, -2.27101898193],
        "cov": [[2596.19384766, -309.774749756, 29.0836963654, -88.4553070068, -40.6050376892, -16.7115707397, 150.885787964, 62.5041732788, 11.223154068, 37.4655723572, 64.6946334839, 72.3084640503, 47.6447029114], [-309.774749756, 1212.39697266, 614.668029785, 418.640136719, 135.458068848, 49.6304512024, 301.542785645, 38.569934845, -24.8810901642, 95.1521606445, 65.3715057373, 86.5401229858, 23.1979446411], [29.0836963654, 614.668029785, 545.967895508, 257.681304932, 102.033401489, 58.7002716064, 216.124572754, 45.9554443359, -5.0274810791, 61.9262657166, 55.2291641235, 60.313079834, 18.5228385925], [-88.4553070068, 418.640136719, 257.681304932, 208.900238037, 68.0133361816, 34.1642036438, 114.785331726, 25.4072914124, -7.42947864532, 28.7865104675, 28.7303218842, 30.2837867737, 9.81173419952], [-40.6050376892, 135.458068848, 102.033401489, 68.0133361816, 67.5584259033, 20.5685310364, 39.8070716858, 16.1155261993, 4.04280567169, 8.8213968277, 6.51940059662, 9.8164730072, 5.88114881516], [-16.7115707397, 49.6304512024, 58.7002716064, 34.1642036438, 20.5685310364, 54.1386642456, 28.3263206482, 11.9720096588, 4.17529630661, 2.67050075531, 7.97626590729, 5.88116073608, 6.38441896439], [150.885787964, 301.542785645, 216.124572754, 114.785331726, 39.8070716858, 28.3263206482, 162.266265869, 34.050983429, -2.76408529282, 42.4529151917, 37.8862037659, 39.3863563538, 13.2274141312], [62.5041732788, 38.569934845, 45.9554443359, 25.4072914124, 16.1155261993, 11.9720096588, 34.050983429, 47.4286689758, 14.9105453491, 5.41867542267, 10.3170547485, 10.0847196579, 8.75327396393], [11.223154068, -24.8810901642, -5.0274810791, -7.42947864532, 4.04280567169, 4.17529630661, -2.76408529282, 14.9105453491, 35.0404701233, 7.30270147324, 1.03885924816, -1.76691091061, 5.49211549759], [37.4655723572, 95.1521606445, 61.9262657166, 28.7865104675, 8.8213968277, 2.67050075531, 42.4529151917, 5.41867542267, 7.30270147324, 45.0322532654, 20.3082809448, 15.4455223083, 3.05493044853], [64.6946334839, 65.3715057373, 55.2291641235, 28.7303218842, 6.51940059662, 7.97626590729, 37.8862037659, 10.3170547485, 1.03885924816, 20.3082809448, 41.8086090088, 22.3609714508, 9.10524463654], [72.3084640503, 86.5401229858, 60.313079834, 30.2837867737, 9.8164730072, 5.88116073608, 39.3863563538, 10.0847196579, -1.76691091061, 15.4455223083, 22.3609714508, 45.5953369141, 18.6591682434], [47.6447029114, 23.1979446411, 18.5228385925, 9.81173419952, 5.88114881516, 6.38441896439, 13.2274141312, 8.75327396393, 5.49211549759, 3.05493044853, 9.10524463654, 18.6591682434, 36.4111480713]],
        "icov": [[0.000558870553505, 0.000546283379663, -0.000131958251586, -1.68650512933e-05, 0.000185873461305, 0.000559936277568, -0.00125805882271, -0.000180358925718, 0.000126085928059, -6.53433526168e-05, -0.000113709080324, -0.000488747900818, -0.00037011897075], [0.000546283379663, 0.00427505979314, -0.00110959855374, -0.00541342236102, 0.000115646180348, 0.00223520328291, -0.00334607483819, 0.00165664963424, 0.000673323695082, -0.00201816041954, 0.00180416100193, -0.00165982719045, -0.000541397195775], [-0.000131958251586, -0.00110959855374, 0.00644361274317, -0.00284392898902, -0.00218732492067, -0.00160649407189, -0.00319481245242, 0.00010477448086, -0.000304449611576, -0.000541404879186, -0.000594164419454, -0.000754762266297, 0.000765127479099], [-1.68650512933e-05, -0.00541342236102, -0.00284392898902, 0.0210803933442, -0.00556532945484, -0.00305349146947, 0.000981360673904, -0.00284568453208, 0.00203668349423, 0.00319191068411, -0.00380665389821, 0.00219818484038, 0.000249570759479], [0.000185873461305, 0.000115646180348, -0.00218732492067, -0.00556532945484, 0.0247992295772, -0.00355895934626, 0.000994110363536, -0.00320539833046, -0.00242526782677, 6.30405202173e-06, 0.00338316732086, -0.000298682542052, -0.00100426096469], [0.000559936277568, 0.00223520328291, -0.00160649407189, -0.00305349146947, -0.00355895934626, 0.0243649687618, -0.00420852005482, -0.000263868685579, -0.00232239603065, 0.00324277766049, -0.00192766694818, 0.0011900808895, -0.0026713446714], [-0.00125805882271, -0.00334607483819, -0.00319481245242, 0.000981360673904, 0.000994110363536, -0.00420852005482, 0.0221925191581, -0.00817472115159, 0.0046990220435, -0.0070233666338, -0.00279231369495, -0.00159899529535, 0.00101747305598], [-0.000180358925718, 0.00165664963424, 0.00010477448086, -0.00284568453208, -0.00320539833046, -0.000263868685579, -0.00817472115159, 0.033593967557, -0.0151601834223, 0.00697684055194, -0.00252086878754, -0.00192089658231, -0.00133214332163], [0.000126085928059, 0.000673323695082, -0.000304449611576, 0.00203668349423, -0.00242526782677, -0.00232239603065, 0.0046990220435, -0.0151601834223, 0.04078386724, -0.0133765917271, 0.00203829910606, 0.00550581747666, -0.00661208713427], [-6.53433526168e-05, -0.00201816041954, -0.000541404879186, 0.00319191068411, 6.30405202173e-06, 0.00324277766049, -0.0070233666338, 0.00697684055194, -0.0133765917271, 0.0392516292632, -0.0123180383816, -0.00294145033695, 0.00440331175923], [-0.000113709080324, 0.00180416100193, -0.000594164419454, -0.00380665389821, 0.00338316732086, -0.00192766694818, -0.00279231369495, -0.00252086878754, 0.00203829910606, -0.0123180383816, 0.0406058505177, -0.0125974072143, -0.00123318040278], [-0.000488747900818, -0.00165982719045, -0.000754762266297, 0.00219818484038, -0.000298682542052, 0.0011900808895, -0.00159899529535, -0.00192089658231, 0.00550581747666, -0.00294145033695, -0.0125974072143, 0.0410992354155, -0.0161242168397], [-0.00037011897075, -0.000541397195775, 0.000765127479099, 0.000249570759479, -0.00100426096469, -0.0026713446714, 0.00101747305598, -0.00133214332163, -0.00661208713427, 0.00440331175923, -0.00123318040278, -0.0161242168397, 0.0376173555851]]
    },
    "spectral_contrast_coeffs": {
        "max": [-0.532472610474, -0.460909843445, -0.486643642187, -0.568323433399, -0.666854977608, -0.662963867188],
        "mean": [-0.706525743008, -0.82190233469, -0.80303555727, -0.811311721802, -0.805700778961, -0.756672382355],
        "min": [-0.900021255016, -0.931577980518, -0.917279064655, -0.905187726021, -0.883536219597, -0.868020951748],
        "stdev": [0.0504032112658, 0.0731226801872, 0.0720291286707, 0.0402347147465, 0.0307934004813, 0.0232975743711]
    },
    "spectral_contrast_valleys": {
        "max": [-5.18691396713, -5.0732049942, -5.3988275528, -5.34072637558, -5.8150472641, -7.73089742661],
        "mean": [-8.33500385284, -6.76138162613, -6.61129045486, -6.42718935013, -6.8390007019, -9.65740680695],
        "min": [-10.1971712112, -9.26992034912, -9.86512851715, -9.73707389832, -10.1789836884, -13.1646661758],
        "stdev": [1.07524347305, 0.517199337482, 0.544122040272, 0.619527459145, 0.567200899124, 0.680084526539]
    }
},
"rhythm": {
    "beats_count": 79,
    "beats_loudness": {
        "max": 0.0897856354713,
        "mean": 0.0190982911736,
        "min": 0.00104103970807,
        "stdev": 0.0215656124055
    },
    "bpm": 148.319732666,
    "bpm_histogram_first_peak_bpm": 148,
    "bpm_histogram_first_peak_weight": 0.5,
    "bpm_histogram_second_peak_bpm": 140,
    "bpm_histogram_second_peak_spread": 0.181818187237,
    "bpm_histogram_second_peak_weight": 0.115384615958,
    "danceability": 0.871674835682,
    "onset_rate": 1.90720653534,
    "beats_loudness_band_ratio": {
        "max": [0.70656234026, 0.348661273718, 0.43285998702, 0.465071409941, 0.618252813816, 0.210343077779],
        "mean": [0.0883504226804, 0.0384341627359, 0.0957445278764, 0.313264727592, 0.378965437412, 0.107352338731],
        "min": [0.000938260054681, 0.00577379437163, 0.03748350963, 0.0445248410106, 0.0120388409123, 0.0052467379719],
        "stdev": [0.199829369783, 0.0500737093389, 0.0539739243686, 0.0949169099331, 0.153956517577, 0.0411616712809]
    },
