{
"metadata": {
    "version": {
        "essentia": "2.1-beta5",
        "essentia_git_sha": "Undefined",
        "extractor": "music 2.0"
    },
    "audio_properties": {
        "analysis": {
            "equal_loudness": 0,
            "length": 34.8067131042,
            "sample_rate": 44100,
            "start_time": 175.240997314,
            "downmix": "mix"
        },
        "bit_rate": 192000,
        "length": 210.07093811,
        "lossless": 0,
        "number_channels": 2,
        "replay_gain": -1.88334655762,
        "sample_rate": 48000,
        "codec": "mp3",
        "md5_encoded": "fef77d06faba249ed8a1aa8e2a9c6d48"
    },
    "tags": {
        "file_name": "Luxembourg_J_ai Déjà Vu ça Dans Tes Yeux_Jeane Manson.mp3",
        "encoding": ["Lavf58.29.100"]
    }
},
"lowlevel": {
    "average_loudness": 0.839090406895,
    "barkbands_crest": {
        "max": 25.420841217,
        "mean": 7.80077075958,
        "min": 2.60862612724,
        "stdev": 4.46764373779
    },
    "barkbands_flatness_db": {
        "max": 0.353794723749,
        "mean": 0.156167924404,
        "min": 0.0547873973846,
        "stdev": 0.0655096173286
    },
    "barkbands_kurtosis": {
        "max": 79.5372467041,
        "mean": 3.53634190559,
        "min": -1.14799463749,
        "stdev": 8.27127933502
    },
    "barkbands_skewness": {
        "max": 6.69478559494,
        "mean": 0.380685180426,
        "min": -1.01308691502,
        "stdev": 1.13441956043
    },
    "barkbands_spread": {
        "max": 48.0558624268,
        "mean": 11.9288682938,
        "min": 1.13085031509,
        "stdev": 5.21329545975
    },
    "dissonance": {
        "max": 0.499999791384,
        "mean": 0.458087533712,
        "min": 0.262120932341,
        "stdev": 0.0556434467435
    },
    "dynamic_complexity": 2.18095183372,
    "erbbands_crest": {
        "max": 31.2329025269,
        "mean": 10.133482933,
        "min": 3.68861079216,
        "stdev": 5.92185211182
    },
    "erbbands_flatness_db": {
        "max": 0.347317755222,
        "mean": 0.230165153742,
        "min": 0.0696330368519,
        "stdev": 0.035039961338
    },
    "erbbands_kurtosis": {
        "max": 76.3097305298,
        "mean": 2.93872404099,
        "min": -1.79590153694,
        "stdev": 6.25183916092
    },
    "erbbands_skewness": {
        "max": 6.2498960495,
        "mean": 0.65101224184,
        "min": -0.958381772041,
        "stdev": 1.05366051197
    },
    "erbbands_spread": {
        "max": 108.39629364,
        "mean": 16.275888443,
        "min": 1.52137041092,
        "stdev": 8.72070026398
    },
    "hfc": {
        "max": 94.2988128662,
        "mean": 27.4354248047,
        "min": 0.153081655502,
        "stdev": 16.690700531
    },
    "loudness_ebu128": {
        "integrated": -21.6882019043,
        "loudness_range": 4.24748420715,
        "momentary": {
            "max": -18.9699687958,
            "mean": -22.415845871,
            "min": -38.5852050781,
            "stdev": 2.98218607903
        },
        "short_term": {
            "max": -20.1518230438,
            "mean": -22.0241012573,
            "min": -27.657333374,
            "stdev": 1.72114264965
        }
    },
    "melbands_crest": {
        "max": 31.2236480713,
        "mean": 8.59842681885,
        "min": 2.76629114151,
        "stdev": 5.70998334885
    },
    "melbands_flatness_db": {
        "max": 0.460956543684,
        "mean": 0.175032109022,
        "min": 0.038349032402,
        "stdev": 0.120481215417
    },
    "melbands_kurtosis": {
        "max": 132.764694214,
        "mean": 4.427921772,
        "min": -1.37638270855,
        "stdev": 11.5399103165
    },
    "melbands_skewness": {
        "max": 9.27340888977,
        "mean": 0.612070977688,
        "min": -1.07498276234,
        "stdev": 1.19787275791
    },
    "melbands_spread": {
        "max": 80.288734436,
        "mean": 25.0940284729,
        "min": 1.47393262386,
        "stdev": 13.3748779297
    },
    "pitch_salience": {
        "max": 0.89800286293,
        "mean": 0.700568675995,
        "min": 0.167054057121,
        "stdev": 0.156833395362
    },
    "silence_rate_20dB": {
        "max": 1,
        "mean": 1,
        "min": 1,
        "stdev": 0
    },
    "silence_rate_30dB": {
        "max": 1,
        "mean": 1,
        "min": 1,
        "stdev": 0
    },
    "silence_rate_60dB": {
        "max": 1,
        "mean": 0.0213333331048,
        "min": 0,
        "stdev": 0.144494578242
    },
    "spectral_centroid": {
        "max": 3099.54150391,
        "mean": 1631.32666016,
        "min": 212.644256592,
        "stdev": 829.153442383
    },
    "spectral_complexity": {
        "max": 56,
        "mean": 27.9146671295,
        "min": 0,
        "stdev": 14.8255834579
    },
    "spectral_decrease": {
        "max": -7.83898154721e-11,
        "mean": -5.85588511015e-09,
        "min": -2.63021764368e-08,
        "stdev": 4.13417744483e-09
    },
    "spectral_energy": {
        "max": 0.104021348059,
        "mean": 0.0245899129659,
        "min": 0.000345592939993,
        "stdev": 0.0158854294568
    },
    "spectral_energyband_high": {
        "max": 0.00600981572643,
        "mean": 0.000700539094396,
        "min": 2.93875109492e-06,
        "stdev": 0.000765893375501
    },
    "spectral_energyband_low": {
        "max": 0.0301726944745,
        "mean": 0.00256969267502,
        "min": 1.1365532373e-05,
        "stdev": 0.0047288746573
    },
    "spectral_energyband_middle_high": {
        "max": 0.0421272739768,
        "mean": 0.0105913896114,
        "min": 1.17188074e-05,
        "stdev": 0.00831065326929
    },
    "spectral_energyband_middle_low": {
        "max": 0.0905872881413,
        "mean": 0.0110128680244,
        "min": 8.52157609188e-05,
        "stdev": 0.0160071719438
    },
    "spectral_entropy": {
        "max": 8.25440979004,
        "mean": 7.382625103,
        "min": 5.05542850494,
        "stdev": 0.813243031502
    },
    "spectral_flux": {
        "max": 0.203016594052,
        "mean": 0.080853074789,
        "min": 0.008171771653,
        "stdev": 0.0292751975358
    },
    "spectral_kurtosis": {
        "max": 53.2062568665,
        "mean": 6.95398712158,
        "min": -0.714143037796,
        "stdev": 7.33649349213
    },
    "spectral_rms": {
        "max": 0.010073938407,
        "mean": 0.0046546086669,
        "min": 0.000580658088438,
        "stdev": 0.00152472523041
    },
    "spectral_rolloff": {
        "max": 5684.765625,
        "mean": 1852.30004883,
        "min": 107.666015625,
        "stdev": 1036.46179199
    },
    "spectral_skewness": {
        "max": 6.0732960701,
        "mean": 1.7657289505,
        "min": 0.192702680826,
        "stdev": 0.900687336922
    },
    "spectral_spread": {
        "max": 7293265,
        "mean": 2835567.75,
        "min": 1223208.375,
        "stdev": 558333.625
    },
    "spectral_strongpeak": {
        "max": 5.90229320526,
        "mean": 1.51758825779,
        "min": 0.0396521762013,
        "stdev": 1.03573429585
    },
    "zerocrossingrate": {
        "max": 0.13037109375,
        "mean": 0.0704332664609,
        "min": 0.0048828125,
        "stdev": 0.0356727577746
    },
    "barkbands": {
        "max": [0.00328066269867, 0.0247637331486, 0.00698902038857, 0.0155245186761, 0.0311997160316, 0.0717629790306, 0.0343153290451, 0.0405986309052, 0.0419230796397, 0.01213056501, 0.00524440780282, 0.00807111058384, 0.00814761873335, 0.0104882763699, 0.0133260432631, 0.0114847486839, 0.00714686047286, 0.00423971144482, 0.00244857976213, 0.00163317576516, 0.00217773742042, 0.00199328595772, 0.0013439822942, 0.000921916216612, 0.000131452572532, 4.3792894644e-07, 6.345590009e-06],
        "mean": [0.000195736778551, 0.00180653051939, 0.000399140029913, 0.000772364670411, 0.00174336135387, 0.00400057295337, 0.00108630931936, 0.000344232161297, 0.00286593730561, 0.000640169950202, 0.000967442116234, 0.00119072431698, 0.00135739776306, 0.00137514132075, 0.00178517436143, 0.00149247644003, 0.000928058521822, 0.000521051639225, 0.000294454803225, 0.000255304097664, 0.000229223602219, 0.000160162177053, 0.000103448131995, 6.73585818731e-05, 6.22358720648e-06, 2.23178933112e-08, 1.92774700736e-06],
        "min": [2.00390051219e-08, 5.2271734603e-06, 2.90883747311e-07, 1.56222881742e-06, 7.03361001797e-06, 2.04177968044e-06, 8.41861094614e-07, 4.99461918935e-07, 1.30393709696e-06, 8.02888678209e-07, 4.63469689294e-07, 8.45823024065e-07, 3.74179847995e-07, 7.05213153651e-07, 1.12436634936e-06, 4.85847181153e-07, 2.34936450738e-07, 3.26054532707e-07, 1.40405646221e-07, 4.38642956624e-07, 1.36765066827e-07, 1.91655672666e-07, 1.25041509591e-07, 1.50947258248e-07, 1.44355531972e-08, 1.26271118561e-10, 1.39232216867e-08],
        "stdev": [0.000450356135843, 0.00358679937199, 0.000708346487954, 0.00135535886511, 0.00364010035992, 0.00962331984192, 0.00376586266793, 0.00138620042708, 0.00607557781041, 0.000756988243666, 0.000927146349568, 0.00117669533938, 0.00125397427473, 0.0014441316016, 0.00174351525493, 0.00161497760564, 0.00102512328885, 0.000526596617419, 0.000315741053782, 0.00026623372105, 0.000259916618234, 0.0001976070198, 0.000124679456349, 8.47628398333e-05, 1.00306460808e-05, 2.53340726175e-08, 1.38171697017e-06]
    },
    "erbbands": {
        "max": [0.917830049992, 4.446870327, 9.966173172, 19.8263034821, 87.9501876831, 140.059310913, 284.194244385, 828.088439941, 754.806762695, 240.969223022, 1014.29876709, 1275.41113281, 468.289733887, 172.186584473, 268.829071045, 302.394348145, 355.883209229, 461.175506592, 483.99887085, 648.387023926, 666.86114502, 408.214874268, 248.942565918, 238.251983643, 101.24899292, 78.1532669067, 85.4644775391, 94.1436309814, 75.3361358643, 61.2411117554, 32.6711730957, 18.4138889313, 15.7161874771, 2.90104293823, 0.0723320096731, 0.00386356655508, 0.00170122087002, 0.0100127793849, 0.000278098421404, 0.000120085096569],
        "mean": [0.0639872848988, 0.330830574036, 0.628379166126, 1.24184131622, 4.14894771576, 5.95171737671, 13.0759963989, 42.2057647705, 24.6634845734, 7.14622592926, 11.3628854752, 74.1070022583, 34.3859863281, 24.1198959351, 50.6161346436, 47.3739624023, 59.590297699, 70.364074707, 90.0881958008, 87.8092803955, 77.4950714111, 51.5247917175, 32.6397247314, 17.6035633087, 14.0974664688, 12.1480798721, 10.1594924927, 8.33975601196, 6.05097723007, 4.11998558044, 2.78313970566, 1.70418429375, 0.933714747429, 0.161238834262, 0.0042389635928, 0.000281994289253, 0.000538575754035, 0.00306261866353, 9.3015274615e-05, 3.23547465086e-05],
        "min": [0.000228453180171, 0.000933612696826, 0.00128754135221, 0.0057728625834, 0.0225919205695, 0.0258359778672, 0.0317382365465, 0.0159875731915, 0.0205384138972, 0.0147795192897, 0.0321291610599, 0.0445920862257, 0.0217477455735, 0.0280093792826, 0.0229357667267, 0.0335660763085, 0.0284840967506, 0.0328563712537, 0.0475419797003, 0.070127569139, 0.029972711578, 0.0156072517857, 0.0196648929268, 0.0105000184849, 0.0101281721145, 0.0209191441536, 0.00827031768858, 0.00610637618229, 0.00730029586703, 0.006688546855, 0.00391540443525, 0.00376074085943, 0.00232352921739, 0.00043279628153, 2.35729839915e-05, 1.43932529681e-05, 3.52039751306e-05, 5.6591732573e-05, 1.68470592143e-06, 5.10369090989e-07],
        "stdev": [0.139353126287, 0.635909795761, 1.11193394661, 1.98233544827, 7.4716758728, 13.5928688049, 32.2024345398, 105.673622131, 85.533454895, 11.4837760925, 37.782661438, 164.122665405, 47.9167022705, 22.102098465, 48.7045021057, 45.9289627075, 54.7505531311, 70.1239700317, 82.0843429565, 92.0704956055, 83.0309829712, 55.6265983582, 32.5130882263, 18.9301967621, 14.8188247681, 12.684466362, 11.2444610596, 9.85978984833, 7.46548509598, 5.25284337997, 3.33543348312, 2.0880446434, 1.23259878159, 0.233907431364, 0.00595114286989, 0.000325924891513, 0.000345057138475, 0.00217631133273, 5.73160577915e-05, 1.78328464244e-05]
    },
    "gfcc": {
        "mean": [-21.4729576111, 100.015647888, -168.933456421, 22.6315422058, -57.185508728, 7.8024187088, -27.2642726898, -15.7580223083, 0.609953999519, -17.553150177, 0.286728471518, -6.3823723793, -2.94041252136],
        "cov": [[2463.17749023, -1482.12023926, -2294.59545898, 52.8694381714, -513.96875, 284.909606934, -212.876144409, 32.1298942566, -11.9857730865, 4.89291715622, 28.2496871948, -100.411346436, 161.340927124], [-1482.12023926, 2534.21508789, 2341.40966797, -263.456298828, 499.852325439, -516.246398926, 303.948516846, -36.9482192993, 49.1978416443, -153.31867981, 42.5330314636, 99.09375, -161.792160034], [-2294.59545898, 2341.40966797, 3269.17114258, -110.14037323, 584.652832031, -534.073242188, 213.46105957, -39.5707931519, 82.3665084839, -23.8745822906, 51.8140335083, 205.118560791, -157.213134766], [52.8694381714, -263.456298828, -110.14037323, 199.18208313, -13.1622400284, -6.02696609497, -71.4643554688, 1.2592972517, 10.999505043, 22.7096004486, 9.77104663849, 20.5716171265, 24.1367111206], [-513.96875, 499.852325439, 584.652832031, -13.1622400284, 229.330734253, -127.212905884, 87.2172012329, 7.29232645035, 16.6033935547, -17.7141056061, 1.74471473694, 42.4541511536, -55.1039276123], [284.909606934, -516.246398926, -534.073242188, -6.02696609497, -127.212905884, 272.433990479, -4.17278814316, 13.5904302597, -47.2250213623, 5.8004360199, -38.0673217773, -80.8268203735, 27.1163825989], [-212.876144409, 303.948516846, 213.46105957, -71.4643554688, 87.2172012329, -4.17278814316, 130.764923096, 16.0411243439, -10.0875825882, -37.1734313965, -20.4541015625, -11.0904092789, -44.5886802673], [32.1298942566, -36.9482192993, -39.5707931519, 1.2592972517, 7.29232645035, 13.5904302597, 16.0411243439, 51.6095352173, 16.684431076, -4.92363643646, 1.95293188095, -3.80788469315, 0.354227036238], [-11.9857730865, 49.1978416443, 82.3665084839, 10.999505043, 16.6033935547, -47.2250213623, -10.0875825882, 16.684431076, 52.0791320801, 18.5071182251, 17.805223465, 27.7239303589, 3.6816239357], [4.89291715622, -153.31867981, -23.8745822906, 22.7096004486, -17.7141056061, 5.8004360199, -37.1734313965, -4.92363643646, 18.5071182251, 73.7240447998, 25.0890808105, 13.4749212265, 21.9876708984], [28.2496871948, 42.5330314636, 51.8140335083, 9.77104663849, 1.74471473694, -38.0673217773, -20.4541015625, 1.95293188095, 17.805223465, 25.0890808105, 54.8841171265, 30.7706851959, 12.0976142883], [-100.411346436, 99.09375, 205.118560791, 20.5716171265, 42.4541511536, -80.8268203735, -11.0904092789, -3.80788469315, 27.7239303589, 13.4749212265, 30.7706851959, 71.5480194092, 9.95129776001], [161.340927124, -161.792160034, -157.213134766, 24.1367111206, -55.1039276123, 27.1163825989, -44.5886802673, 0.354227036238, 3.6816239357, 21.9876708984, 12.0976142883, 9.95129776001, 56.4180450439]],
        "icov": [[0.00172967440449, -0.000439251598436, 0.00130475568585, 0.000135665293783, 0.00152282405179, 0.000260257249465, 0.000518027576618, -0.000472677696962, -0.000860160624143, 0.000853591714986, -0.00109367095865, -0.000544072710909, -0.000799730536528], [-0.000439251598436, 0.00692265434191, -0.00382074643858, 0.00333651690744, -0.00277153379284, 0.00619648722932, -0.00756965577602, 0.00797597691417, -0.00626970967278, 0.0125820813701, -0.0103663215414, 0.0132171958685, -0.00728644570336], [0.00130475568585, -0.00382074643858, 0.0034808057826, -0.00132367166225, 0.00121286103968, -0.00249958247878, 0.00396334379911, -0.00381684536114, 0.0025995594915, -0.00618349201977, 0.00472160847858, -0.00800405349582, 0.00375954224728], [0.000135665293783, 0.00333651690744, -0.00132367166225, 0.00861753802747, -0.00310863787308, 0.00267609022558, 0.00118575862143, 0.00238932925276, -0.00271318317391, 0.00602598348632, -0.00407842407003, 0.00424181576818, -0.00364038650878], [0.00152282405179, -0.00277153379284, 0.00121286103968, -0.00310863787308, 0.0146998409182, 0.000837642292026, -0.00292352074757, -0.00586638320237, 0.00354287517257, -0.00586692569777, 0.0047902809456, -0.00839463062584, 0.00659671798348], [0.000260257249465, 0.00619648722932, -0.00249958247878, 0.00267609022558, 0.000837642292026, 0.0148456292227, -0.0097447950393, 0.00385563960299, -0.000801699410658, 0.00808150041848, -0.0069984854199, 0.0162813551724, -0.00959585700184], [0.000518027576618, -0.00756965577602, 0.00396334379911, 0.00118575862143, -0.00292352074757, -0.0097447950393, 0.02675338462, -0.0135321551934, 0.00870390143245, -0.0100197969005, 0.0126830050722, -0.0151851754636, 0.0137006286532], [-0.000472677696962, 0.00797597691417, -0.00381684536114, 0.00238932925276, -0.00586638320237, 0.00385563960299, -0.0135321551934, 0.0379187315702, -0.0228401441127, 0.0200053192675, -0.0166885275394, 0.0202662553638, -0.0122515093535], [-0.000860160624143, -0.00626970967278, 0.0025995594915, -0.00271318317391, 0.00354287517257, -0.000801699410658, 0.00870390143245, -0.0228401441127, 0.0425856485963, -0.0216950885952, 0.0124440426007, -0.0213005524129, 0.0105175226927], [0.000853591714986, 0.0125820813701, -0.00618349201977, 0.00602598348632, -0.00586692569777, 0.00808150041848, -0.0100197969005, 0.0200053192675, -0.0216950885952, 0.0460913702846, -0.0289020091295, 0.0266707856208, -0.0188810266554], [-0.00109367095865, -0.0103663215414, 0.00472160847858, -0.00407842407003, 0.0047902809456, -0.0069984854199, 0.0126830050722, -0.0166885275394, 0.0124440426007, -0.0289020091295, 0.0469748452306, -0.030494093895, 0.0122304074466], [-0.000544072710909, 0.0132171958685, -0.00800405349582, 0.00424181576818, -0.00839463062584, 0.0162813551724, -0.0151851754636, 0.0202662553638, -0.0213005524129, 0.0266707856208, -0.030494093895, 0.0586417764425, -0.0256213080138], [-0.000799730536528, -0.00728644570336, 0.00375954224728, -0.00364038650878, 0.00659671798348, -0.00959585700184, 0.0137006286532, -0.0122515093535, 0.0105175226927, -0.0188810266554, 0.0122304074466, -0.0256213080138, 0.0416787452996]]
    },
    "melbands": {
        "max": [0.00742211099714, 0.00473086489365, 0.00568770617247, 0.00634423317388, 0.00798627920449, 0.0163377523422, 0.00968193728477, 0.00411286903545, 0.00766373006627, 0.00791145395488, 0.00233294162899, 0.00072148477193, 0.000767518009525, 0.000983439967968, 0.000788145232946, 0.000703634519596, 0.000992031651549, 0.000748645572457, 0.00118853070308, 0.000798960740212, 0.000766170851421, 0.000410139968153, 0.000374321796698, 0.000182333824341, 0.000205898963031, 0.000104456681584, 5.90907911828e-05, 5.71644486627e-05, 5.32852027391e-05, 5.81105632591e-05, 5.53963473067e-05, 4.23874953412e-05, 4.21777876909e-05, 3.375457527e-05, 2.09326262848e-05, 1.24875541587e-05, 1.34024558065e-05, 1.2258690731e-05, 8.24048402137e-06, 5.70011593481e-07],
        "mean": [0.000507462536916, 0.000373865099391, 0.000333429168677, 0.000343501131283, 0.000440950185293, 0.000894894823432, 0.000334133597789, 6.94386690157e-05, 9.73099158728e-05, 0.000503760762513, 0.000160200841492, 8.98811340448e-05, 0.000149128012708, 0.000141647396958, 0.000120869604871, 0.000139689582284, 0.000126866914798, 0.0001415029692, 0.000129464533529, 0.000109610547952, 8.62365559442e-05, 5.6332348322e-05, 3.64601000911e-05, 2.2622762117e-05, 1.32213408506e-05, 1.09091351987e-05, 9.04919761524e-06, 7.7807389971e-06, 6.47520209895e-06, 5.54718462809e-06, 4.56766656498e-06, 3.56114901479e-06, 2.70607483799e-06, 2.12633472074e-06, 1.67547023011e-06, 1.24642838273e-06, 9.60896045399e-07, 7.04644889993e-07, 4.30623174452e-07, 3.29341531824e-08],
        "min": [1.77288575287e-06, 9.28597785332e-07, 1.34270806029e-06, 1.98008888219e-06, 1.64222296917e-06, 3.93355918504e-07, 2.78916701291e-07, 1.41773242035e-07, 2.19647091626e-07, 2.25013408794e-07, 9.08223682927e-08, 1.17602674266e-07, 7.35052765322e-08, 4.61300366794e-08, 6.05033392276e-08, 3.38518901799e-08, 6.14516721953e-08, 6.85519125909e-08, 9.18632636626e-08, 5.83440638025e-08, 2.51476262036e-08, 1.34818796127e-08, 1.2941411498e-08, 1.11747606724e-08, 6.75860567512e-09, 4.27324797769e-09, 9.58744372781e-09, 1.38218885226e-08, 3.94634103174e-09, 2.51124543382e-09, 3.74747122223e-09, 3.15745452006e-09, 3.88613585756e-09, 2.6771809214e-09, 2.27194574265e-09, 1.86349580211e-09, 2.01059635607e-09, 1.64786084778e-09, 1.06068276384e-09, 4.13999806659e-11],
        "stdev": [0.00105319207069, 0.000660556135699, 0.000556539162062, 0.000660158402752, 0.00102365971543, 0.00219083204865, 0.00111392710824, 0.000148717343109, 0.000334451789968, 0.00110970227979, 0.000230106103118, 9.14027987164e-05, 0.000138361807331, 0.000130525440909, 0.000131241220515, 0.000126911632833, 0.000135069160024, 0.000131192689878, 0.000135656926432, 0.000119803837151, 9.62442427408e-05, 6.23864034424e-05, 4.08295309171e-05, 2.33252376347e-05, 1.5124629499e-05, 1.21904113257e-05, 9.35317348194e-06, 8.56164024299e-06, 7.39917913961e-06, 6.51375012239e-06, 5.60562784813e-06, 4.49776143796e-06, 3.49480137629e-06, 2.82132464235e-06, 2.08163510251e-06, 1.51561732764e-06, 1.22368157918e-06, 9.48374349719e-07, 6.32493481589e-07, 5.3942269318e-08]
    },
    "melbands128": {
        "max": [0.00307272886857, 0.00898648798466, 0.0081072486937, 0.00774138700217, 0.00651409849524, 0.00266258581541, 0.00209425529465, 0.0106232073158, 0.0109450183809, 0.00569182727486, 0.00972039625049, 0.0141163431108, 0.0102521246299, 0.016271956265, 0.0265239272267, 0.0233958233148, 0.0254226624966, 0.00708049768582, 0.00362537405454, 0.000944743922446, 0.00831501372159, 0.0128362383693, 0.0126256775111, 0.015929043293, 0.015818728134, 0.0156192164868, 0.00381278246641, 0.00466583343223, 0.000893404649105, 0.000953659880906, 0.000852535013109, 0.00110929878429, 0.00126081518829, 0.00199956237338, 0.00257139909081, 0.00114180205856, 0.00120602827519, 0.00116377172526, 0.00109458295628, 0.0010272921063, 0.00134615472052, 0.001356587396, 0.0012512661051, 0.0015631535789, 0.000938438985031, 0.0013021978084, 0.00138594512828, 0.00208413810469, 0.000961746613029, 0.00131826661527, 0.000988736283034, 0.00107307883445, 0.00131814391352, 0.000909772701561, 0.00078093825141, 0.000456034962554, 0.000753995787818, 0.000502226059325, 0.000424270285293, 0.000299889477901, 0.000177992944373, 0.000281335494947, 0.000347381224856, 0.000140261996421, 0.000104862068838, 0.000137703027576, 8.56092883623e-05, 9.72636553342e-05, 7.58923852118e-05, 8.63987661432e-05, 8.75220066519e-05, 7.96394160716e-05, 8.63625537022e-05, 8.33489393699e-05, 7.92956925579e-05, 7.61790579418e-05, 6.28913039691e-05, 6.32652518107e-05, 7.91614875197e-05, 5.61964880035e-05, 4.54804940091e-05, 5.33330457984e-05, 5.59986292501e-05, 3.77539327019e-05, 5.37599844392e-05, 3.23956119246e-05, 5.36389816261e-05, 2.82080309262e-05, 3.23757230944e-05, 2.17076831177e-05, 1.08668573375e-05, 1.85112949111e-05, 1.48733524838e-05, 1.70288731169e-05, 1.31199321913e-05, 1.72494565049e-05, 1.54479257617e-05, 1.21245475384e-05, 1.18425605251e-05, 5.94438870394e-06, 5.00709461448e-07, 9.8299075546e-09, 3.13714454414e-09, 3.41498562761e-09, 3.17123216576e-09, 2.54847964953e-09, 8.28950519338e-10, 6.25473339788e-10, 1.07448272502e-09, 1.69237635017e-09, 2.4446482616e-09, 2.17850049111e-09, 6.25801188647e-10, 1.3436929347e-09, 7.59340945677e-09, 9.50926590804e-08, 2.14943284504e-07, 7.86679699161e-09, 5.73034375506e-09, 3.17691140062e-09, 3.6937914949e-09, 1.81556747414e-09, 1.24466537077e-09, 1.43081033133e-10, 1.42697353933e-10, 1.44580514227e-10, 1.45775280735e-10, 1.44829648274e-10],
        "mean": [0.000190386519535, 0.000616594450548, 0.000458105379948, 0.000636500539258, 0.000420719385147, 0.000163407195942, 0.000157332950039, 0.000509051780682, 0.000433123874245, 0.000265649752691, 0.000323880231008, 0.000398296746425, 0.000365290412446, 0.000573333236389, 0.00117848464288, 0.000920437974855, 0.000587483053096, 0.000174791857717, 0.000106817606138, 5.42732377653e-05, 6.19252532488e-05, 7.47833546484e-05, 7.90556005086e-05, 0.000114536043839, 0.000496781081893, 0.000821158813778, 0.000185228462215, 9.86973755062e-05, 8.75475889188e-05, 8.82782114786e-05, 9.03190011741e-05, 9.30763417273e-05, 0.000132542219944, 0.000225469964789, 0.000155073648784, 0.000111571214802, 0.00012204315135, 0.000120701690321, 0.000120595308545, 0.000126658313093, 0.000156682202942, 0.000138848103234, 0.000124966230942, 0.00012078936561, 0.000122685727547, 0.00015614865697, 0.000150576248416, 0.000129141655634, 0.000123713034554, 0.000112519352115, 0.000109928412712, 0.000105405815702, 8.94739496289e-05, 8.12223370303e-05, 6.96365095791e-05, 5.39641841897e-05, 4.6397348342e-05, 3.76412135665e-05, 3.36593147949e-05, 3.2087922591e-05, 2.21672562475e-05, 1.5995814465e-05, 1.45449648699e-05, 1.19959377116e-05, 1.17763738672e-05, 1.11280833153e-05, 1.04922655737e-05, 9.20174989005e-06, 8.7134021669e-06, 8.79551225808e-06, 8.02316571935e-06, 7.10707672624e-06, 6.89902481099e-06, 6.34331445326e-06, 6.08489972365e-06, 5.64885931453e-06, 5.25763698533e-06, 5.14941302754e-06, 4.45569094154e-06, 4.0903619265e-06, 3.68524001715e-06, 3.38883205586e-06, 3.10884070132e-06, 2.64742698164e-06, 2.36869209402e-06, 2.2353208351e-06, 2.08855567507e-06, 1.81189693649e-06, 1.71080262135e-06, 1.53709424922e-06, 1.32897991989e-06, 1.17700881219e-06, 1.07542314254e-06, 1.00457293684e-06, 8.53678898238e-07, 7.7796221376e-07, 6.73275053487e-07, 5.99896907261e-07, 5.4686825024e-07, 3.15640733106e-07, 2.39095605536e-08, 1.02145111813e-10, 2.50110800126e-11, 1.51063224429e-11, 1.25562364325e-11, 1.09933494599e-11, 9.48981258159e-12, 9.92166158259e-12, 1.05551392279e-11, 1.19544981553e-11, 1.72258336067e-11, 1.44708385899e-11, 2.98428295964e-11, 7.29264912347e-11, 2.19867429818e-10, 2.90177872841e-08, 6.56033662949e-08, 1.5871008674e-10, 5.31363529566e-11, 2.15245911372e-11, 3.31549024346e-11, 2.0674332038e-11, 1.79569744491e-11, 3.43760718675e-12, 3.17192973276e-12, 2.87491688442e-12, 2.71172125553e-12, 2.67629234746e-12],
        "min": [8.7761096168e-09, 6.80531172748e-07, 8.77075422068e-07, 5.99206202878e-07, 1.15053616412e-07, 1.17772792407e-07, 5.14140936048e-07, 4.10550455854e-07, 5.22121183621e-07, 7.26806263174e-07, 5.93082177147e-07, 2.59999126229e-07, 1.94101147599e-07, 1.816888755e-07, 8.91514702062e-08, 1.84569003636e-07, 2.27129618224e-07, 1.06921277165e-07, 4.55771562713e-08, 2.14584758851e-08, 1.12578838696e-07, 1.11671496938e-07, 5.19674472343e-08, 4.91406275671e-08, 7.25201942942e-08, 7.38129983802e-08, 8.22088850327e-08, 2.5372575152e-08, 8.49021830618e-08, 1.00868049913e-07, 5.30773078822e-08, 2.40302377996e-09, 3.91790706544e-08, 3.95840196177e-08, 4.65462406396e-08, 9.81038628112e-09, 3.73148694166e-08, 1.34412019293e-08, 1.58081068236e-08, 1.80387242921e-08, 2.43987727799e-08, 1.81088619655e-08, 2.01137684286e-08, 4.04874889171e-08, 1.07498756563e-08, 1.76904748628e-08, 2.35993145026e-08, 1.80387100812e-08, 1.83509900609e-08, 2.86140942052e-08, 2.36123085529e-08, 2.35126016435e-08, 1.83453163771e-08, 6.4843241887e-09, 4.32624425173e-09, 2.53130738592e-09, 3.66137431485e-09, 5.99157123915e-09, 5.25124788098e-09, 9.0995166957e-09, 5.55950530057e-09, 2.87044765734e-09, 3.16252668497e-09, 3.37867289701e-09, 3.07265834998e-09, 4.0895642428e-09, 3.09809333743e-09, 2.81363332633e-09, 3.99639121795e-09, 9.97413973636e-09, 5.57897594788e-09, 2.58025267819e-09, 3.57665297379e-09, 3.28226601454e-09, 1.87667681395e-09, 1.75941350378e-09, 1.64527891311e-09, 2.91912738426e-09, 2.27158736266e-09, 1.7549069975e-09, 8.01951727247e-10, 1.81221970763e-09, 2.46013165395e-09, 2.62611177249e-09, 1.18519272174e-09, 1.7609518288e-09, 1.4568868334e-09, 1.11389453217e-09, 1.40543954252e-09, 1.7169674571e-09, 1.68024727465e-09, 1.33613720088e-09, 1.37232647468e-09, 1.41204536952e-09, 1.38405487071e-09, 7.25782045574e-10, 1.27937516137e-09, 1.11155162852e-09, 9.73892078093e-10, 4.53052706462e-10, 9.3449640387e-12, 4.52940690596e-13, 2.36789944206e-13, 3.39003619013e-13, 2.54309268956e-13, 2.64260401756e-13, 2.52488405617e-13, 2.71389329195e-13, 2.22049538045e-13, 2.75339999281e-13, 2.28997756088e-13, 2.9383469941e-13, 3.1550624743e-13, 3.78731063438e-13, 3.65801437535e-13, 4.25451285313e-10, 4.6831438727e-10, 1.11494851979e-12, 3.56049391359e-13, 2.93356891513e-13, 3.14145167128e-13, 3.00151071532e-13, 3.02131556535e-13, 3.54900760472e-13, 1.74467889138e-13, 9.36913442879e-14, 1.2181503534e-14, 2.74665017996e-16],
        "stdev": [0.000439949450083, 0.00138543650974, 0.00100501719862, 0.00120111159049, 0.00077677104855, 0.000289787858492, 0.000252049241681, 0.000921146769542, 0.000835116079543, 0.000617922400124, 0.00083777011605, 0.00116362981498, 0.00111429707613, 0.00169620441739, 0.00329274591058, 0.00264351931401, 0.0028067692183, 0.000545198854525, 0.000287837843644, 7.21582910046e-05, 0.000236824518652, 0.00040060505853, 0.000417706702137, 0.000526110175997, 0.0013383878395, 0.00199014064856, 0.000382649945095, 0.000214005063754, 0.000108011714474, 0.000105856423033, 0.000112371424621, 0.000121607263281, 0.000163136021001, 0.000313034892315, 0.000217870488996, 0.000144434292451, 0.000160472583957, 0.000158750073751, 0.000153764660354, 0.000144411009387, 0.000164908924489, 0.000171248975676, 0.000166920814081, 0.000157399030286, 0.000148392922711, 0.000175265435246, 0.000169298800756, 0.000169701001141, 0.000155369285494, 0.00014344167721, 0.000141332115163, 0.000132992703584, 0.000116836337838, 0.000107806954475, 9.0104957053e-05, 6.61159065203e-05, 6.21794606559e-05, 5.20936482644e-05, 4.19541502197e-05, 3.69523404515e-05, 2.7356451028e-05, 2.18689419853e-05, 1.93155810848e-05, 1.48061262735e-05, 1.49418419824e-05, 1.42490434882e-05, 1.28298952404e-05, 1.14479962576e-05, 9.85917631624e-06, 1.01594205262e-05, 1.01974128484e-05, 8.95383618627e-06, 9.01556268218e-06, 8.11345307739e-06, 7.61356159273e-06, 7.30981810193e-06, 6.78477636029e-06, 6.8427880251e-06, 5.94360426476e-06, 5.61730803383e-06, 5.09612937094e-06, 4.63453670818e-06, 4.42463897343e-06, 3.54276107828e-06, 3.5996195038e-06, 3.08624953504e-06, 3.23282506542e-06, 2.41502016252e-06, 2.39097789745e-06, 1.98510815608e-06, 1.6544090613e-06, 1.63495406014e-06, 1.43174088407e-06, 1.38219218115e-06, 1.17619345019e-06, 1.16576802611e-06, 9.74295403466e-07, 8.82380504663e-07, 8.77602758464e-07, 5.07613833634e-07, 4.07016322868e-08, 5.63843249868e-10, 1.79267989342e-10, 1.14148454577e-10, 1.0123299421e-10, 8.10969902343e-11, 3.732938611e-11, 3.00668552555e-11, 4.03901044554e-11, 5.3655749982e-11, 7.16742568074e-11, 6.20051301969e-11, 5.81392330112e-11, 1.06617326079e-10, 3.50493745138e-10, 2.04518464386e-08, 4.71519179257e-08, 4.68028615863e-10, 2.94279101087e-10, 1.36720051946e-10, 1.90682025725e-10, 9.85522982666e-11, 8.12145489748e-11, 5.87319255729e-12, 5.78031199294e-12, 5.7709891553e-12, 5.76257748117e-12, 5.7288657325e-12]
    },
    "mfcc": {
        "mean": [-642.243774414, 118.057136536, -39.467540741, 6.82422447205, -4.1878080368, 11.6679267883, -13.4946470261, 6.02128458023, -7.87882757187, 4.59773731232, -10.5218553543, 2.43518447876, -7.15719795227],
        "cov": [[5029.84472656, -3103.86157227, -2575.33496094, -989.153381348, -657.220031738, -23.7520294189, -234.676300049, -172.33984375, 61.3623657227, -99.5209960938, 17.9650478363, 107.828544617, -7.52758073807], [-3103.86157227, 3246.74438477, 1916.09960938, 780.539611816, 375.942962646, -96.7945709229, 133.877288818, 224.576293945, -136.202423096, 86.0604019165, 16.0339775085, -147.205154419, -123.128875732], [-2575.33496094, 1916.09960938, 1775.51037598, 575.078186035, 376.737335205, -30.9675807953, 74.0931625366, 69.2185058594, -66.1125717163, 33.9073562622, -10.3998661041, -58.5761299133, 9.82473659515], [-989.153381348, 780.539611816, 575.078186035, 460.353607178, 201.048568726, -48.8237037659, -15.8547668457, 61.9214668274, -60.8140830994, -3.76941394806, -41.4386291504, -9.60611152649, 33.8502388], [-657.220031738, 375.942962646, 376.737335205, 201.048568726, 179.912246704, -11.5820159912, 5.36240816116, 15.5502052307, -16.2170886993, 3.74585175514, -23.9125537872, 2.61230540276, 32.8222923279], [-23.7520294189, -96.7945709229, -30.9675807953, -48.8237037659, -11.5820159912, 70.9311141968, 35.2857131958, -9.99025821686, 19.7668571472, 5.20480966568, 12.7385063171, 0.0943209156394, -8.52922439575], [-234.676300049, 133.877288818, 74.0931625366, -15.8547668457, 5.36240816116, 35.2857131958, 93.9856262207, 24.2351055145, 18.1622257233, 23.338727951, 20.0760669708, -15.4092378616, -29.5242271423], [-172.33984375, 224.576293945, 69.2185058594, 61.9214668274, 15.5502052307, -9.99025821686, 24.2351055145, 102.788162231, -2.2872531414, 18.4551258087, 13.0947008133, -23.3914489746, -38.3950462341], [61.3623657227, -136.202423096, -66.1125717163, -60.8140830994, -16.2170886993, 19.7668571472, 18.1622257233, -2.2872531414, 60.2976837158, 6.30125427246, 10.5780115128, 3.44113135338, -3.52314329147], [-99.5209960938, 86.0604019165, 33.9073562622, -3.76941394806, 3.74585175514, 5.20480966568, 23.338727951, 18.4551258087, 6.30125427246, 52.7862129211, 13.5914058685, -6.78679132462, -19.0071640015], [17.9650478363, 16.0339775085, -10.3998661041, -41.4386291504, -23.9125537872, 12.7385063171, 20.0760669708, 13.0947008133, 10.5780115128, 13.5914058685, 49.1149215698, -6.55743932724, -23.8281459808], [107.828544617, -147.205154419, -58.5761299133, -9.60611152649, 2.61230540276, 0.0943209156394, -15.4092378616, -23.3914489746, 3.44113135338, -6.78679132462, -6.55743932724, 47.8304595947, 30.2624015808], [-7.52758073807, -123.128875732, 9.82473659515, 33.8502388, 32.8222923279, -8.52922439575, -29.5242271423, -38.3950462341, -3.52314329147, -19.0071640015, -23.8281459808, 30.2624015808, 74.4714889526]],
        "icov": [[0.0012852458749, 0.000382311147405, 0.00098815059755, 0.000573506113142, 0.00105894298758, 0.00115892128088, 0.0014324283693, 0.000107082101749, 0.000762848067097, 0.000601878506131, -0.000215705629671, -0.000585304573178, 0.00101861404255], [0.000382311147405, 0.00170828867704, -0.00100672186818, -0.000960279081482, 0.000844448280986, 0.00173901696689, -0.000682878133375, -0.00044311064994, 0.00143198273145, -0.000417993782321, -0.000342477520462, 0.000837174186017, 0.00227146968246], [0.00098815059755, -0.00100672186818, 0.00319128134288, 0.000318207748933, -0.00154194247443, 7.91494749137e-05, 0.00105998571962, 0.00132023484912, -8.85988192749e-05, 0.00075767072849, -0.00107599119656, -3.5039188333e-06, -0.000494363135658], [0.000573506113142, -0.000960279081482, 0.000318207748933, 0.00761249661446, -0.00389320100658, 0.000401863013394, 0.00251509039663, -0.00330978003331, 0.00260526221246, 0.0014016960049, 0.00221930188127, -0.0011394135654, -0.00232517952099], [0.00105894298758, 0.000844448280986, -0.00154194247443, -0.00389320100658, 0.0161649473011, 0.000276843144093, -7.3569783126e-05, -0.000635401520412, -0.000934432900976, -0.00140966754407, 0.00271747959778, -0.00163863401394, -0.00284189218655], [0.00115892128088, 0.00173901696689, 7.91494749137e-05, 0.000401863013394, 0.000276843144093, 0.0223650969565, -0.00725992023945, 0.00299235968851, -0.00117596099153, 0.00128431734629, -0.00259147514589, -0.00030056326068, 0.00346842431463], [0.0014324283693, -0.000682878133375, 0.00105998571962, 0.00251509039663, -7.3569783126e-05, -0.00725992023945, 0.0203071441501, -0.00227762502618, -0.00248771067709, -0.00257580983452, -0.00126764958259, -0.000141234049806, 0.00268682208844], [0.000107082101749, -0.00044311064994, 0.00132023484912, -0.00330978003331, -0.000635401520412, 0.00299235968851, -0.00227762502618, 0.0164203960449, -0.00195113650989, -0.0015923200408, -0.00258479802869, 0.00202888064086, 0.00664385035634], [0.000762848067097, 0.00143198273145, -8.85988192749e-05, 0.00260526221246, -0.000934432900976, -0.00117596099153, -0.00248771067709, -0.00195113650989, 0.0228608734906, -0.000998737523332, -0.00189139030408, -0.000680903205648, 5.52887322556e-05], [0.000601878506131, -0.000417993782321, 0.00075767072849, 0.0014016960049, -0.00140966754407, 0.00128431734629, -0.00257580983452, -0.0015923200408, -0.000998737523332, 0.0239802785218, -0.00332227465697, -0.0021193602588, 0.00343031086959], [-0.000215705629671, -0.000342477520462, -0.00107599119656, 0.00221930188127, 0.00271747959778, -0.00259147514589, -0.00126764958259, -0.00258479802869, -0.00189139030408, -0.00332227465697, 0.0285357274115, -0.0024703501258, 0.00441228365526], [-0.000585304573178, 0.000837174186017, -3.5039188333e-06, -0.0011394135654, -0.00163863401394, -0.00030056326068, -0.000141234049806, 0.00202888064086, -0.000680903205648, -0.0021193602588, -0.0024703501258, 0.0318367704749, -0.0107796341181], [0.00101861404255, 0.00227146968246, -0.000494363135658, -0.00232517952099, -0.00284189218655, 0.00346842431463, 0.00268682208844, 0.00664385035634, 5.52887322556e-05, 0.00343031086959, 0.00441228365526, -0.0107796341181, 0.0312192384154]]
    },
    "spectral_contrast_coeffs": {
        "max": [-0.466093301773, -0.322808146477, -0.493805527687, -0.588096678257, -0.641106545925, -0.603299081326],
        "mean": [-0.717509746552, -0.761003434658, -0.773045480251, -0.794039368629, -0.794432878494, -0.715308010578],
        "min": [-0.87420886755, -0.933961391449, -0.936085820198, -0.914409160614, -0.906950175762, -0.838302791119],
        "stdev": [0.0518745407462, 0.128520384431, 0.0893744826317, 0.0546053126454, 0.0445741340518, 0.0442286133766]
    },
    "spectral_contrast_valleys": {
        "max": [-5.25010490417, -5.50695514679, -5.44764947891, -5.16394329071, -5.81311702728, -8.79877185822],
        "mean": [-7.43114757538, -6.74801683426, -6.90371751785, -6.92548370361, -7.4369301796, -10.8013334274],
        "min": [-9.11925888062, -9.29622745514, -10.1083431244, -9.81511497498, -10.2186012268, -13.266535759],
        "stdev": [0.941766858101, 0.612684369087, 1.00807785988, 1.34778523445, 1.23262870312, 0.990661144257]
    }
},
"rhythm": {
    "beats_count": 51,
    "beats_loudness": {
        "max": 0.0719845816493,
        "mean": 0.023948661983,
        "min": 0.00122603401542,
        "stdev": 0.0148040819913
    },
    "bpm": 100.286735535,
    "bpm_histogram_first_peak_bpm": 101,
    "bpm_histogram_first_peak_weight": 0.454545497894,
    "bpm_histogram_second_peak_bpm": 73,
    "bpm_histogram_second_peak_spread": 0,
    "bpm_histogram_second_peak_weight": 0.180000007153,
    "danceability": 0.835178077221,
    "onset_rate": 1.80939221382,
    "beats_loudness_band_ratio": {
        "max": [0.856586098671, 0.842717647552, 0.670164763927, 0.532908260822, 0.603633999825, 0.292864859104],
        "mean": [0.136849418283, 0.154252037406, 0.16353161633, 0.240634709597, 0.275644749403, 0.0666771531105],
        "min": [0.00309831369668, 0.00387634173967, 0.0172150153667, 0.00131042383146, 0.00151362258475, 0.000451124302344],
        "stdev": [0.204550668597, 0.221598148346, 0.15444880724, 0.154295742512, 0.204107016325, 0.0639444366097]
    },
    "beats_position": [0.603718817234, 1.21904754639, 1.83437633514, 2.4497051239, 3.09986400604, 3.76163268089, 4.45823097229, 5.15482997894, 5.85142850876, 6.53641700745, 7.22140598297, 7.89478445053, 8.57977294922, 9.25315189362, 9.92653083801, 10.6115188599, 11.2965078354, 12.0047159195, 12.7129249573, 13.5372333527, 14.361541748, 15.1858501434, 16.0101585388, 16.8344669342, 17.6471652985, 18.4714736938, 19.2957820892, 20.1084804535, 20.8050785065, 21.4900684357, 22.1634464264, 22.7787742615, 23.405714035, 23.9862117767, 24.5783214569, 25.1704311371, 25.7625389099, 26.3546485901, 26.9467563629, 27.5388660431, 28.142583847, 28.7463035583, 29.3384113312, 29.9421310425, 30.5342407227, 31.1263484955, 31.7184581757, 32.322177887, 32.9258956909, 33.5180053711, 34.1101112366],
