{
"metadata": {
    "version": {
        "essentia": "2.1-beta5",
        "essentia_git_sha": "Undefined",
        "extractor": "music 2.0"
    },
    "audio_properties": {
        "analysis": {
            "equal_loudness": 0,
            "length": 48.7502937317,
            "sample_rate": 44100,
            "start_time": 61.4980506897,
            "downmix": "mix"
        },
        "bit_rate": 192000,
        "length": 183.971694946,
        "lossless": 0,
        "number_channels": 2,
        "replay_gain": -6.31244659424,
        "sample_rate": 44100,
        "codec": "mp3",
        "md5_encoded": "65b7fa36daf79b6ad6eb79aec9f3e0a3"
    },
    "tags": {
        "file_name": "Sweden_Satellit_Ted Gärdestad.mp3",
        "encoding": ["Lavf58.29.100"]
    }
},
"lowlevel": {
    "average_loudness": 0.912774205208,
    "barkbands_crest": {
        "max": 24.2573394775,
        "mean": 7.73884963989,
        "min": 2.54279994965,
        "stdev": 3.00590920448
    },
    "barkbands_flatness_db": {
        "max": 0.273630619049,
        "mean": 0.124403111637,
        "min": 0.0512590073049,
        "stdev": 0.0328698046505
    },
    "barkbands_kurtosis": {
        "max": 37.4764595032,
        "mean": 0.771520197392,
        "min": -1.77970814705,
        "stdev": 2.21036028862
    },
    "barkbands_skewness": {
        "max": 5.52563285828,
        "mean": 0.735429704189,
        "min": -1.70738899708,
        "stdev": 0.670797467232
    },
    "barkbands_spread": {
        "max": 106.205802917,
        "mean": 22.1451377869,
        "min": 2.76899623871,
        "stdev": 11.9218444824
    },
    "dissonance": {
        "max": 0.49980583787,
        "mean": 0.463253796101,
        "min": 0.316326588392,
        "stdev": 0.0259795095772
    },
    "dynamic_complexity": 2.69613099098,
    "erbbands_crest": {
        "max": 30.5553665161,
        "mean": 9.27016925812,
        "min": 2.61560297012,
        "stdev": 4.20083379745
    },
    "erbbands_flatness_db": {
        "max": 0.323565274477,
        "mean": 0.182720914483,
        "min": 0.0675333961844,
        "stdev": 0.0443800352514
    },
    "erbbands_kurtosis": {
        "max": 16.6137161255,
        "mean": 0.473399877548,
        "min": -1.78525161743,
        "stdev": 1.44268989563
    },
    "erbbands_skewness": {
        "max": 3.74279165268,
        "mean": 0.27270513773,
        "min": -2.40757369995,
        "stdev": 0.704032242298
    },
    "erbbands_spread": {
        "max": 104.49887085,
        "mean": 28.8725128174,
        "min": 5.15949821472,
        "stdev": 13.6332521439
    },
    "hfc": {
        "max": 140.5362854,
        "mean": 23.2916984558,
        "min": 0.102713450789,
        "stdev": 18.1528968811
    },
    "loudness_ebu128": {
        "integrated": -18.376159668,
        "loudness_range": 3.79760551453,
        "momentary": {
            "max": -14.0619602203,
            "mean": -18.975358963,
            "min": -30.7584285736,
            "stdev": 2.39200687408
        },
        "short_term": {
            "max": -15.8814973831,
            "mean": -18.6157188416,
            "min": -21.9279556274,
            "stdev": 1.29271614552
        }
    },
    "melbands_crest": {
        "max": 31.3197975159,
        "mean": 10.2367143631,
        "min": 3.45165514946,
        "stdev": 4.34742069244
    },
    "melbands_flatness_db": {
        "max": 0.352789878845,
        "mean": 0.14774531126,
        "min": 0.0455018356442,
        "stdev": 0.0404860340059
    },
    "melbands_kurtosis": {
        "max": 68.2073135376,
        "mean": 3.26994800568,
        "min": -1.64221215248,
        "stdev": 4.52483844757
    },
    "melbands_skewness": {
        "max": 6.93732786179,
        "mean": 1.32684838772,
        "min": -1.14352583885,
        "stdev": 0.82860904932
    },
    "melbands_spread": {
        "max": 193.781585693,
        "mean": 30.4967460632,
        "min": 2.53178071976,
        "stdev": 16.5687828064
    },
    "pitch_salience": {
        "max": 0.861676931381,
        "mean": 0.605319678783,
        "min": 0.243459314108,
        "stdev": 0.0958961173892
    },
    "silence_rate_20dB": {
        "max": 1,
        "mean": 1,
        "min": 1,
        "stdev": 0
    },
    "silence_rate_30dB": {
        "max": 1,
        "mean": 0.999524056911,
        "min": 0,
        "stdev": 0.0218116510659
    },
    "silence_rate_60dB": {
        "max": 1,
        "mean": 0.0414088517427,
        "min": 0,
        "stdev": 0.199233800173
    },
    "spectral_centroid": {
        "max": 4258.18652344,
        "mean": 1613.72021484,
        "min": 354.823730469,
        "stdev": 470.454528809
    },
    "spectral_complexity": {
        "max": 51,
        "mean": 21.1618270874,
        "min": 0,
        "stdev": 8.33413600922
    },
    "spectral_decrease": {
        "max": -1.0019184267e-11,
        "mean": -4.51794823775e-09,
        "min": -3.33060690139e-08,
        "stdev": 3.40279160405e-09
    },
    "spectral_energy": {
        "max": 0.136556357145,
        "mean": 0.0191644337028,
        "min": 5.52700221306e-05,
        "stdev": 0.0142376758158
    },
    "spectral_energyband_high": {
        "max": 0.0129084056243,
        "mean": 0.000650986796245,
        "min": 1.79078836027e-06,
        "stdev": 0.000940122932661
    },
    "spectral_energyband_low": {
        "max": 0.0193210057914,
        "mean": 0.000837450905237,
        "min": 1.81458858606e-06,
        "stdev": 0.00167695898563
    },
    "spectral_energyband_middle_high": {
        "max": 0.0596392378211,
        "mean": 0.00858411192894,
        "min": 7.58922078603e-06,
        "stdev": 0.00727427192032
    },
    "spectral_energyband_middle_low": {
        "max": 0.123406119645,
        "mean": 0.00975558627397,
        "min": 1.36574963108e-05,
        "stdev": 0.00913481600583
    },
    "spectral_entropy": {
        "max": 8.80931091309,
        "mean": 7.55814266205,
        "min": 6.50111293793,
        "stdev": 0.346405088902
    },
    "spectral_flux": {
        "max": 0.22015593946,
        "mean": 0.078461073339,
        "min": 0.00516869872808,
        "stdev": 0.0361782722175
    },
    "spectral_kurtosis": {
        "max": 19.2258167267,
        "mean": 5.21134710312,
        "min": -1.1913766861,
        "stdev": 2.30368447304
    },
    "spectral_rms": {
        "max": 0.0115423444659,
        "mean": 0.00402957759798,
        "min": 0.000232211052207,
        "stdev": 0.00156828365289
    },
    "spectral_rolloff": {
        "max": 14599.5117188,
        "mean": 2085.86132812,
        "min": 258.3984375,
        "stdev": 1419.48718262
    },
    "spectral_skewness": {
        "max": 3.39859366417,
        "mean": 1.64713609219,
        "min": 0.0843734294176,
        "stdev": 0.309912234545
    },
    "spectral_spread": {
        "max": 18556946,
        "mean": 4181913.75,
        "min": 1915529,
        "stdev": 1622690.125
    },
    "spectral_strongpeak": {
        "max": 12.9523553848,
        "mean": 1.58634662628,
        "min": 0,
        "stdev": 1.40115141869
    },
    "zerocrossingrate": {
        "max": 0.453125,
        "mean": 0.0782939568162,
        "min": 0.015625,
        "stdev": 0.0373869165778
    },
    "barkbands": {
        "max": [0.0013199938694, 0.0026081118267, 0.00991090945899, 0.0287160389125, 0.0182811822742, 0.024043129757, 0.0339084342122, 0.0427813194692, 0.0446285828948, 0.0964972823858, 0.0201674625278, 0.0250214114785, 0.0225444287062, 0.0169737078249, 0.00901182275265, 0.0241210237145, 0.0116179483011, 0.00898636318743, 0.00730791455135, 0.00514852907509, 0.00181652279571, 0.00141390087083, 0.00157878827304, 0.00218338449486, 0.00808498356491, 0.00223459955305, 1.63877200521e-06],
        "mean": [6.8876586738e-05, 0.000139756681165, 0.000303226610413, 0.000848335155752, 0.00183756288607, 0.00139227847103, 0.00116714450996, 0.00138925295323, 0.00239998102188, 0.00146739662159, 0.00133407965768, 0.0013696369715, 0.00132865994237, 0.00041465414688, 0.000538901949767, 0.000732953485567, 0.000699133030139, 0.000458915892523, 0.000426552374847, 0.000325989210978, 0.000108283478767, 6.87628198648e-05, 8.21219946374e-05, 9.80553595582e-05, 9.67988162301e-05, 6.7109693191e-05, 1.84005233272e-09],
        "min": [2.96318276582e-08, 3.21780078139e-07, 3.04288391817e-07, 1.31168050643e-07, 4.57008241028e-07, 9.14188490242e-07, 6.76518880027e-07, 1.20579215945e-06, 2.05316041502e-06, 7.64020512634e-07, 1.007946139e-06, 7.45587954043e-07, 4.76193605436e-07, 1.96779467387e-07, 1.89764534753e-07, 8.37500024886e-08, 5.05572245402e-07, 2.81318904172e-07, 6.04061995091e-07, 8.25809991056e-07, 4.58411363979e-07, 1.28252651166e-07, 1.86423122273e-07, 1.40074135402e-07, 4.62181972694e-08, 9.90628357123e-10, 4.3914778064e-11],
        "stdev": [0.000103759935882, 0.000224288247409, 0.000694176822435, 0.00216091633774, 0.00202474184334, 0.0019995784387, 0.00254301726818, 0.00276075210422, 0.00441778730601, 0.00415026210248, 0.00204503210261, 0.00206296960823, 0.00262599322014, 0.00109354394954, 0.00074286526069, 0.00139392889105, 0.00109874841291, 0.000630944618024, 0.000570520118345, 0.000399963842938, 0.000146598700667, 0.000117945470265, 0.000121244549518, 0.000160583193065, 0.000365747400792, 0.000159579882165, 3.65006478376e-08]
    },
    "erbbands": {
        "max": [0.060944262892, 0.734722137451, 8.21033763885, 55.429977417, 73.8840484619, 96.2522659302, 216.066329956, 131.500701904, 228.194839478, 488.664001465, 719.882080078, 1142.8392334, 4327.82568359, 875.26739502, 776.159545898, 1286.50585938, 1020.03363037, 982.411865234, 577.274597168, 508.022705078, 990.200073242, 552.047912598, 468.581634521, 483.613189697, 306.767089844, 169.820587158, 113.754043579, 46.2875938416, 60.9186630249, 45.331363678, 51.0805587769, 41.5250434875, 47.6689453125, 87.7801971436, 54.276512146, 12.6300230026, 3.91136598587, 0.347439438105, 0.00555409118533, 0.000401743134717],
        "mean": [0.00389817310497, 0.0356969572604, 0.278166770935, 1.68634819984, 3.6506986618, 7.16193246841, 11.0202789307, 10.8431558609, 12.3572387695, 21.9797000885, 35.8838195801, 60.3067169189, 52.1127128601, 52.6879730225, 50.8607025146, 57.4785766602, 62.1977462769, 32.8117027283, 26.3809432983, 31.7535743713, 38.7387199402, 35.7420692444, 29.7565288544, 20.6583919525, 21.8006839752, 14.8214492798, 6.1949133873, 3.46143960953, 2.49668073654, 2.47432184219, 2.37930512428, 1.93285560608, 1.67120587826, 1.00872147083, 0.733246207237, 0.29271325469, 0.140112638474, 0.0107034314424, 0.000209532867302, 3.44046020473e-05],
        "min": [5.99877785135e-06, 9.42766200751e-05, 0.000739155744668, 0.000603874970693, 0.00111404072959, 0.0014528502943, 0.0143405720592, 0.00845156889409, 0.0090175466612, 0.0121718579903, 0.0268579348922, 0.0840626806021, 0.0603859163821, 0.0202926807106, 0.0407448150218, 0.0346744991839, 0.0196619126946, 0.0150820855051, 0.0137177947909, 0.0049239047803, 0.00849735923111, 0.0324547626078, 0.02122162655, 0.0171714276075, 0.060231782496, 0.0431677699089, 0.0160640887916, 0.019570870325, 0.0059488969855, 0.00577630009502, 0.00573632959276, 0.0031682595145, 0.00217450293712, 0.000714733439963, 0.000310946343234, 2.26870088227e-05, 1.99857890948e-06, 3.4930880588e-07, 3.68357774505e-07, 1.79060307914e-07],
        "stdev": [0.00604596501216, 0.0649167373776, 0.610040307045, 4.12622690201, 6.00349235535, 8.75776195526, 20.0059432983, 13.6937942505, 19.0873966217, 42.9696235657, 68.6882553101, 109.951965332, 173.104476929, 74.8347702026, 75.4507675171, 88.8429412842, 117.333877563, 66.2760925293, 42.3795852661, 45.5729598999, 64.3778991699, 51.5759773254, 37.4530944824, 28.2315673828, 29.7032966614, 17.4274692535, 8.34899044037, 4.98406839371, 4.33405017853, 3.6790459156, 3.71896076202, 2.96382164955, 3.16698122025, 3.84873700142, 2.60628128052, 0.76774418354, 0.328386574984, 0.027683224529, 0.000494647945743, 3.41031445714e-05]
    },
    "gfcc": {
        "mean": [-1.0435628891, 78.0149459839, -151.512680054, 12.627995491, -70.7369155884, 3.67587924004, -50.09608078, 11.9909496307, -35.4183349609, -5.09593820572, -16.8617763519, -0.782502830029, -9.59846687317],
        "cov": [[3349.20556641, -1073.62963867, 378.799713135, -281.755310059, -40.4828872681, 213.418945312, -35.7593917847, 153.271194458, -138.848068237, 173.779190063, -157.886047363, 84.2480239868, -361.242523193], [-1073.62963867, 1122.67321777, -421.59286499, 90.2362060547, 52.706363678, -185.39201355, 75.993057251, -155.018981934, 57.9871559143, -199.955490112, 149.023147583, -159.798690796, 145.806610107], [378.799713135, -421.59286499, 693.537658691, 30.8841495514, 44.4089012146, 70.0694198608, -104.9269104, 48.3180770874, -67.7638015747, 92.3544692993, -175.853866577, 108.918754578, -111.607299805], [-281.755310059, 90.2362060547, 30.8841495514, 336.264770508, 106.493339539, -56.2853927612, -76.3506469727, -31.1086997986, 34.6166191101, -39.7752304077, -22.7173461914, -23.7978630066, 70.2919464111], [-40.4828872681, 52.706363678, 44.4089012146, 106.493339539, 189.639663696, -17.3666934967, -32.9943580627, -4.89116001129, -0.91891592741, -1.56686294079, -43.600479126, 10.1192302704, 10.9024896622], [213.418945312, -185.39201355, 70.0694198608, -56.2853927612, -17.3666934967, 199.254013062, 84.3252029419, 4.44456481934, -30.1531600952, 30.785238266, -0.992890715599, 8.42388153076, -66.1553878784], [-35.7593917847, 75.993057251, -104.9269104, -76.3506469727, -32.9943580627, 84.3252029419, 168.975219727, 3.7135925293, -13.4852209091, -10.4349241257, 54.0988044739, -22.8437385559, -30.5665397644], [153.271194458, -155.018981934, 48.3180770874, -31.1086997986, -4.89116001129, 4.44456481934, 3.7135925293, 113.60874176, 27.5274353027, 35.7392578125, -16.2822608948, 18.2243900299, -8.53977584839], [-138.848068237, 57.9871559143, -67.7638015747, 34.6166191101, -0.91891592741, -30.1531600952, -13.4852209091, 27.5274353027, 97.0898590088, 14.8758535385, 10.3624000549, -16.3715457916, 37.758228302], [173.779190063, -199.955490112, 92.3544692993, -39.7752304077, -1.56686294079, 30.785238266, -10.4349241257, 35.7392578125, 14.8758535385, 112.959030151, -10.4974164963, 42.1655273438, -37.8055000305], [-157.886047363, 149.023147583, -175.853866577, -22.7173461914, -43.600479126, -0.992890715599, 54.0988044739, -16.2822608948, 10.3624000549, -10.4974164963, 143.797927856, -8.84314727783, 30.3452415466], [84.2480239868, -159.798690796, 108.918754578, -23.7978630066, 10.1192302704, 8.42388153076, -22.8437385559, 18.2243900299, -16.3715457916, 42.1655273438, -8.84314727783, 107.553009033, 6.08405065536], [-361.242523193, 145.806610107, -111.607299805, 70.2919464111, 10.9024896622, -66.1553878784, -30.5665397644, -8.53977584839, 37.758228302, -37.8055000305, 30.3452415466, 6.08405065536, 131.037490845]],
        "icov": [[0.000581209664233, 0.000442827818915, 0.000213498467929, 0.000212833139813, -0.00018545241619, 1.3024209693e-05, 0.000405043712817, -0.000300230894936, 0.000238645792706, 0.000307348876959, -3.63194885722e-05, 2.61194109044e-05, 0.00130123202689], [0.000442827818915, 0.00420913146809, -0.00100378890056, 0.00152831361629, -0.00260425638407, 0.00351683120243, -0.00271682464518, 0.00415164604783, -0.00284294178709, 0.00390033330768, -0.00320232752711, 0.00378197804093, -0.000998070929199], [0.000213498467929, -0.00100378890056, 0.00410644430667, -0.00152038352098, 0.00134330976289, -0.00197527115233, 0.00256547261961, -0.00238654459827, 0.0026639464777, -0.00186805357225, 0.00394724868238, -0.00390102551319, 0.00331298820674], [0.000212833139813, 0.00152831361629, -0.00152038352098, 0.00569382309914, -0.00349841732532, 0.00102944811806, 0.000316709076287, 0.00263872649521, -0.00273476261646, 0.00256241788156, -0.00205550156534, 0.00332702347077, -0.0025576162152], [-0.00018545241619, -0.00260425638407, 0.00134330976289, -0.00349841732532, 0.00874323118478, -0.00197071698494, 0.00147877098061, -0.00279296329245, 0.0027837625239, -0.00306331505999, 0.00441254116595, -0.00382646499202, 0.00131773005705], [1.3024209693e-05, 0.00351683120243, -0.00197527115233, 0.00102944811806, -0.00197071698494, 0.0113044772297, -0.00725613161922, 0.00467441882938, -0.0020918995142, 0.00174341443926, -0.00265749869868, 0.00319264619611, -5.58022948098e-05], [0.000405043712817, -0.00271682464518, 0.00256547261961, 0.000316709076287, 0.00147877098061, -0.00725613161922, 0.0137582803145, -0.00527574494481, 0.00314528890885, -0.000677302246913, -0.000240983572439, -0.00215456308797, 0.00428810948506], [-0.000300230894936, 0.00415164604783, -0.00238654459827, 0.00263872649521, -0.00279296329245, 0.00467441882938, -0.00527574494481, 0.0165628064424, -0.00778946885839, 0.00214516255073, -0.00249778316356, 0.00332095380872, -0.00316668581218], [0.000238645792706, -0.00284294178709, 0.0026639464777, -0.00273476261646, 0.0027837625239, -0.0020918995142, 0.00314528890885, -0.00778946885839, 0.0191538017243, -0.00845082011074, 0.0033298865892, 0.000806969590485, -0.00227034743875], [0.000307348876959, 0.00390033330768, -0.00186805357225, 0.00256241788156, -0.00306331505999, 0.00174341443926, -0.000677302246913, 0.00214516255073, -0.00845082011074, 0.0190180502832, -0.00491210399196, -0.00170365825761, 0.00379720982164], [-3.63194885722e-05, -0.00320232752711, 0.00394724868238, -0.00205550156534, 0.00441254116595, -0.00265749869868, -0.000240983572439, -0.00249778316356, 0.0033298865892, -0.00491210399196, 0.0148408049718, -0.00538844615221, 0.000436637579696], [2.61194109044e-05, 0.00378197804093, -0.00390102551319, 0.00332702347077, -0.00382646499202, 0.00319264619611, -0.00215456308797, 0.00332095380872, 0.000806969590485, -0.00170365825761, -0.00538844615221, 0.0194718558341, -0.00797976180911], [0.00130123202689, -0.000998070929199, 0.00331298820674, -0.0025576162152, 0.00131773005705, -5.58022948098e-05, 0.00428810948506, -0.00316668581218, -0.00227034743875, 0.00379720982164, 0.000436637579696, -0.00797976180911, 0.0191980935633]]
    },
    "melbands": {
        "max": [0.000501188798808, 0.00319727743044, 0.00980969145894, 0.00400786707178, 0.00633096741512, 0.00270820967853, 0.00506298337132, 0.00610650936142, 0.00611825659871, 0.00808680616319, 0.0210233647376, 0.00348518742248, 0.00313027808443, 0.00229862728156, 0.0019101704238, 0.00302315829322, 0.00187815295067, 0.00107647920959, 0.000818252621684, 0.00198542652652, 0.000845341826789, 0.000816059648059, 0.000668888213113, 0.000241437446675, 0.000447767844889, 0.000240091583692, 0.000326246197801, 9.19516169233e-05, 0.000108071202703, 2.76462069451e-05, 2.95461341011e-05, 3.79313096346e-05, 3.30227485392e-05, 2.06376407732e-05, 2.80884778476e-05, 2.270224104e-05, 2.39295368374e-05, 2.72654888249e-05, 5.67667302676e-05, 0.00010210282926],
        "mean": [3.87367690564e-05, 0.000124392594444, 0.000351583614247, 0.000377031014068, 0.000377450021915, 0.00024048591149, 0.000213882231037, 0.000247480085818, 0.000295086501865, 0.000394115457311, 0.000247760879574, 0.000201239294256, 0.000167421676451, 0.000158551265486, 0.000114778042189, 0.000149516417878, 4.72811734653e-05, 3.8176705857e-05, 4.0853588871e-05, 5.51943267055e-05, 4.25871076004e-05, 3.79915472877e-05, 3.48790636053e-05, 1.88851445273e-05, 1.63833537954e-05, 1.55266407091e-05, 1.46038137245e-05, 8.84306336957e-06, 4.25873486165e-06, 2.87103534902e-06, 1.63867809988e-06, 1.40048655339e-06, 1.28756005324e-06, 1.41205885029e-06, 1.43791748997e-06, 1.11325573471e-06, 1.22993458262e-06, 1.15608611395e-06, 1.07767027657e-06, 7.90001649875e-07],
        "min": [7.33146450216e-08, 3.21795710079e-07, 2.05393945407e-07, 1.04536098888e-07, 4.18559494619e-07, 1.91509457181e-07, 1.38196412536e-07, 1.57577701998e-07, 1.95711649553e-07, 3.38359569696e-07, 2.80361348359e-07, 5.15484970265e-08, 1.24399861079e-07, 9.6953797879e-08, 3.84873999337e-08, 6.07283112686e-08, 1.81865331683e-08, 2.37390267444e-08, 1.11841353956e-08, 5.13573494842e-09, 9.26458998407e-09, 3.35159029419e-08, 2.07632258054e-08, 1.27067778521e-08, 1.10768851869e-08, 2.8530248386e-08, 3.25924176536e-08, 2.81742487118e-08, 8.58985949037e-09, 1.42364440237e-08, 9.23405085729e-09, 2.74888711793e-09, 1.93744775778e-09, 2.7157815996e-09, 3.35075878155e-09, 1.59738888783e-09, 2.1915149695e-09, 1.57885560181e-09, 8.31857638328e-10, 4.86130746769e-10],
        "stdev": [5.32973135705e-05, 0.000257784617133, 0.000777515000664, 0.000440341565991, 0.000572440156247, 0.000302544154692, 0.000379198725568, 0.000457126938272, 0.000572129851207, 0.000747657963075, 0.00085126014892, 0.000296575221, 0.000250193581451, 0.000233777158428, 0.000185108510777, 0.000313289114274, 0.000117448151286, 7.35307548894e-05, 5.78872095502e-05, 0.000112794288725, 7.34931236366e-05, 6.12562434981e-05, 5.02802795381e-05, 2.31582307606e-05, 2.47581865551e-05, 2.2635291316e-05, 2.07047105505e-05, 1.11152066893e-05, 6.72233181831e-06, 3.80840015168e-06, 2.77137814919e-06, 2.54751694229e-06, 2.31545345741e-06, 2.00686986318e-06, 2.18144600694e-06, 1.86659758583e-06, 1.96977543965e-06, 2.0526388198e-06, 2.69610222858e-06, 3.78411641577e-06]
    },
    "melbands128": {
        "max": [0.00041657712427, 0.000610901857726, 0.00059898965992, 0.00147670565639, 0.00308240926825, 0.00535254878923, 0.0114448014647, 0.0146149871871, 0.00828768871725, 0.00441986368969, 0.00731763476506, 0.0061284522526, 0.0107973162085, 0.00944222975522, 0.00466638663784, 0.00364986155182, 0.00467939535156, 0.00558134075254, 0.0146643221378, 0.00823206081986, 0.0129683865234, 0.0128090772778, 0.0116033107042, 0.0109422523528, 0.00821254216135, 0.0158572327346, 0.0266958400607, 0.0362856276333, 0.00610179360956, 0.00556953810155, 0.00677864952013, 0.00652847858146, 0.00641028117388, 0.00402270024642, 0.0044652428478, 0.00455718394369, 0.00754694733769, 0.00178547389805, 0.00329607306048, 0.00374444853514, 0.00491522205994, 0.00318548339419, 0.00313193188049, 0.00273231207393, 0.00200396962464, 0.00204634596594, 0.00133253110107, 0.00155446596909, 0.000857772713061, 0.00126624398399, 0.00310072628781, 0.00386096327566, 0.00170756620355, 0.0017156744143, 0.00201002834365, 0.00132576725446, 0.000617731129751, 0.00131004897412, 0.00143524026498, 0.000775294436608, 0.000375356321456, 0.000172553598532, 0.000943696824834, 0.000446622056188, 0.00059225584846, 0.000320120365359, 0.000626482826192, 0.000409230851801, 0.000710481137503, 0.000156445428729, 0.000113754191261, 0.000190795341041, 0.000102509126009, 0.00023517414229, 0.000105976090708, 5.50538825337e-05, 6.10495480942e-05, 3.44654654327e-05, 4.09879176004e-05, 3.04109507852e-05, 5.03569353896e-05, 3.09764436679e-05, 5.40923283552e-05, 3.5683515307e-05, 3.95831375499e-05, 1.80986189662e-05, 1.7425403712e-05, 2.86775793938e-05, 2.22527742153e-05, 5.36654624739e-05, 3.17047888529e-05, 2.46104500548e-05, 4.3130821723e-05, 2.76769642369e-05, 3.2206200558e-05, 2.65522976406e-05, 3.28011592501e-05, 4.2946976464e-05, 4.58689501102e-05, 0.000117808885989, 3.48668036168e-05, 0.000107152663986, 0.000223219816689, 9.69441825873e-05, 8.85007611942e-05, 3.69572044292e-05, 2.98548802675e-05, 2.79272899206e-05, 2.09367535717e-05, 2.29925208259e-05, 3.08982343995e-05, 1.36249218485e-05, 1.38151481224e-05, 1.55276084115e-05, 1.5425042875e-05, 6.59033389638e-07, 9.87466819424e-09, 7.61920926351e-09, 7.41516403835e-09, 7.26093318804e-09, 7.10314607133e-09, 6.94093360565e-09, 6.80234846229e-09, 6.68729072117e-09, 6.60469456903e-09, 6.54666498789e-09, 6.49575548906e-09, 6.4561276325e-09],
        "mean": [2.79283667624e-05, 3.22361629514e-05, 3.8782844058e-05, 5.91363095737e-05, 9.94554720819e-05, 0.000167230900843, 0.000319929502439, 0.000457481801277, 0.000332148920279, 0.000353640731191, 0.000431495631346, 0.000364498700947, 0.000419805728598, 0.000311472133035, 0.000274606631137, 0.000182991032489, 0.000121097378724, 0.000212421204196, 0.00036106078187, 0.00020038583898, 0.00022843091574, 0.000271139171673, 0.000355743977707, 0.000233240964008, 0.000362667866284, 0.000555906968657, 0.000238927677856, 0.000305936293444, 0.000113265487016, 0.000165132500115, 0.000265619135462, 0.000215895910515, 0.000105800878373, 0.000204518219107, 0.000137533381348, 0.000143119381391, 0.000205387113965, 7.33526176191e-05, 9.10838789423e-05, 0.000161097152159, 0.000203932388104, 5.90523668507e-05, 4.5116252295e-05, 4.14635032939e-05, 2.73221030511e-05, 3.90198765672e-05, 4.94170672027e-05, 4.68959042337e-05, 3.2707281207e-05, 2.94988967653e-05, 7.64389260439e-05, 6.15380340605e-05, 3.26194531226e-05, 3.86374340451e-05, 5.26193725818e-05, 3.25915061694e-05, 2.97811056953e-05, 4.16929542553e-05, 3.35856348102e-05, 3.09656352329e-05, 1.51924841703e-05, 1.03405118352e-05, 2.25542826229e-05, 1.52796092152e-05, 1.23191384773e-05, 1.48221915879e-05, 1.96407472686e-05, 1.42430435517e-05, 1.54336976266e-05, 1.18384714369e-05, 7.01678936821e-06, 1.02540107036e-05, 4.84163865622e-06, 3.44988325196e-06, 2.446049848e-06, 3.25130690726e-06, 3.17320063914e-06, 1.57393287736e-06, 1.61934724474e-06, 1.30600824377e-06, 1.45330784562e-06, 1.36275332352e-06, 1.45794206219e-06, 1.10685869004e-06, 1.37638880915e-06, 1.39916051012e-06, 1.3800264469e-06, 1.51829590322e-06, 1.44838452343e-06, 1.46074410168e-06, 1.09254904146e-06, 1.04692082914e-06, 1.04912169263e-06, 1.36628852943e-06, 1.21561436117e-06, 1.13006979063e-06, 1.12118277684e-06, 1.22698236282e-06, 1.21810614928e-06, 1.0663931107e-06, 4.38330573616e-07, 8.07414267001e-07, 1.04943478618e-06, 1.10104269879e-06, 9.43443524193e-07, 6.54165091873e-07, 5.07054664922e-07, 5.15280703439e-07, 4.75906944075e-07, 4.77145817968e-07, 4.47725653885e-07, 5.24914185007e-07, 4.81286406284e-07, 4.75611841466e-07, 3.00635406347e-07, 1.84361486077e-08, 2.52101221843e-11, 7.29187630416e-12, 6.94636665896e-12, 6.76730243024e-12, 6.60214764803e-12, 6.45097126759e-12, 6.31335088375e-12, 6.19344723077e-12, 6.11599616437e-12, 6.05741151682e-12, 6.0091996483e-12, 5.97005214362e-12],
        "min": [5.54207124637e-09, 3.86388165907e-08, 4.40822134351e-08, 9.53338670229e-08, 2.95894892588e-07, 1.38519169468e-07, 2.85150001389e-08, 8.4525581201e-08, 1.05808474871e-07, 5.36096251835e-08, 5.31199724207e-08, 1.12361291826e-07, 1.42336361364e-07, 1.19607349802e-07, 1.1261249e-07, 7.21679427329e-08, 1.74568910438e-08, 1.00354483834e-07, 9.47114244809e-08, 8.70601013503e-08, 8.56762198964e-08, 1.2760378354e-07, 9.51793666104e-08, 7.80511939524e-08, 1.30639335794e-07, 1.30703597279e-07, 6.93983963629e-08, 1.74629647631e-07, 3.14006491919e-08, 1.99783798394e-08, 3.1700540859e-08, 1.30539712373e-08, 4.21483470348e-08, 3.58040637138e-08, 3.66827279663e-08, 4.36360068079e-08, 2.16617763726e-08, 1.34734161605e-08, 9.95928139957e-09, 2.54963321566e-08, 2.74645515219e-08, 9.21234644125e-09, 9.09626862722e-09, 1.44800917923e-08, 1.26154473534e-08, 2.89811712406e-08, 2.14309565649e-08, 6.44976871911e-09, 6.04273742155e-09, 2.05615902082e-09, 5.14172127097e-09, 8.99221408446e-09, 3.47495698882e-09, 7.98619215203e-09, 1.98168326193e-08, 1.8574459304e-08, 1.53420813831e-08, 1.54989372447e-08, 1.75698549043e-08, 1.04401918222e-08, 1.32662005825e-08, 1.31892541333e-09, 3.4018530215e-09, 1.15536638035e-08, 1.87505140303e-08, 1.68498424102e-08, 2.33345591738e-08, 1.55019890258e-08, 2.14074304949e-08, 9.66263602464e-09, 3.45387651812e-09, 6.9005441361e-09, 1.05745090462e-09, 2.71316191736e-09, 6.39668140678e-09, 2.20462603728e-09, 1.11650075851e-08, 4.26483487415e-10, 4.28259150365e-10, 2.56448928759e-09, 1.4675204385e-09, 1.52610701853e-09, 1.36578193199e-09, 2.38019964849e-10, 9.92506188346e-10, 1.65380231731e-09, 3.19731174869e-09, 2.97084712386e-09, 2.78433520684e-09, 1.48952883361e-09, 2.66416034199e-12, 1.0353379265e-09, 6.97359225921e-10, 1.45814116337e-09, 2.24786855796e-09, 1.18128484772e-09, 7.60499219155e-10, 2.79274298132e-10, 8.10729261502e-10, 4.84203788176e-10, 2.71373423733e-10, 4.93563079296e-10, 4.1026962383e-10, 4.28166002653e-10, 4.07893968601e-10, 1.61685109745e-10, 6.77342730515e-12, 2.99018206029e-11, 1.22507750472e-11, 1.40171251342e-12, 2.60927374542e-13, 2.39792127127e-13, 1.88859588775e-13, 1.58743000299e-13, 1.48325728327e-13, 1.48318423515e-13, 1.39774300532e-13, 1.35302969458e-13, 1.09617955717e-13, 1.24660251197e-13, 1.3894863992e-13, 1.3289751786e-13, 1.30738315681e-13, 1.2268017277e-13, 1.05605059203e-13, 1.35994161895e-13, 1.31966960688e-13, 1.17632506925e-13],
        "stdev": [3.87011241401e-05, 5.67871429666e-05, 6.23359374003e-05, 0.000122232086142, 0.000240370718529, 0.000387793552363, 0.000841055298224, 0.00114877382293, 0.000611559778918, 0.000453329994343, 0.000620764796622, 0.000531942001544, 0.000942824175581, 0.000617541256361, 0.000436156755313, 0.000262976187514, 0.000218622211833, 0.000409915111959, 0.000995207112283, 0.000504891970195, 0.000622432038654, 0.000702820601873, 0.000902189814951, 0.000642102444544, 0.000804747454822, 0.0012903517345, 0.0009595049778, 0.00150583812501, 0.000294718658552, 0.000361131620593, 0.00046301013208, 0.000479481881484, 0.000293104851153, 0.000424206722528, 0.000349901849404, 0.000309396098601, 0.000423195684562, 0.000176001543878, 0.000285604241071, 0.00038355475408, 0.00051693856949, 0.000201432689209, 0.000194534441107, 0.000115647046186, 0.000100115452369, 0.000109588807391, 0.000102131409221, 9.53133931034e-05, 6.01388492214e-05, 7.44977587601e-05, 0.00020040461095, 0.000151929358253, 9.53228372964e-05, 9.70766341197e-05, 0.000123388745124, 7.62174167903e-05, 5.63499925192e-05, 8.66671543918e-05, 7.26447324269e-05, 5.11305879627e-05, 2.76133814623e-05, 1.60575855261e-05, 4.96265165566e-05, 2.61013537965e-05, 3.26501613017e-05, 2.68497788056e-05, 3.66922504327e-05, 2.59911612375e-05, 3.23576641676e-05, 1.90162918443e-05, 1.15910379463e-05, 1.76536941581e-05, 8.69564428285e-06, 9.05665729078e-06, 5.19010836797e-06, 4.73952650282e-06, 5.79490506425e-06, 2.79605410469e-06, 3.42051907865e-06, 2.53318626164e-06, 3.21945549331e-06, 2.56572093349e-06, 3.14689646075e-06, 2.29828447118e-06, 2.93807602247e-06, 2.07397761187e-06, 2.07535640584e-06, 2.61425066128e-06, 2.11946417039e-06, 3.30168677465e-06, 2.15425143324e-06, 1.80381641712e-06, 1.83362965345e-06, 2.44196644417e-06, 2.13406769944e-06, 1.95915504264e-06, 2.14327769754e-06, 2.73917339655e-06, 2.61232503362e-06, 4.00009366786e-06, 1.73784553681e-06, 4.2807068894e-06, 6.1844798438e-06, 4.33283321399e-06, 3.39393363902e-06, 2.02282876671e-06, 1.53121141011e-06, 1.37760548569e-06, 1.2813121657e-06, 1.30467947201e-06, 1.21110917917e-06, 1.2176715245e-06, 1.13948237868e-06, 1.27732675992e-06, 8.85440158527e-07, 5.71841098918e-08, 3.50123874338e-10, 1.6656447055e-10, 1.62070926124e-10, 1.58699622888e-10, 1.55249008094e-10, 1.51704787621e-10, 1.48678527823e-10, 1.46167911108e-10, 1.44362036214e-10, 1.43091080651e-10, 1.41977665735e-10, 1.41113690177e-10]
    },
    "mfcc": {
        "mean": [-634.549438477, 112.808784485, -27.4453296661, 5.88566637039, -5.18467569351, -15.162610054, -4.53169488907, 1.03961861134, -9.44848537445, -2.67954611778, -12.8742275238, -3.36808037758, -2.72362375259],
        "cov": [[3096.17724609, -668.861999512, 66.2320404053, -354.637969971, -51.9578094482, -37.4279594421, 123.437698364, 28.5660648346, -69.7039642334, 68.976890564, 123.141220093, 71.0782699585, -30.0482082367], [-668.861999512, 759.598205566, -219.426956177, 78.5186309814, -61.416179657, -30.9001274109, -15.2425088882, 2.18785142899, -65.6453933716, -0.183097153902, -63.4935417175, -31.0752277374, 7.47283029556], [66.2320404053, -219.426956177, 449.51348877, -13.8877916336, 50.8958473206, 51.0282974243, -11.7785329819, -1.65312159061, 36.1965560913, -50.0426177979, 47.2829322815, -18.2595100403, -15.3847923279], [-354.637969971, 78.5186309814, -13.8877916336, 360.728149414, 177.05140686, -7.72680997849, -94.1803894043, -33.2230186462, 43.0086402893, -30.3762302399, -72.5196990967, -33.1018943787, -3.0859234333], [-51.9578094482, -61.416179657, 50.8958473206, 177.05140686, 240.399810791, 10.3515796661, -72.1609954834, -30.894329071, 53.2516975403, -16.9746570587, -42.5265731812, -35.1130561829, 9.13405704498], [-37.4279594421, -30.9001274109, 51.0282974243, -7.72680997849, 10.3515796661, 170.073532104, 48.04454422, 8.0663728714, 0.744189739227, -20.6714954376, 23.6911506653, 7.29339790344, -22.3907928467], [123.437698364, -15.2425088882, -11.7785329819, -94.1803894043, -72.1609954834, 48.04454422, 158.164077759, 47.5752601624, -43.6581726074, 9.14837932587, 36.0850372314, 19.4472312927, -19.2834262848], [28.5660648346, 2.18785142899, -1.65312159061, -33.2230186462, -30.894329071, 8.0663728714, 47.5752601624, 80.3474884033, 3.89975261688, 0.631102085114, 4.66834640503, 4.92552900314, -1.61944532394], [-69.7039642334, -65.6453933716, 36.1965560913, 43.0086402893, 53.2516975403, 0.744189739227, -43.6581726074, 3.89975261688, 110.652557373, 9.06624507904, -6.29646539688, -14.3939762115, -5.99275588989], [68.976890564, -0.183097153902, -50.0426177979, -30.3762302399, -16.9746570587, -20.6714954376, 9.14837932587, 0.631102085114, 9.06624507904, 95.2184066772, 29.4252796173, 4.52107429504, -19.2202854156], [123.141220093, -63.4935417175, 47.2829322815, -72.5196990967, -42.5265731812, 23.6911506653, 36.0850372314, 4.66834640503, -6.29646539688, 29.4252796173, 101.717453003, 26.8138504028, -21.0168933868], [71.0782699585, -31.0752277374, -18.2595100403, -33.1018943787, -35.1130561829, 7.29339790344, 19.4472312927, 4.92552900314, -14.3939762115, 4.52107429504, 26.8138504028, 91.9354019165, 29.5888385773], [-30.0482082367, 7.47283029556, -15.3847923279, -3.0859234333, 9.13405704498, -22.3907928467, -19.2834262848, -1.61944532394, -5.99275588989, -19.2202854156, -21.0168933868, 29.5888385773, 99.8762130737]],
        "icov": [[0.000486364035169, 0.000425021804404, 0.000117304931337, 0.000442786229542, -0.000344081316143, 0.000245397299295, -4.34936227975e-05, -0.000133558976813, 0.000497372064274, -0.000113393471111, -8.20169152576e-05, -0.000160650699399, 0.000260550237726], [0.000425021804404, 0.00219997693785, 0.000797522079665, -0.000324983091559, 0.000626461114734, -6.10384267929e-06, 0.000412219058489, -0.000468097015982, 0.00145139242522, -0.000196559034521, 0.000330570066581, 0.000782078190241, -2.3461487217e-05], [0.000117304931337, 0.000797522079665, 0.00327434251085, 0.000354717369191, -0.000598565442488, -0.000346152199199, 0.000537826388609, -0.000301864551147, -0.000302328844555, 0.00220439140685, -0.00215500360355, 0.00106529775076, 0.000204038631637], [0.000442786229542, -0.000324983091559, 0.000354717369191, 0.00583500415087, -0.0039101052098, 0.000286625640001, 0.00121803604998, 2.88385872409e-05, 2.52985591942e-05, 0.000931252841838, 0.00155312870629, -0.00116312399041, 0.00190208049025], [-0.000344081316143, 0.000626461114734, -0.000598565442488, -0.0039101052098, 0.0086018089205, -0.00133602553979, 0.000695908558555, 0.00135911500547, -0.00172678462695, -0.0008044456481, 0.00101886433549, 0.00223811902106, -0.00200026575476], [0.000245397299295, -6.10384267929e-06, -0.000346152199199, 0.000286625640001, -0.00133602553979, 0.00765977147967, -0.00283909821883, 0.000621828658041, -0.000713582790922, 0.00232390058227, -0.00135533360299, -0.00111149682198, 0.00177962554153], [-4.34936227975e-05, 0.000412219058489, 0.000537826388609, 0.00121803604998, 0.000695908558555, -0.00283909821883, 0.0118455598131, -0.00601005135104, 0.00414343178272, -0.000575571495574, -0.00116884056479, -0.000470509781735, 0.00159731763415], [-0.000133558976813, -0.000468097015982, -0.000301864551147, 2.88385872409e-05, 0.00135911500547, 0.000621828658041, -0.00601005135104, 0.0166285466403, -0.00391363911331, 0.00062330783112, 0.00124225288164, -1.00166080301e-05, -0.000776915054303], [0.000497372064274, 0.00145139242522, -0.000302328844555, 2.52985591942e-05, -0.00172678462695, -0.000713582790922, 0.00414343178272, -0.00391363911331, 0.0132573824376, -0.00251168129034, 0.000176153887878, 0.000647738226689, 0.000887016474735], [-0.000113393471111, -0.000196559034521, 0.00220439140685, 0.000931252841838, -0.0008044456481, 0.00232390058227, -0.000575571495574, 0.00062330783112, -0.00251168129034, 0.0147236976773, -0.00491431821138, -0.000104604652734, 0.00252207135782], [-8.20169152576e-05, 0.000330570066581, -0.00215500360355, 0.00155312870629, 0.00101886433549, -0.00135533360299, -0.00116884056479, 0.00124225288164, 0.000176153887878, -0.00491431821138, 0.0165864471346, -0.00453851697966, 0.00296375900507], [-0.000160650699399, 0.000782078190241, 0.00106529775076, -0.00116312399041, 0.00223811902106, -0.00111149682198, -0.000470509781735, -1.00166080301e-05, 0.000647738226689, -0.000104604652734, -0.00453851697966, 0.0154774505645, -0.00604513613507], [0.000260550237726, -2.3461487217e-05, 0.000204038631637, 0.00190208049025, -0.00200026575476, 0.00177962554153, 0.00159731763415, -0.000776915054303, 0.000887016474735, 0.00252207135782, 0.00296375900507, -0.00604513613507, 0.0140135735273]]
    },
    "spectral_contrast_coeffs": {
        "max": [-0.412402510643, -0.515323579311, -0.429562538862, -0.546740591526, -0.579008340836, -0.667014479637],
        "mean": [-0.657748281956, -0.753312408924, -0.709965705872, -0.744733810425, -0.746008396149, -0.779272675514],
        "min": [-0.881222724915, -0.911081254482, -0.913516104221, -0.882082879543, -0.879957079887, -0.917107760906],
        "stdev": [0.0689611658454, 0.0601140521467, 0.0703061968088, 0.0598317757249, 0.0481040775776, 0.0288501959294]
    },
    "spectral_contrast_valleys": {
        "max": [-5.50355386734, -4.87905216217, -5.56947612762, -5.8725399971, -6.02405643463, -7.89112615585],
        "mean": [-7.48175621033, -6.5740146637, -7.24425077438, -7.60696792603, -7.53706550598, -10.2655057907],
        "min": [-9.84119701385, -9.29705715179, -9.89630508423, -10.6505746841, -9.92636871338, -12.6592493057],
        "stdev": [0.655033111572, 0.63540995121, 0.7176836133, 0.636976838112, 0.656657457352, 0.938913166523]
    }
},
"rhythm": {
    "beats_count": 89,
    "beats_loudness": {
        "max": 0.0669392943382,
        "mean": 0.0286832116544,
        "min": 0.000966569641605,
        "stdev": 0.013589204289
    },
    "bpm": 111.420791626,
    "bpm_histogram_first_peak_bpm": 112,
    "bpm_histogram_first_peak_weight": 0.555555582047,
    "bpm_histogram_second_peak_bpm": 105,
    "bpm_histogram_second_peak_spread": 0.166666686535,
    "bpm_histogram_second_peak_weight": 0.0568181835115,
    "danceability": 1.06310045719,
    "onset_rate": 3.2197265625,
    "beats_loudness_band_ratio": {
        "max": [0.64067196846, 0.591572999954, 0.598793268204, 0.645797729492, 0.467861771584, 0.614435791969],
        "mean": [0.178147688508, 0.188358709216, 0.245012536645, 0.208580374718, 0.138833805919, 0.0828458741307],
        "min": [0.00647156639025, 0.0223806966096, 0.0350921601057, 0.0190470926464, 0.0121287470683, 0.0146563705057],
        "stdev": [0.148717939854, 0.116894856095, 0.14775249362, 0.14766895771, 0.106912001967, 0.0797936916351]
    },
