{
"metadata": {
    "version": {
        "essentia": "2.1-beta5",
        "essentia_git_sha": "Undefined",
        "extractor": "music 2.0"
    },
    "audio_properties": {
        "analysis": {
            "equal_loudness": 0,
            "length": 29.0017242432,
            "sample_rate": 44100,
            "start_time": 0,
            "downmix": "mix"
        },
        "bit_rate": 192000,
        "length": 181.719360352,
        "lossless": 0,
        "number_channels": 2,
        "replay_gain": 0.0646648406982,
        "sample_rate": 44100,
        "codec": "mp3",
        "md5_encoded": "4b9eabe9e9dcd2a6d1f10fc81995aeb5"
    },
    "tags": {
        "file_name": "France_Je Suis L_enfant-soleil_Anne-Marie David.mp3",
        "encoding": ["Lavf58.29.100"]
    }
},
"lowlevel": {
    "average_loudness": 0.9214874506,
    "barkbands_crest": {
        "max": 24.7390880585,
        "mean": 10.0130157471,
        "min": 2.63336610794,
        "stdev": 4.08858823776
    },
    "barkbands_flatness_db": {
        "max": 0.353831142187,
        "mean": 0.185160830617,
        "min": 0.0448925048113,
        "stdev": 0.0590063668787
    },
    "barkbands_kurtosis": {
        "max": 58.7102127075,
        "mean": 4.32334375381,
        "min": -1.81772708893,
        "stdev": 7.16056156158
    },
    "barkbands_skewness": {
        "max": 6.00221014023,
        "mean": 1.13580167294,
        "min": -2.29695034027,
        "stdev": 1.13426971436
    },
    "barkbands_spread": {
        "max": 115.236824036,
        "mean": 15.315199852,
        "min": 1.51711988449,
        "stdev": 11.5033435822
    },
    "dissonance": {
        "max": 0.499995082617,
        "mean": 0.443419635296,
        "min": 0.228593200445,
        "stdev": 0.0419358536601
    },
    "dynamic_complexity": 5.7682557106,
    "erbbands_crest": {
        "max": 32.4927711487,
        "mean": 11.6149845123,
        "min": 3.1617205143,
        "stdev": 5.42201137543
    },
    "erbbands_flatness_db": {
        "max": 0.400080054998,
        "mean": 0.217478632927,
        "min": 0.0705906972289,
        "stdev": 0.0517758764327
    },
    "erbbands_kurtosis": {
        "max": 30.8002548218,
        "mean": 1.56904160976,
        "min": -1.7974460125,
        "stdev": 3.50534081459
    },
    "erbbands_skewness": {
        "max": 3.42592549324,
        "mean": 0.701157748699,
        "min": -2.74023032188,
        "stdev": 0.862928628922
    },
    "erbbands_spread": {
        "max": 108.607208252,
        "mean": 25.6939716339,
        "min": 1.65107512474,
        "stdev": 13.8735561371
    },
    "hfc": {
        "max": 222.751419067,
        "mean": 14.2740736008,
        "min": 1.2039276326e-16,
        "stdev": 21.7812328339
    },
    "loudness_ebu128": {
        "integrated": -26.0370044708,
        "loudness_range": 4.17990875244,
        "momentary": {
            "max": -19.6986484528,
            "mean": -28.4703845978,
            "min": -58.7928237915,
            "stdev": 5.22253847122
        },
        "short_term": {
            "max": -24.0268802643,
            "mean": -26.7909641266,
            "min": -30.9537467957,
            "stdev": 1.46091151237
        }
    },
    "melbands_crest": {
        "max": 32.4321327209,
        "mean": 13.1556062698,
        "min": 1.70427024364,
        "stdev": 5.17157363892
    },
    "melbands_flatness_db": {
        "max": 0.458789527416,
        "mean": 0.233589351177,
        "min": 0.0064999256283,
        "stdev": 0.073254622519
    },
    "melbands_kurtosis": {
        "max": 107.528800964,
        "mean": 8.99001693726,
        "min": -1.81675124168,
        "stdev": 13.5659723282
    },
    "melbands_skewness": {
        "max": 7.81912469864,
        "mean": 1.73855173588,
        "min": -1.96067178249,
        "stdev": 1.45880889893
    },
    "melbands_spread": {
        "max": 249.818023682,
        "mean": 20.2483386993,
        "min": 1.45921123028,
        "stdev": 19.6067276001
    },
    "pitch_salience": {
        "max": 0.828352153301,
        "mean": 0.568367481232,
        "min": 0.166227906942,
        "stdev": 0.105599373579
    },
    "silence_rate_20dB": {
        "max": 1,
        "mean": 1,
        "min": 1,
        "stdev": 0
    },
    "silence_rate_30dB": {
        "max": 1,
        "mean": 0.997600018978,
        "min": 0,
        "stdev": 0.0489309616387
    },
    "silence_rate_60dB": {
        "max": 1,
        "mean": 0.27919998765,
        "min": 0,
        "stdev": 0.448605895042
    },
    "spectral_centroid": {
        "max": 11018.7265625,
        "mean": 1150.78625488,
        "min": 207.161758423,
        "stdev": 660.580627441
    },
    "spectral_complexity": {
        "max": 28,
        "mean": 10.3367996216,
        "min": 0,
        "stdev": 6.53612565994
    },
    "spectral_decrease": {
        "max": 6.89304891941e-29,
        "mean": -3.50373952074e-09,
        "min": -4.94381175997e-08,
        "stdev": 4.22299173408e-09
    },
    "spectral_energy": {
        "max": 0.206794992089,
        "mean": 0.0145186297596,
        "min": 1.06598232396e-20,
        "stdev": 0.0177754759789
    },
    "spectral_energyband_high": {
        "max": 0.0134578403085,
        "mean": 0.00022866402287,
        "min": 7.94690993732e-21,
        "stdev": 0.000687055580784
    },
    "spectral_energyband_low": {
        "max": 0.0168916974217,
        "mean": 0.00134715507738,
        "min": 4.91471040907e-23,
        "stdev": 0.00192307762336
    },
    "spectral_energyband_middle_high": {
        "max": 0.195086285472,
        "mean": 0.00755273597315,
        "min": 1.42132308041e-21,
        "stdev": 0.0149037232623
    },
    "spectral_energyband_middle_low": {
        "max": 0.0556224361062,
        "mean": 0.00608552154154,
        "min": 2.51294077361e-22,
        "stdev": 0.00727685634047
    },
    "spectral_entropy": {
        "max": 9.7935552597,
        "mean": 7.05143117905,
        "min": 5.41358566284,
        "stdev": 0.512208521366
    },
    "spectral_flux": {
        "max": 0.279777944088,
        "mean": 0.0561617426574,
        "min": 1.03246418359e-10,
        "stdev": 0.0482260063291
    },
    "spectral_kurtosis": {
        "max": 24.7864761353,
        "mean": 6.79023981094,
        "min": -1.22631943226,
        "stdev": 3.76338028908
    },
    "spectral_rms": {
        "max": 0.0142039153725,
        "mean": 0.00318002421409,
        "min": 3.22487631217e-12,
        "stdev": 0.00201294571161
    },
    "spectral_rolloff": {
        "max": 18626.2207031,
        "mean": 1255.71240234,
        "min": 107.666015625,
        "stdev": 1357.59191895
    },
    "spectral_skewness": {
        "max": 3.91501688957,
        "mean": 1.84887421131,
        "min": -0.0150768961757,
        "stdev": 0.514105737209
    },
    "spectral_spread": {
        "max": 41337424,
        "mean": 3578271.75,
        "min": 1835517.5,
        "stdev": 1735385.75
    },
    "spectral_strongpeak": {
        "max": 15.886428833,
        "mean": 1.4505866766,
        "min": 0,
        "stdev": 1.9517967701
    },
    "zerocrossingrate": {
        "max": 0.51416015625,
        "mean": 0.0487343743443,
        "min": 0.0068359375,
        "stdev": 0.0344643220305
    },
    "barkbands": {
        "max": [0.00339653738774, 0.0103324651718, 0.0113981552422, 0.0131518058479, 0.0157540105283, 0.0478129722178, 0.0459545850754, 0.0464915856719, 0.0328404344618, 0.0578902848065, 0.17898145318, 0.0587856061757, 0.0370294339955, 0.0562548339367, 0.0331747494638, 0.0164415538311, 0.0219154693186, 0.0102387536317, 0.00858008675277, 0.00316624855623, 0.00149071833584, 0.00177961820737, 0.00166827475186, 0.00444671139121, 0.00475107086822, 0.00214328221045, 2.26088832278e-05],
        "mean": [0.000162775439094, 0.000576740305405, 0.000542800640687, 0.000318793725455, 0.000527710071765, 0.00129350810312, 0.00137932400685, 0.000907411100343, 0.000693535315804, 0.00230630743317, 0.00161331996787, 0.00134303770028, 0.000425127596827, 0.000629936694168, 0.000482773117255, 0.000294624624075, 0.000281261396594, 0.000186726610991, 0.000263008027105, 0.000143862314872, 5.00695896335e-05, 1.79184244189e-05, 2.29177931033e-05, 2.91223022941e-05, 1.85769276868e-05, 7.42503107176e-06, 1.88231883413e-08],
        "min": [1.88063130296e-23, 2.49655102079e-23, 1.05850176678e-23, 4.65007116231e-24, 1.78871827899e-23, 1.35086403122e-23, 3.90664020441e-23, 6.05698762626e-23, 9.51764216246e-23, 7.75047572117e-23, 7.41588005268e-23, 1.21776306478e-22, 7.21627552446e-23, 8.2011588983e-23, 7.11422406014e-23, 1.87176119317e-22, 2.05624470933e-22, 1.48334160822e-22, 2.80620416963e-22, 2.69857148286e-22, 2.72305318151e-22, 6.49747139986e-22, 7.01228076443e-22, 9.78868896348e-22, 1.13088090341e-21, 1.70232013112e-21, 2.59962712076e-21],
        "stdev": [0.000308870046865, 0.000872799020726, 0.00106733769644, 0.000695906870533, 0.000890041410457, 0.00306084193289, 0.00336055224761, 0.00240551610477, 0.00249718432315, 0.00646143080667, 0.00718448497355, 0.00473288493231, 0.00201861769892, 0.00217634695582, 0.00226790620945, 0.0011474591447, 0.00118003890384, 0.000625438056886, 0.000671231304295, 0.0003311195469, 0.000120896889712, 9.62184712989e-05, 9.09043592401e-05, 0.000159179719049, 0.000187064433703, 7.25001591491e-05, 6.39203960873e-07]
    },
    "erbbands": {
        "max": [0.14817045629, 2.9409942627, 11.4552049637, 31.4109611511, 57.603225708, 45.8007240295, 62.9696426392, 609.577209473, 788.42755127, 689.971862793, 574.526123047, 765.995666504, 1982.47399902, 2247.71435547, 8070.03710938, 2318.17407227, 1307.10253906, 3342.99926758, 855.699462891, 1122.20141602, 738.13470459, 1375.05541992, 543.657470703, 584.948364258, 345.940368652, 110.856048584, 119.322761536, 44.394115448, 64.679359436, 42.0588912964, 52.0435180664, 79.5489044189, 75.9076919556, 45.2428321838, 41.6726951599, 13.5598459244, 3.32955646515, 0.130186676979, 0.0033951329533, 0.000345609005308],
        "mean": [0.0133396573365, 0.142504572868, 0.555148243904, 0.944428622723, 1.24277806282, 1.82826077938, 2.74769711494, 14.1901311874, 23.2314834595, 22.5308914185, 9.46371936798, 18.6014823914, 70.5931854248, 43.0934486389, 75.1999511719, 56.3155136108, 24.0255069733, 31.4711837769, 20.139875412, 29.6209316254, 12.3707113266, 15.5928249359, 11.0421276093, 15.0716638565, 9.32679653168, 6.56786394119, 4.11179351807, 1.05365812778, 0.654363691807, 0.608232975006, 0.686039626598, 0.607042551041, 0.468438535929, 0.235268682241, 0.118593297899, 0.0480240955949, 0.011334608309, 0.000404153106501, 2.18995355681e-05, 1.8819786419e-05],
        "min": [8.01741123159e-22, 5.27375259933e-21, 1.25936778077e-20, 1.42299266854e-20, 2.87062174841e-20, 5.73747207021e-20, 1.42936111916e-19, 9.14752091429e-20, 5.67216719483e-19, 4.2754399018e-19, 1.88316889512e-18, 2.26925606641e-18, 2.35591667726e-18, 2.49961552725e-18, 3.07650783005e-18, 5.61781905044e-18, 3.70106290014e-18, 4.41197996888e-18, 2.89347447399e-18, 7.58111527713e-18, 8.00812824321e-18, 1.0121238873e-17, 1.06327458571e-17, 1.41255829952e-17, 1.2683443228e-17, 1.17816385165e-17, 1.41461103093e-17, 1.13512994572e-17, 2.35059021314e-17, 2.10881789324e-17, 1.9186169758e-17, 1.81488488739e-17, 1.80122929353e-17, 1.3467240699e-17, 8.43956662556e-18, 6.42276670249e-18, 2.84457134938e-18, 1.42753992594e-18, 3.76004537561e-19, 3.70184455997e-20],
        "stdev": [0.0195601917803, 0.239071428776, 1.14322710037, 1.68297982216, 2.63362908363, 3.31581902504, 4.96256828308, 34.45054245, 59.4683990479, 46.9067993164, 24.2464847565, 57.3395614624, 184.169906616, 158.711837769, 309.236022949, 212.184082031, 88.6808547974, 117.264984131, 55.758102417, 99.5339508057, 36.3359832764, 72.4970703125, 33.657245636, 43.056224823, 21.2926483154, 13.8913221359, 10.4720172882, 2.86397433281, 3.43723392487, 2.3246846199, 2.904255867, 2.85510182381, 2.86836290359, 1.91241943836, 1.51906692982, 0.490162134171, 0.107048876584, 0.00469322549179, 0.000150199368363, 2.62355915766e-05]
    },
    "gfcc": {
        "mean": [-100.919441223, 122.049812317, -140.691986084, 28.0540065765, -60.1121864319, 12.453701973, -36.4897766113, 11.4377527237, -21.8894195557, -1.95467126369, 2.45953273773, -9.18347072601, 4.11465883255],
        "cov": [[12683.2353516, -1743.17272949, -2036.24304199, -1392.01074219, -657.854370117, 155.428100586, -127.010635376, 629.990539551, -290.470031738, 623.153198242, -82.3426895142, 556.780700684, -496.121490479], [-1743.17272949, 1721.89697266, 308.936431885, 298.681793213, 344.755462646, -306.478668213, -8.63259315491, -315.175292969, 173.566238403, -319.523162842, -17.8609600067, -351.120483398, 112.331962585], [-2036.24304199, 308.936431885, 1114.37988281, 450.142822266, 98.4995498657, 26.778547287, -128.981292725, -138.783218384, 11.0047340393, -106.779747009, -113.565414429, -31.3435554504, -46.3903884888], [-1392.01074219, 298.681793213, 450.142822266, 650.663757324, 238.35798645, -119.894813538, -140.301116943, -95.7851638794, 108.415557861, -121.269866943, -24.6378211975, -92.2300033569, 83.3333511353], [-657.854370117, 344.755462646, 98.4995498657, 238.35798645, 299.603759766, -43.8236427307, -24.7726516724, -68.051902771, 47.6811904907, -88.5676956177, -36.7879486084, -91.5783538818, 35.0381889343], [155.428100586, -306.478668213, 26.778547287, -119.894813538, -43.8236427307, 349.374267578, 186.88218689, 45.1818847656, -128.454971313, 34.9981155396, 8.74031639099, 30.1331100464, -21.863489151], [-127.010635376, -8.63259315491, -128.981292725, -140.301116943, -24.7726516724, 186.88218689, 314.406982422, 14.8231306076, -112.925491333, -8.62727451324, 94.3133239746, -50.966255188, 55.4708900452], [629.990539551, -315.175292969, -138.783218384, -95.7851638794, -68.051902771, 45.1818847656, 14.8231306076, 162.445663452, -4.64896678925, 62.1538124084, 24.1677627563, 69.6109237671, -8.47575283051], [-290.470031738, 173.566238403, 11.0047340393, 108.415557861, 47.6811904907, -128.454971313, -112.925491333, -4.64896678925, 191.119842529, -6.01268291473, -23.9383983612, -16.2165336609, 9.86120033264], [623.153198242, -319.523162842, -106.779747009, -121.269866943, -88.5676956177, 34.9981155396, -8.62727451324, 62.1538124084, -6.01268291473, 155.804473877, 20.06873703, 80.3737640381, -58.9390258789], [-82.3426895142, -17.8609600067, -113.565414429, -24.6378211975, -36.7879486084, 8.74031639099, 94.3133239746, 24.1677627563, -23.9383983612, 20.06873703, 237.031600952, -18.0887451172, 98.0405960083], [556.780700684, -351.120483398, -31.3435554504, -92.2300033569, -91.5783538818, 30.1331100464, -50.966255188, 69.6109237671, -16.2165336609, 80.3737640381, -18.0887451172, 174.993164062, -47.9964828491], [-496.121490479, 112.331962585, -46.3903884888, 83.3333511353, 35.0381889343, -21.863489151, 55.4708900452, -8.47575283051, 9.86120033264, -58.9390258789, 98.0405960083, -47.9964828491, 166.862319946]],
        "icov": [[0.000213825580431, -0.00025063494104, 0.000443289376562, -0.000116881848953, 0.000240862020291, -0.00021217878384, 0.000435831927462, -0.000587553018704, 0.000585360685363, -0.000392493733671, 7.94429797679e-05, -0.0002808952122, 0.000432283617556], [-0.00025063494104, 0.00289823161438, -0.0012198719196, 0.00145287951455, -0.00175838195719, 0.00201250985265, -0.00160455866717, 0.00301147601567, -0.00261795916595, 0.00319137936458, -0.000629332032986, 0.00242947461084, -9.11644165171e-05], [0.000443289376562, -0.0012198719196, 0.00280797365122, -0.00199245242402, 0.00160198891535, -0.00169784831814, 0.00161342753563, -0.00088731048163, 0.00195532245561, -0.000747706973925, 0.000383190868888, -0.00140297436155, 0.00176630110946], [-0.000116881848953, 0.00145287951455, -0.00199245242402, 0.00472227297723, -0.0030535410624, 0.00117164920084, 0.00040450898814, 0.00129135616589, -0.00202184915543, 0.00165826408193, -0.00060710485559, 0.00167153100483, -0.00196934468113], [0.000240862020291, -0.00175838195719, 0.00160198891535, -0.0030535410624, 0.00691881543025, -0.00167273706757, 0.000874431047123, -0.00124219246209, 0.0013085185783, -0.000711490167305, 0.00117378612049, -0.000177327514393, 0.000775139022153], [-0.00021217878384, 0.00201250985265, -0.00169784831814, 0.00117164920084, -0.00167273706757, 0.00729018263519, -0.00476694433019, 0.000840175198391, -3.8189926272e-05, 0.00115253904369, 0.000543232308701, 0.000750574166887, 0.000197057961486], [0.000435831927462, -0.00160455866717, 0.00161342753563, 0.00040450898814, 0.000874431047123, -0.00476694433019, 0.00922462064773, -0.00209970166907, 0.00372197944671, -0.00139911903534, -0.00132457795553, 0.00129386933986, -0.000922617153265], [-0.000587553018704, 0.00301147601567, -0.00088731048163, 0.00129135616589, -0.00124219246209, 0.000840175198391, -0.00209970166907, 0.0128005314618, -0.0043617496267, 0.00229699583724, -0.00108459312469, 2.58768886852e-05, -0.00123291870113], [0.000585360685363, -0.00261795916595, 0.00195532245561, -0.00202184915543, 0.0013085185783, -3.8189926272e-05, 0.00372197944671, -0.0043617496267, 0.011206060648, -0.00440253783017, 0.00131881795824, -0.00112278119195, 2.3892569061e-06], [-0.000392493733671, 0.00319137936458, -0.000747706973925, 0.00165826408193, -0.000711490167305, 0.00115253904369, -0.00139911903534, 0.00229699583724, -0.00440253783017, 0.0157234743237, -0.00349378702231, -0.000308787130052, 0.00430873921141], [7.94429797679e-05, -0.000629332032986, 0.000383190868888, -0.00060710485559, 0.00117378612049, 0.000543232308701, -0.00132457795553, -0.00108459312469, 0.00131881795824, -0.00349378702231, 0.00734155159444, 0.000101308229205, -0.00431688129902], [-0.0002808952122, 0.00242947461084, -0.00140297436155, 0.00167153100483, -0.000177327514393, 0.000750574166887, 0.00129386933986, 2.58768886852e-05, -0.00112278119195, -0.000308787130052, 0.000101308229205, 0.0121411597356, -0.000598702928983], [0.000432283617556, -9.11644165171e-05, 0.00176630110946, -0.00196934468113, 0.000775139022153, 0.000197057961486, -0.000922617153265, -0.00123291870113, 2.3892569061e-06, 0.00430873921141, -0.00431688129902, -0.000598702928983, 0.0128073133528]]
    },
    "melbands": {
        "max": [0.0018988547381, 0.00478501059115, 0.00481436261907, 0.00395465455949, 0.00193316512741, 0.0116936806589, 0.0109550552443, 0.00932762399316, 0.00357272010297, 0.00569110829383, 0.00977394822985, 0.00839403364807, 0.0285697001964, 0.00392905157059, 0.00893467944115, 0.00194877129979, 0.00697911344469, 0.000966906547546, 0.00348728196695, 0.00174564821646, 0.00114037352614, 0.00124354939908, 0.000861399574205, 0.000348893634509, 0.000597834354267, 0.000235198982409, 0.000117193019832, 0.000100952791399, 0.000119772630569, 4.4927764975e-05, 2.98161594401e-05, 3.70688903786e-05, 3.38297795679e-05, 2.03914769372e-05, 3.02701664623e-05, 3.82608377549e-05, 5.09128913109e-05, 4.84524171043e-05, 4.51952764706e-05, 4.00738099415e-05],
        "mean": [0.000143923200085, 0.000260899367277, 0.00017376235337, 0.000103552760265, 0.000100970435597, 0.000322779407725, 0.000329416827299, 0.000250731507549, 5.79280313104e-05, 0.000124838406919, 0.000366467837011, 0.000177718568011, 0.000225361654884, 0.000158948081662, 0.000118989213661, 3.50210393663e-05, 6.49989451631e-05, 3.06148722302e-05, 4.52394051536e-05, 3.14802782668e-05, 1.10609853436e-05, 1.68576589203e-05, 1.20648282973e-05, 8.33898775454e-06, 1.32689519887e-05, 6.94086111253e-06, 5.48240905118e-06, 4.32471824752e-06, 3.17901958624e-06, 1.27433554553e-06, 3.92084672285e-07, 3.69074768969e-07, 3.25698067627e-07, 3.43748808973e-07, 3.97193474555e-07, 3.94426848516e-07, 3.58686918389e-07, 3.24642115856e-07, 2.96946609524e-07, 1.69010618833e-07],
        "min": [8.32937877212e-24, 6.91512314073e-24, 2.83795984426e-24, 3.62776067725e-24, 4.14438055648e-24, 2.01017378096e-24, 8.82435585798e-24, 5.3438490849e-24, 1.59683811899e-23, 1.44495920222e-23, 1.210565277e-23, 1.02753250759e-23, 1.03637540168e-23, 1.15420771286e-23, 1.39582089866e-23, 7.22856361079e-24, 7.86544099628e-24, 3.68168484215e-24, 7.21324629859e-24, 1.3645662296e-23, 7.88501184648e-24, 8.87110927725e-24, 1.24269061184e-23, 8.56004643397e-24, 1.19175725529e-23, 9.83776444215e-24, 7.44117187993e-24, 7.87581609491e-24, 1.07730828965e-23, 5.38209661146e-24, 7.46266045099e-24, 1.42814778747e-23, 1.088214055e-23, 1.22431528035e-23, 1.13900391775e-23, 1.01763908743e-23, 1.1392083905e-23, 1.06779281275e-23, 1.5094832911e-23, 9.88336454678e-24],
        "stdev": [0.000195440399693, 0.000471589795779, 0.000300915300613, 0.000178504036739, 0.000183273848961, 0.000737743044738, 0.000810576544609, 0.00056327751372, 0.00014949994511, 0.000425498990808, 0.000968103820924, 0.0006737895892, 0.0010728148045, 0.000416226830566, 0.000574670091737, 0.000147043407196, 0.000248676602496, 7.63326315791e-05, 0.000239760047407, 0.000115328934044, 4.3741587433e-05, 7.79485635576e-05, 4.67783065687e-05, 2.55578615906e-05, 4.02015029977e-05, 1.86204833881e-05, 1.12073776108e-05, 1.01264786281e-05, 9.26668781176e-06, 3.29142358169e-06, 1.70995838289e-06, 2.13837051888e-06, 1.61146328992e-06, 1.17279034839e-06, 1.67971029441e-06, 1.70413716205e-06, 1.75699494775e-06, 1.98090742742e-06, 1.61892876349e-06, 1.72856960035e-06]
    },
    "melbands128": {
        "max": [0.00104225159157, 0.00133153202478, 0.00205732020549, 0.00612271856517, 0.00697871437296, 0.00577528728172, 0.00746819656342, 0.00553884916008, 0.0064550274983, 0.00424398714676, 0.00313336006366, 0.00387425301597, 0.00152560742572, 0.00640297308564, 0.0211040321738, 0.014262156561, 0.0160342808813, 0.0182035900652, 0.00829724408686, 0.00758554413915, 0.0161614567041, 0.00818899646401, 0.000822626810987, 0.00056781823514, 0.00277058337815, 0.0136676635593, 0.00815752521157, 0.0187559016049, 0.0141984252259, 0.0184724908322, 0.0168634615839, 0.0126965176314, 0.050979796797, 0.0303146317601, 0.00650143576786, 0.00836330465972, 0.0134211471304, 0.0194366183132, 0.00919884070754, 0.00178257923108, 0.00371425203048, 0.00177122745663, 0.0154770771042, 0.00431578606367, 0.00255744089372, 0.00049090932589, 0.00334478472359, 0.00858521275222, 0.00333773135208, 0.00192581128795, 0.0040067541413, 0.000510561163537, 0.00162859086413, 0.00146341265645, 0.00152548309416, 0.00211581913754, 0.00455829594284, 0.000906214641873, 0.00147429527715, 0.000439572439063, 0.000827870331705, 0.000489636266138, 0.00093788531376, 0.000880184816197, 0.000859128253069, 0.000360565376468, 0.000782475806773, 0.000198521578568, 0.000175045555807, 0.000133761888719, 0.00016673837672, 0.000196256878553, 0.000362583523383, 0.000147083919728, 0.000156894355314, 0.000122890080092, 3.3602831536e-05, 2.40044610109e-05, 4.3563577492e-05, 6.88781728968e-05, 4.21268741775e-05, 4.55698864243e-05, 3.16044679494e-05, 4.15152790083e-05, 3.54265575879e-05, 2.62372814177e-05, 1.30652551888e-05, 4.35163237853e-05, 2.89199069812e-05, 3.92838337575e-05, 3.33767129632e-05, 4.18576346419e-05, 5.55315200472e-05, 6.41367005301e-05, 3.8504585973e-05, 3.03420656564e-05, 6.51555892546e-05, 6.55039038975e-05, 5.90368981648e-05, 2.37476870097e-05, 2.07551656786e-05, 7.00999735272e-05, 3.84259910788e-05, 4.80114140373e-05, 6.71690795571e-05, 3.41149570886e-05, 4.15357353631e-05, 2.59460030065e-05, 1.93148825929e-05, 1.32823870445e-05, 2.55425438809e-05, 1.94536351046e-05, 4.81771712657e-06, 5.29482622369e-06, 2.3519557999e-06, 1.12608731229e-07, 1.08965643619e-07, 1.05770077141e-07, 1.02771636534e-07, 1.00011952497e-07, 9.77012675207e-08, 9.57255181788e-08, 9.35574462346e-08, 9.21122946806e-08, 9.07761048552e-08, 8.95367193721e-08, 8.87580924314e-08, 8.83752591108e-08],
        "mean": [6.12873336649e-05, 9.96481103357e-05, 0.000159832809004, 0.000262031739112, 0.000279441417661, 0.000270928896498, 0.000193695886992, 0.000155390516738, 0.000127512437757, 7.98971595941e-05, 0.000100597528217, 0.000127110048197, 6.14583696006e-05, 0.000107312298496, 0.000295966281556, 0.000440355302999, 0.000519749650266, 0.000258580577793, 0.000176710193045, 0.000250105833402, 0.000351651309757, 8.08632612461e-05, 1.28673809741e-05, 2.17880005948e-05, 9.16117642191e-05, 0.000193544532522, 0.000144683319377, 0.000498714100104, 0.000459620991023, 0.000162802447448, 0.000116869698104, 0.000106754159788, 0.000199252724997, 0.000404990278184, 0.00011834873294, 8.05234813015e-05, 0.000209912512219, 0.000151280793943, 4.79785412608e-05, 2.34711715166e-05, 5.00446330989e-05, 1.55155266839e-05, 6.67180356686e-05, 0.000101958146843, 3.94454218622e-05, 1.52472493937e-05, 1.43453971759e-05, 6.08948539593e-05, 4.86701028422e-05, 3.33091629727e-05, 4.23192977905e-05, 1.43581564771e-05, 4.98004874316e-06, 1.20072563732e-05, 1.73567077582e-05, 1.58365455718e-05, 2.03883282666e-05, 1.08166668724e-05, 1.08989697765e-05, 1.05825893115e-05, 6.51233494864e-06, 5.93591539655e-06, 1.63954682648e-05, 1.51243330038e-05, 1.03375487015e-05, 3.72657223124e-06, 7.37152640795e-06, 8.03144394013e-06, 3.73263765141e-06, 4.176321454e-06, 3.62174023394e-06, 5.16254613103e-06, 4.87810802952e-06, 2.28328849516e-06, 1.87529531104e-06, 1.91944286598e-06, 6.04530498549e-07, 3.74327868258e-07, 3.93403126964e-07, 3.88191864431e-07, 3.55436498012e-07, 3.84884828009e-07, 3.42892263916e-07, 2.98089560147e-07, 3.35894128511e-07, 3.31402532083e-07, 2.89399508802e-07, 4.75494232433e-07, 3.7125982999e-07, 3.92185768305e-07, 3.97512167183e-07, 3.83652690061e-07, 4.15772660745e-07, 3.50462045162e-07, 3.39046550835e-07, 3.1228807984e-07, 3.33970859856e-07, 3.1922812127e-07, 3.65793141555e-07, 2.64913495585e-07, 1.09337712217e-07, 2.14937116993e-07, 1.36306638865e-07, 1.58326685096e-07, 1.60883459444e-07, 9.22165099837e-08, 1.04087312991e-07, 8.26284605182e-08, 8.10946687579e-08, 7.64802052799e-08, 7.9071732273e-08, 5.52855681235e-08, 2.84429582109e-08, 1.06889546103e-08, 5.08454167658e-09, 1.72319686298e-10, 9.34301941369e-11, 8.76566041974e-11, 8.5192609911e-11, 8.29626090049e-11, 8.10506314841e-11, 7.94496343715e-11, 7.76540706737e-11, 7.64284538435e-11, 7.53623136118e-11, 7.43921799162e-11, 7.37483477065e-11, 7.34052055251e-11],
        "min": [1.18220288755e-23, 7.65321216923e-24, 6.511621971e-24, 1.01350750733e-23, 7.39147679835e-24, 5.17177288349e-24, 2.62375137077e-24, 2.64326147867e-24, 1.61240398153e-24, 6.22300853136e-24, 2.07850215156e-24, 3.13825789163e-24, 7.18611816092e-24, 1.80868628121e-24, 1.53297367559e-24, 2.02971071014e-24, 4.14753245023e-24, 1.56656605506e-23, 6.94860634185e-24, 1.69739398192e-24, 5.07768426003e-24, 1.3382946371e-23, 2.18924347095e-23, 1.24372883168e-23, 1.30022413093e-23, 1.80019746734e-23, 1.01380049027e-23, 9.23355930877e-24, 1.67269340591e-23, 1.1007290966e-23, 7.33321547619e-24, 1.08303273769e-23, 1.21243124858e-23, 8.01830488478e-24, 8.73036308113e-24, 8.21720117367e-24, 2.49081300433e-23, 1.37075547449e-23, 9.93235123127e-24, 5.26315571404e-24, 5.66571774486e-24, 1.08024032786e-23, 1.03345740519e-23, 5.62255798145e-24, 2.97346820119e-24, 1.48355627305e-24, 6.20425020789e-24, 8.20245578563e-24, 6.3604210013e-24, 1.05102510089e-23, 2.11345081959e-23, 5.67880691943e-24, 1.37473606662e-23, 4.20378691024e-24, 5.1421693003e-24, 7.073211655e-24, 1.0817917806e-23, 2.47514228245e-23, 4.27114577079e-24, 8.58436622681e-24, 1.03479215784e-23, 6.62669113909e-24, 1.26786986865e-23, 1.7151404335e-23, 2.53869737404e-24, 1.38310177874e-23, 1.01170740563e-23, 6.9378565343e-24, 7.03212620133e-24, 7.43170476021e-24, 4.35869276519e-24, 1.1616489589e-23, 1.21822046211e-23, 1.18817921889e-23, 6.81519260784e-24, 5.39940579744e-24, 5.2190047469e-24, 3.39253616038e-24, 4.78349041834e-24, 1.51524276457e-23, 1.40884814765e-23, 1.54929757431e-23, 1.3203463949e-23, 6.8954016181e-24, 1.3160877293e-23, 1.10659798508e-23, 1.27212451105e-23, 1.3107509275e-23, 1.20146008666e-23, 8.98784728059e-24, 1.02939619148e-23, 1.11352181725e-23, 9.23402315898e-24, 1.52513097825e-23, 8.74809036339e-24, 6.68558828314e-24, 1.2869021635e-23, 1.40280279099e-23, 1.57846176197e-23, 1.63993911226e-23, 1.01764957928e-23, 1.05186736768e-23, 5.92322758231e-24, 1.01166038952e-23, 1.17956414783e-23, 6.59108708543e-24, 8.79707783674e-24, 1.49766457702e-23, 1.39314950009e-23, 7.05047037282e-24, 9.74102721821e-24, 1.0230798611e-23, 6.42705687082e-24, 1.06371889838e-23, 8.51302795743e-24, 1.24727886353e-23, 1.19042873464e-23, 1.38918720954e-23, 5.10226950457e-24, 1.05320212033e-23, 1.35060733588e-23, 1.52712995178e-23, 1.38528818563e-23, 8.57040338879e-24, 8.97773408379e-24, 1.07829925671e-23, 8.71075830991e-24, 9.71907243035e-24],
        "stdev": [0.000103164158645, 0.000169625214767, 0.000245903152972, 0.000476937711937, 0.000645834952593, 0.000494659179822, 0.000375391420675, 0.000370081485016, 0.000293552875519, 0.000172218904481, 0.000204616837436, 0.000295419653412, 0.000127682433231, 0.000333455507644, 0.00100313068833, 0.00116593751591, 0.00141636910848, 0.00104001758154, 0.000548794516362, 0.000586011854466, 0.000931489455979, 0.000293767108815, 4.26237565989e-05, 5.58861065656e-05, 0.000252619094681, 0.000951966794673, 0.0004721939913, 0.00157926511019, 0.0015481300652, 0.000978038064204, 0.000952284259256, 0.000646648695692, 0.00183101836592, 0.00140187900979, 0.000425600097515, 0.000433757930296, 0.00111209228635, 0.000977207324468, 0.000404304941185, 0.000111636443762, 0.000273541983915, 9.70179316937e-05, 0.000491611892357, 0.000299168663332, 0.000161581701832, 3.71200112568e-05, 0.000109959350084, 0.000462589523522, 0.000235940911807, 0.000131086708279, 0.000230237463256, 4.15932991018e-05, 4.92248545925e-05, 6.51081281831e-05, 8.9506713266e-05, 0.000100326971733, 0.00019028953102, 4.31103508163e-05, 6.70279187034e-05, 3.87179061363e-05, 3.7859314034e-05, 3.0326347769e-05, 6.55885887682e-05, 6.20168502792e-05, 5.01087706652e-05, 1.73662028828e-05, 3.41326049238e-05, 1.93767955352e-05, 1.31845226861e-05, 1.29158561322e-05, 1.17452227641e-05, 1.75710792973e-05, 2.12976774492e-05, 8.62015349412e-06, 7.52501955503e-06, 6.11066434431e-06, 1.88494686881e-06, 1.27448652165e-06, 1.86619024589e-06, 2.90168804895e-06, 2.20822130359e-06, 2.14581086766e-06, 1.73160435679e-06, 1.73666626324e-06, 1.56424437137e-06, 1.21011885312e-06, 9.03908869532e-07, 1.89893546576e-06, 1.65512653894e-06, 2.00291697183e-06, 1.72234013007e-06, 1.70409759903e-06, 1.88487433661e-06, 2.12887061934e-06, 1.46386753386e-06, 1.42647195389e-06, 2.68068674814e-06, 2.27720465773e-06, 1.99137207346e-06, 1.10870178105e-06, 7.8087714428e-07, 2.89595777758e-06, 1.44700402416e-06, 2.06240565603e-06, 2.40889266934e-06, 1.11614906473e-06, 1.34594245083e-06, 8.83808070284e-07, 8.24421022116e-07, 6.31012767371e-07, 7.81994970112e-07, 5.75946273784e-07, 1.84704660455e-07, 1.81349733452e-07, 1.00172442785e-07, 3.73993502834e-09, 3.08244962888e-09, 2.99035018969e-09, 2.90557733429e-09, 2.82755330261e-09, 2.7622251153e-09, 2.70636535404e-09, 2.64506927472e-09, 2.60421262332e-09, 2.56643439833e-09, 2.53139242901e-09, 2.50937892687e-09, 2.49855602874e-09]
    },
    "mfcc": {
        "mean": [-736.627746582, 140.900314331, -13.7918548584, 17.8475914001, 5.1479640007, -4.95085430145, 6.59821891785, -0.576353013515, -5.26349592209, 5.78448295593, -9.31001853943, 1.84746813774, 1.74757575989],
        "cov": [[11777.1689453, -1212.6784668, -1782.80358887, -1300.68481445, -777.288085938, -616.143493652, -132.054473877, 17.4799385071, -220.183303833, 142.452545166, 26.28083992, 148.487380981, 354.628509521], [-1212.6784668, 1442.1373291, 77.1766815186, 279.222717285, 114.287094116, 90.0161361694, -159.268798828, -73.0254211426, 57.887802124, -83.8128509521, 48.8456268311, -59.7216072083, -136.96321106], [-1782.80358887, 77.1766815186, 895.184753418, 238.555587769, 168.159973145, 159.816635132, -15.6912641525, 31.424911499, 4.73805570602, -65.9633483887, 21.4310569763, -38.1335487366, -44.1866874695], [-1300.68481445, 279.222717285, 238.555587769, 638.512390137, 361.7159729, 23.069770813, -143.173370361, -45.4445915222, 50.0562591553, -65.772857666, -31.0094299316, 35.4348716736, -99.3904190063], [-777.288085938, 114.287094116, 168.159973145, 361.7159729, 381.926879883, 12.4370603561, -107.466133118, -9.20311641693, 41.8884048462, -28.7215061188, -32.4062271118, 19.5476207733, -60.3037109375], [-616.143493652, 90.0161361694, 159.816635132, 23.069770813, 12.4370603561, 243.540374756, 87.8347702026, 30.6147174835, 27.2789573669, -8.99727535248, 36.6851119995, -56.9298362732, -36.1803436279], [-132.054473877, -159.268798828, -15.6912641525, -143.173370361, -107.466133118, 87.8347702026, 446.263061523, 43.4678459167, -55.8908500671, 79.4365310669, -55.2047996521, -45.7397575378, 42.6334609985], [17.4799385071, -73.0254211426, 31.424911499, -45.4445915222, -9.20311641693, 30.6147174835, 43.4678459167, 110.503730774, 29.4596805573, -0.265336662531, -0.319863587618, -22.7804374695, -0.187252134085], [-220.183303833, 57.887802124, 4.73805570602, 50.0562591553, 41.8884048462, 27.2789573669, -55.8908500671, 29.4596805573, 117.034576416, -0.694855690002, 8.24014091492, -13.0538911819, -37.678943634], [142.452545166, -83.8128509521, -65.9633483887, -65.772857666, -28.7215061188, -8.99727535248, 79.4365310669, -0.265336662531, -0.694855690002, 112.764961243, -2.4779613018, -8.00296974182, 16.3981170654], [26.28083992, 48.8456268311, 21.4310569763, -31.0094299316, -32.4062271118, 36.6851119995, -55.2047996521, -0.319863587618, 8.24014091492, -2.4779613018, 113.396156311, 17.3888168335, -9.42146778107], [148.487380981, -59.7216072083, -38.1335487366, 35.4348716736, 19.5476207733, -56.9298362732, -45.7397575378, -22.7804374695, -13.0538911819, -8.00296974182, 17.3888168335, 115.008720398, 36.6254234314], [354.628509521, -136.96321106, -44.1866874695, -99.3904190063, -60.3037109375, -36.1803436279, 42.6334609985, -0.187252134085, -37.678943634, 16.3981170654, -9.42146778107, 36.6254234314, 115.761871338]],
        "icov": [[0.000172111787833, 7.91485799709e-05, 0.000260075205006, 0.000190594277228, 2.27771233767e-05, 0.000143029363244, 0.000173357941094, -0.000133699824801, 0.000237149768509, 1.89915408555e-05, -5.80431296839e-05, 3.03918859572e-05, -0.000118031275633], [7.91485799709e-05, 0.000951054331381, 0.000215418956941, -0.000275370926829, 0.000142757169669, -0.00011341215577, 0.000163900942425, 0.000566352682654, -7.46621444705e-05, 0.000462010735646, -0.000430628861068, 0.000609344861005, 0.000390460569179], [0.000260075205006, 0.000215418956941, 0.0019157709321, -0.000206287295441, -0.000285397371044, -0.000624226522632, 0.000325641478412, -0.000630365859251, 0.000908318383154, 0.000582123117056, -0.00047525195987, 0.000581578642596, -0.000461921648821], [0.000190594277228, -0.000275370926829, -0.000206287295441, 0.0045651323162, -0.00318226544186, 3.02018179354e-05, 0.000138816831168, 0.00112978823017, -0.000257039966527, 0.000857577484567, 0.000940814148635, -0.00166007655207, 0.00163015897851], [2.27771233767e-05, 0.000142757169669, -0.000285397371044, -0.00318226544186, 0.00618664454669, -0.000398053904064, 0.000979975797236, -0.000990927801467, -0.000102096593764, -0.00116750167217, 0.00159922090825, -0.00060131290229, 0.000446403340902], [0.000143029363244, -0.00011341215577, -0.000624226522632, 3.02018179354e-05, -0.000398053904064, 0.00713957613334, -0.00213533407077, -0.000118338961329, -0.00155837333295, 0.00143566448241, -0.00357239809819, 0.0026758403983, 0.000177651905688], [0.000173357941094, 0.000163900942425, 0.000325641478412, 0.000138816831168, 0.000979975797236, -0.00213533407077, 0.00439033703879, -0.00168272841256, 0.00248550064862, -0.00270893424749, 0.00270197773352, -5.95199817326e-05, -0.000438706600107], [-0.000133699824801, 0.000566352682654, -0.000630365859251, 0.00112978823017, -0.000990927801467, -0.000118338961329, -0.00168272841256, 0.0122032761574, -0.0043582553044, 0.00196115346625, -0.000738440139685, 0.00164205662441, -0.000380650541047], [0.000237149768509, -7.46621444705e-05, 0.000908318383154, -0.000257039966527, -0.000102096593764, -0.00155837333295, 0.00248550064862, -0.0043582553044, 0.0124500412494, -0.00214174692519, 0.000674235576298, -0.000167566511664, 0.00231212447397], [1.89915408555e-05, 0.000462010735646, 0.000582123117056, 0.000857577484567, -0.00116750167217, 0.00143566448241, -0.00270893424749, 0.00196115346625, -0.00214174692519, 0.0119132846594, -0.00206531747244, 0.0014976602979, -0.000738306436688], [-5.80431296839e-05, -0.000430628861068, -0.00047525195987, 0.000940814148635, 0.00159922090825, -0.00357239809819, 0.00270197773352, -0.000738440139685, 0.000674235576298, -0.00206531747244, 0.013030981645, -0.00437308847904, 0.00197108043358], [3.03918859572e-05, 0.000609344861005, 0.000581578642596, -0.00166007655207, -0.00060131290229, 0.0026758403983, -5.95199817326e-05, 0.00164205662441, -0.000167566511664, 0.0014976602979, -0.00437308847904, 0.0137430327013, -0.00499852886423], [-0.000118031275633, 0.000390460569179, -0.000461921648821, 0.00163015897851, 0.000446403340902, 0.000177651905688, -0.000438706600107, -0.000380650541047, 0.00231212447397, -0.000738306436688, 0.00197108043358, -0.00499852886423, 0.0137333292514]]
    },
    "spectral_contrast_coeffs": {
        "max": [-0.497764706612, -0.337795227766, -0.354423254728, -0.514542937279, -0.562247812748, -0.666298449039],
        "mean": [-0.764534592628, -0.692267179489, -0.686980843544, -0.750064611435, -0.760482490063, -0.798649013042],
        "min": [-0.955317556858, -0.972151398659, -0.958461821079, -0.960141122341, -0.959269404411, -0.95965719223],
        "stdev": [0.0679820179939, 0.102606162429, 0.117178209126, 0.0794024318457, 0.0705991908908, 0.0356706343591]
    },
    "spectral_contrast_valleys": {
        "max": [-5.49956703186, -5.24931049347, -6.09581232071, -6.26585674286, -6.53694248199, -7.68872785568],
        "mean": [-7.56087398529, -7.78048372269, -8.40810871124, -8.74670314789, -8.75137424469, -11.5221633911],
        "min": [-27.3390140533, -26.8621749878, -27.1236209869, -27.1516647339, -27.348657608, -27.2439231873],
        "stdev": [1.03701734543, 1.24349188805, 1.20048999786, 1.10069441795, 1.09003138542, 1.24237048626]
    }
},
"rhythm": {
    "beats_count": 66,
    "beats_loudness": {
        "max": 0.0846701189876,
        "mean": 0.0198409222066,
        "min": 0.000286642403807,
        "stdev": 0.0193162802607
    },
    "bpm": 139.266403198,
    "bpm_histogram_first_peak_bpm": 140,
    "bpm_histogram_first_peak_weight": 0.465517222881,
    "bpm_histogram_second_peak_bpm": 133,
    "bpm_histogram_second_peak_spread": 0.142857134342,
    "bpm_histogram_second_peak_weight": 0.0923076942563,
    "danceability": 1.21938121319,
    "onset_rate": 2.72288584709,
    "beats_loudness_band_ratio": {
        "max": [0.941555559635, 0.838780403137, 0.77298283577, 0.964505910873, 0.400792956352, 0.543194174767],
        "mean": [0.274098813534, 0.207886174321, 0.263966441154, 0.236080959439, 0.0834204256535, 0.0333763845265],
        "min": [0.00296772411093, 0.00266372924671, 0.00701363384724, 0.000877154117916, 0.00137593480758, 0.000389613152947],
        "stdev": [0.269496262074, 0.18928347528, 0.208171337843, 0.234648779035, 0.0920770466328, 0.069891653955]
    },
