{
"metadata": {
    "version": {
        "essentia": "2.1-beta5",
        "essentia_git_sha": "Undefined",
        "extractor": "music 2.0"
    },
    "audio_properties": {
        "analysis": {
            "equal_loudness": 0,
            "length": 12.7477550507,
            "sample_rate": 44100,
            "start_time": 0,
            "downmix": "mix"
        },
        "bit_rate": 192000,
        "length": 210.07093811,
        "lossless": 0,
        "number_channels": 2,
        "replay_gain": -0.727272033691,
        "sample_rate": 48000,
        "codec": "mp3",
        "md5_encoded": "fef77d06faba249ed8a1aa8e2a9c6d48"
    },
    "tags": {
        "file_name": "Luxembourg_J_ai Déjà Vu ça Dans Tes Yeux_Jeane Manson.mp3",
        "encoding": ["Lavf58.29.100"]
    }
},
"lowlevel": {
    "average_loudness": 0.822351276875,
    "barkbands_crest": {
        "max": 20.2495632172,
        "mean": 7.49532032013,
        "min": 2.70011425018,
        "stdev": 4.98498392105
    },
    "barkbands_flatness_db": {
        "max": 0.218188077211,
        "mean": 0.11305642873,
        "min": 0.0558052510023,
        "stdev": 0.0399454049766
    },
    "barkbands_kurtosis": {
        "max": 54.5120658875,
        "mean": 7.26693916321,
        "min": -1.46741163731,
        "stdev": 13.8261823654
    },
    "barkbands_skewness": {
        "max": 6.57459878922,
        "mean": 0.891404211521,
        "min": -1.85954797268,
        "stdev": 2.23274898529
    },
    "barkbands_spread": {
        "max": 59.1075057983,
        "mean": 16.0507946014,
        "min": 4.7503657341,
        "stdev": 6.80474376678
    },
    "dissonance": {
        "max": 0.499899595976,
        "mean": 0.488248020411,
        "min": 0.385839253664,
        "stdev": 0.0124734062701
    },
    "dynamic_complexity": 5.56335878372,
    "erbbands_crest": {
        "max": 13.6167192459,
        "mean": 6.88835716248,
        "min": 3.21732759476,
        "stdev": 1.74907922745
    },
    "erbbands_flatness_db": {
        "max": 0.267328739166,
        "mean": 0.179034337401,
        "min": 0.0591716170311,
        "stdev": 0.0550964474678
    },
    "erbbands_kurtosis": {
        "max": 5.51041412354,
        "mean": 0.831470668316,
        "min": -1.16975915432,
        "stdev": 1.00570631027
    },
    "erbbands_skewness": {
        "max": 1.31502091885,
        "mean": 0.182996287942,
        "min": -0.985393822193,
        "stdev": 0.426125854254
    },
    "erbbands_spread": {
        "max": 80.2618331909,
        "mean": 27.8249645233,
        "min": 8.11367416382,
        "stdev": 20.7032089233
    },
    "hfc": {
        "max": 122.480621338,
        "mean": 25.5161037445,
        "min": 1.17751780705e-16,
        "stdev": 23.3612880707
    },
    "loudness_ebu128": {
        "integrated": -23.0358448029,
        "loudness_range": 11.3274536133,
        "momentary": {
            "max": -20.1051101685,
            "mean": -27.2248191833,
            "min": -40.8804321289,
            "stdev": 6.9213643074
        },
        "short_term": {
            "max": -20.9379730225,
            "mean": -25.1000881195,
            "min": -39.089225769,
            "stdev": 4.59336614609
        }
    },
    "melbands_crest": {
        "max": 29.9196395874,
        "mean": 9.23666954041,
        "min": 1.68166661263,
        "stdev": 7.9010424614
    },
    "melbands_flatness_db": {
        "max": 0.339140385389,
        "mean": 0.137794300914,
        "min": 0.00457022199407,
        "stdev": 0.087219633162
    },
    "melbands_kurtosis": {
        "max": 117.38508606,
        "mean": 14.9341659546,
        "min": -1.29292929173,
        "stdev": 28.9059486389
    },
    "melbands_skewness": {
        "max": 8.67671203613,
        "mean": 1.49182093143,
        "min": -0.841711580753,
        "stdev": 2.58370542526
    },
    "melbands_spread": {
        "max": 139.515548706,
        "mean": 31.6238822937,
        "min": 2.40663766861,
        "stdev": 16.7686882019
    },
    "pitch_salience": {
        "max": 0.911543250084,
        "mean": 0.719632983208,
        "min": 0.286671221256,
        "stdev": 0.148913323879
    },
    "silence_rate_20dB": {
        "max": 1,
        "mean": 1,
        "min": 1,
        "stdev": 0
    },
    "silence_rate_30dB": {
        "max": 1,
        "mean": 1,
        "min": 1,
        "stdev": 0
    },
    "silence_rate_60dB": {
        "max": 1,
        "mean": 0.254545450211,
        "min": 0,
        "stdev": 0.435605108738
    },
    "spectral_centroid": {
        "max": 11257.9091797,
        "mean": 1828.81054688,
        "min": 407.376953125,
        "stdev": 769.852355957
    },
    "spectral_complexity": {
        "max": 59,
        "mean": 28.6109085083,
        "min": 0,
        "stdev": 16.8140087128
    },
    "spectral_decrease": {
        "max": -6.62663623391e-29,
        "mean": -3.22710391742e-09,
        "min": -1.21207159864e-08,
        "stdev": 2.51606957491e-09
    },
    "spectral_energy": {
        "max": 0.0557450763881,
        "mean": 0.0144942207262,
        "min": 1.09305310198e-20,
        "stdev": 0.0115905422717
    },
    "spectral_energyband_high": {
        "max": 0.00650458410382,
        "mean": 0.000791708647739,
        "min": 8.01820741312e-21,
        "stdev": 0.000908375252038
    },
    "spectral_energyband_low": {
        "max": 0.00322118937038,
        "mean": 0.000550691562239,
        "min": 8.83468993584e-23,
        "stdev": 0.000429003703175
    },
    "spectral_energyband_middle_high": {
        "max": 0.0473702512681,
        "mean": 0.01132972911,
        "min": 1.59883430311e-21,
        "stdev": 0.010167049244
    },
    "spectral_energyband_middle_low": {
        "max": 0.00744972331449,
        "mean": 0.00198107631877,
        "min": 3.61416686836e-22,
        "stdev": 0.00130299280863
    },
    "spectral_entropy": {
        "max": 9.80021095276,
        "mean": 7.86713409424,
        "min": 7.21487140656,
        "stdev": 0.215475559235
    },
    "spectral_flux": {
        "max": 0.163338452578,
        "mean": 0.0700164213777,
        "min": 1.04549181812e-10,
        "stdev": 0.0399423576891
    },
    "spectral_kurtosis": {
        "max": 10.3652324677,
        "mean": 3.2437582016,
        "min": -1.16780602932,
        "stdev": 1.47517454624
    },
    "spectral_rms": {
        "max": 0.00737464847043,
        "mean": 0.00338532053865,
        "min": 3.26556772075e-12,
        "stdev": 0.00163716659881
    },
    "spectral_rolloff": {
        "max": 17851.0253906,
        "mean": 1982.22912598,
        "min": 86.1328125,
        "stdev": 1210.73913574
    },
    "spectral_skewness": {
        "max": 2.12490701675,
        "mean": 1.29396498203,
        "min": -0.0028806256596,
        "stdev": 0.238053739071
    },
    "spectral_spread": {
        "max": 39348260,
        "mean": 3568950,
        "min": 2056239.5,
        "stdev": 1812149.5
    },
    "spectral_strongpeak": {
        "max": 4.49510383606,
        "mean": 0.947481930256,
        "min": 4.4023735768e-09,
        "stdev": 0.908050894737
    },
    "zerocrossingrate": {
        "max": 0.484375,
        "mean": 0.079311080277,
        "min": 0.01416015625,
        "stdev": 0.0316654108465
    },
    "barkbands": {
        "max": [0.00040975693264, 0.00270412582904, 0.000611356867012, 0.00112930592149, 0.00217661517672, 0.00169582664967, 0.00305280205794, 0.00228627328761, 0.00320004113019, 0.00596666755155, 0.0064163915813, 0.0119605306536, 0.0080034378916, 0.00884296186268, 0.0136105902493, 0.0203622281551, 0.00671846885234, 0.0159660317004, 0.00275634159334, 0.00204286933877, 0.00193347409368, 0.00298090418801, 0.0012539550662, 0.000676268537063, 6.90533706802e-05, 4.81749395931e-07, 8.24277776701e-06],
        "mean": [3.22690648318e-05, 0.00037397784763, 7.79865076765e-05, 0.000134931411594, 0.000317149446346, 0.000273153767921, 0.000323721644236, 0.000292863813229, 0.000476856774185, 0.000636488082819, 0.000848806288559, 0.00125504215248, 0.00141371320933, 0.00158614781685, 0.00194983195979, 0.00175951933488, 0.000993763795123, 0.00050949153956, 0.000323380489135, 0.000268938718364, 0.000254274229519, 0.000192660780158, 0.000117423332995, 7.23782432033e-05, 6.40354619463e-06, 8.51096899623e-08, 2.97102155855e-06],
        "min": [9.48702426192e-24, 4.51778684045e-23, 1.38066719622e-23, 3.12236668313e-23, 5.27626902776e-23, 8.17694023742e-23, 5.59881910577e-23, 9.00298867681e-23, 3.47629196815e-23, 9.07737131819e-23, 4.85678214398e-23, 1.917120569e-22, 4.34954584411e-23, 1.8409858991e-22, 9.54388283161e-23, 9.09242215317e-23, 2.26098440649e-22, 2.98492470979e-22, 2.02725880423e-22, 2.12598367367e-22, 4.8419525056e-22, 4.14017755291e-22, 7.84368209837e-22, 8.49449158787e-22, 1.61624922169e-21, 1.84955323145e-21, 2.08807831395e-21],
        "stdev": [3.79841912945e-05, 0.000347198249074, 7.3164155765e-05, 0.000143024270074, 0.000249891716521, 0.000264312751824, 0.000340509577654, 0.000312460819259, 0.00050564261619, 0.000678540556692, 0.000913058873266, 0.00143073196523, 0.00140478287358, 0.00160366587806, 0.00206478615291, 0.00207109865732, 0.0011056845542, 0.000884626933839, 0.000396097544581, 0.000306796748191, 0.000292163109407, 0.000259944034042, 0.000158462236868, 9.24820924411e-05, 9.03247473616e-06, 7.78543665092e-08, 2.08610481423e-06]
    },
    "erbbands": {
        "max": [0.157392337918, 0.313216090202, 0.635198891163, 2.07600188255, 7.18641519547, 6.84661197662, 14.3032102585, 16.5239467621, 47.5263824463, 30.3072910309, 59.6735115051, 73.9608535767, 118.83455658, 218.085174561, 284.893005371, 494.540313721, 337.077545166, 435.592193604, 595.234069824, 970.443481445, 724.725524902, 350.95791626, 846.539489746, 264.761260986, 101.053581238, 102.696617126, 75.8215560913, 87.2500534058, 121.484580994, 72.2028045654, 33.1495819092, 19.2660121918, 7.76273393631, 1.43797445297, 0.0377768278122, 0.00220267102122, 0.00211280351505, 0.0131324687973, 0.000359818426659, 8.2506929175e-05],
        "mean": [0.019068621099, 0.0511600188911, 0.0824320912361, 0.30019518733, 0.666878044605, 1.19072926044, 1.54238271713, 2.49613714218, 4.30204057693, 5.1938419342, 7.17750644684, 10.4367895126, 16.6870384216, 26.1537475586, 39.9486312866, 52.4306602478, 64.4473190308, 77.1824951172, 95.2460327148, 105.42364502, 88.1637268066, 55.3356361389, 31.9932594299, 19.2463798523, 15.0115041733, 12.8081026077, 11.2460336685, 9.08843708038, 7.25901126862, 5.13674688339, 3.10975694656, 1.84269714355, 0.988160848618, 0.166741117835, 0.00439974339679, 0.000309850263875, 0.000824230315629, 0.00479195779189, 0.000131039661937, 2.22349954129e-05],
        "min": [1.79734553322e-21, 8.02602847044e-21, 1.81921767495e-20, 7.31025131494e-20, 1.09440454061e-19, 1.09287115455e-19, 5.80907385801e-19, 6.77867325856e-19, 7.38112647627e-19, 1.15653622192e-18, 1.84736190076e-18, 9.63061364982e-19, 1.60500811424e-18, 3.42406224008e-18, 2.79384346434e-18, 8.44842986583e-18, 3.02194430851e-18, 8.47405840274e-18, 5.32790589422e-18, 4.85381518435e-18, 6.62690577868e-18, 1.36150082436e-17, 1.63072966762e-17, 1.04009557874e-17, 1.29034898146e-17, 1.03035701595e-17, 1.72168595147e-17, 1.7046192302e-17, 1.61591833701e-17, 1.91371262195e-17, 2.37029315902e-17, 1.87456811926e-17, 1.41180225644e-17, 1.44182891268e-17, 1.22792166063e-17, 6.8157651746e-18, 3.55832006415e-18, 1.36817172581e-18, 3.19581462304e-19, 2.68290684088e-20],
        "stdev": [0.018024072051, 0.0474401116371, 0.0731703341007, 0.292850762606, 0.659211277962, 0.964536547661, 1.44956660271, 2.50783991814, 4.84250640869, 5.10444355011, 7.67367315292, 11.061205864, 17.0320644379, 27.0259552002, 42.8172264099, 58.0461616516, 62.5013084412, 77.1735534668, 96.8933563232, 114.870277405, 99.2750015259, 60.9107704163, 50.9337348938, 25.2457408905, 17.287651062, 14.7885475159, 13.0079402924, 10.6727991104, 9.94720840454, 7.66751289368, 4.10776042938, 2.40645122528, 1.23304271698, 0.211000010371, 0.00545061938465, 0.000314849166898, 0.000476264511235, 0.00321031105705, 7.63291463954e-05, 1.61019434017e-05]
    },
    "gfcc": {
        "mean": [-40.2595291138, 79.9276580811, -161.360580444, 32.8065948486, -50.1739730835, 16.3333778381, -25.7085285187, -14.039056778, 1.04738736153, -11.241774559, -1.18145787716, -4.38266468048, -2.95477056503],
        "cov": [[10224.2363281, -467.175598145, -5371.72558594, -354.344818115, -1400.43664551, 302.383789062, -484.65045166, -108.050598145, 193.526916504, -274.374328613, 233.859771729, -222.757843018, 363.255126953], [-467.175598145, 237.227722168, 414.252685547, 33.4213981628, 137.119598389, -37.0900611877, 37.567527771, -20.6560153961, -12.0943307877, 12.3618040085, -26.0111293793, 15.6831512451, -40.7169265747], [-5371.72558594, 414.252685547, 3555.01196289, 278.997192383, 900.87890625, -198.372268677, 294.224182129, 40.9237060547, -134.747970581, 174.986175537, -169.028762817, 147.886825562, -268.682006836], [-354.344818115, 33.4213981628, 278.997192383, 94.372467041, 61.3426246643, -4.5221991539, 22.1769294739, 7.73065471649, -14.6553001404, 7.39541578293, -11.8036394119, 2.20426011086, -17.5807704926], [-1400.43664551, 137.119598389, 900.87890625, 61.3426246643, 290.857116699, -53.6545410156, 85.411491394, 5.34321784973, -26.6751365662, 41.9401130676, -51.2324562073, 44.7665138245, -75.792427063], [302.383789062, -37.0900611877, -198.372268677, -4.5221991539, -53.6545410156, 48.8593978882, -13.3465280533, 3.36714625359, 5.59612607956, -12.6769123077, 10.31046772, -17.7141036987, 21.8853302002], [-484.65045166, 37.567527771, 294.224182129, 22.1769294739, 85.411491394, -13.3465280533, 67.7771224976, 11.8256587982, -3.88645553589, 20.6163539886, -19.0800495148, 13.9105300903, -28.9112071991], [-108.050598145, -20.6560153961, 40.9237060547, 7.73065471649, 5.34321784973, 3.36714625359, 11.8256587982, 38.0069618225, 5.73501968384, 3.8577272892, 4.07295417786, -2.41331005096, -3.19574975967], [193.526916504, -12.0943307877, -134.747970581, -14.6553001404, -26.6751365662, 5.59612607956, -3.88645553589, 5.73501968384, 36.6960411072, 7.02335786819, 9.10916423798, 2.79390978813, 5.71883010864], [-274.374328613, 12.3618040085, 174.986175537, 7.39541578293, 41.9401130676, -12.6769123077, 20.6163539886, 3.8577272892, 7.02335786819, 36.1122589111, 1.99893403053, 12.2714643478, -12.5085010529], [233.859771729, -26.0111293793, -169.028762817, -11.8036394119, -51.2324562073, 10.31046772, -19.0800495148, 4.07295417786, 9.10916423798, 1.99893403053, 33.7013130188, 0.678977847099, 18.6354694366], [-222.757843018, 15.6831512451, 147.886825562, 2.20426011086, 44.7665138245, -17.7141036987, 13.9105300903, -2.41331005096, 2.79390978813, 12.2714643478, 0.678977847099, 36.357963562, -3.30134510994], [363.255126953, -40.7169265747, -268.682006836, -17.5807704926, -75.792427063, 21.8853302002, -28.9112071991, -3.19574975967, 5.71883010864, -12.5085010529, 18.6354694366, -3.30134510994, 49.8893470764]],
        "icov": [[0.000633462856058, -0.000712204200681, 0.00107304006815, -0.000679776538163, 0.000903767708223, -0.000901512452401, 0.000983445323072, -6.88322761562e-05, 0.000707999919541, -0.000967847649008, 0.00134955067188, -0.0016627269797, 0.00174176332075], [-0.000712204200681, 0.00783747620881, -0.00168442865834, 0.000235606406932, -0.00421631755307, 0.00420915242285, -0.00294115720317, 0.00597330275923, -0.00452739885077, 0.00556069798768, -0.0051846485585, 0.00617765355855, -0.00272142863832], [0.00107304006815, -0.00168442865834, 0.00459381518885, -0.00358855188824, -0.00266184052452, -0.00138780800626, 0.0023630305659, -0.00323531124741, 0.00791488215327, -0.00858262646943, 0.00624647783116, -0.00695307878777, 0.00616239430383], [-0.000679776538163, 0.000235606406932, -0.00358855188824, 0.016243794933, 0.000792607257608, -0.00156394811347, -0.00218545878306, -0.000226282034419, -0.00223049847409, 0.00574460159987, -0.00457893498242, 0.00638124253601, -0.00402234494686], [0.000903767708223, -0.00421631755307, -0.00266184052452, 0.000792607257608, 0.0222092997283, -0.00374941527843, -0.00149361160584, -9.01644307305e-05, -0.0014901375398, 0.000471932522487, 0.00817904248834, -0.0100333439186, 0.00700624799356], [-0.000901512452401, 0.00420915242285, -0.00138780800626, -0.00156394811347, -0.00374941527843, 0.0370625145733, -0.00784132443368, 0.00235902750865, -0.00766750471666, 0.00999167840928, -0.0098631856963, 0.0201822947711, -0.0159696172923], [0.000983445323072, -0.00294115720317, 0.0023630305659, -0.00218545878306, -0.00149361160584, -0.00784132443368, 0.0323251858354, -0.0108406161889, 0.00511674256995, -0.0149518577382, 0.0155812632293, -0.0119234090671, 0.0106594404206], [-6.88322761562e-05, 0.00597330275923, -0.00323531124741, -0.000226282034419, -9.01644307305e-05, 0.00235902750865, -0.0108406161889, 0.0395550727844, -0.0161493364722, 0.0136342067271, -0.0173471271992, 0.0147794578224, -0.00432028574869], [0.000707999919541, -0.00452739885077, 0.00791488215327, -0.00223049847409, -0.0014901375398, -0.00766750471666, 0.00511674256995, -0.0161493364722, 0.0552370324731, -0.031711794436, 0.0147251272574, -0.0231798682362, 0.0147033445537], [-0.000967847649008, 0.00556069798768, -0.00858262646943, 0.00574460159987, 0.000471932522487, 0.00999167840928, -0.0149518577382, 0.0136342067271, -0.031711794436, 0.0677642002702, -0.0326330624521, 0.0163970980793, -0.0101699428633], [0.00134955067188, -0.0051846485585, 0.00624647783116, -0.00457893498242, 0.00817904248834, -0.0098631856963, 0.0155812632293, -0.0173471271992, 0.0147251272574, -0.0326330624521, 0.0677988901734, -0.0274867471308, 0.00562598742545], [-0.0016627269797, 0.00617765355855, -0.00695307878777, 0.00638124253601, -0.0100333439186, 0.0201822947711, -0.0119234090671, 0.0147794578224, -0.0231798682362, 0.0163970980793, -0.0274867471308, 0.0646040216088, -0.0267975796014], [0.00174176332075, -0.00272142863832, 0.00616239430383, -0.00402234494686, 0.00700624799356, -0.0159696172923, 0.0106594404206, -0.00432028574869, 0.0147033445537, -0.0101699428633, 0.00562598742545, -0.0267975796014, 0.0523514524102]]
    },
    "melbands": {
        "max": [0.00101414194796, 0.000264074973529, 0.000390813482227, 0.00055255217012, 0.000433758512372, 0.00035716680577, 0.000704165606294, 0.000359188794391, 0.00058137596352, 0.000484387448523, 0.00059593305923, 0.000898928614333, 0.000821181049105, 0.00159103632905, 0.000999790383503, 0.000879011815414, 0.000811504898593, 0.000912952178624, 0.00100205384661, 0.00175318238325, 0.000928891764488, 0.000394606118789, 0.000522648915648, 0.000880394887645, 0.000131491848151, 9.44357889239e-05, 6.12070216448e-05, 7.00669552316e-05, 5.10272730025e-05, 5.55290098418e-05, 4.49253857369e-05, 6.80811790517e-05, 6.09502822044e-05, 3.48666617356e-05, 2.00106824195e-05, 1.60683975992e-05, 1.06924371721e-05, 6.19975025984e-06, 3.59628802471e-06, 3.66707610056e-07],
        "mean": [0.000128821615363, 4.91815917485e-05, 6.13557422184e-05, 6.64175458951e-05, 5.53437785129e-05, 5.65784030186e-05, 6.60635632812e-05, 5.77646642341e-05, 6.01784413448e-05, 6.8069792178e-05, 8.38511841721e-05, 0.000102013909782, 0.000125874794321, 0.000135586495162, 0.000141486219945, 0.000144448611536, 0.000140873380587, 0.000149687242811, 0.000149049752508, 0.000131234817673, 9.65747603914e-05, 6.066505739e-05, 3.63910694432e-05, 2.29653705901e-05, 1.46816928464e-05, 1.17031095215e-05, 9.4298438853e-06, 8.28460542834e-06, 7.15447231414e-06, 6.2046756284e-06, 4.88455953018e-06, 4.19023490394e-06, 3.46900355908e-06, 2.59800640379e-06, 1.89385161775e-06, 1.32390027829e-06, 1.03928709905e-06, 7.45875752273e-07, 4.49085234777e-07, 3.30892824252e-08],
        "min": [1.4368940461e-23, 1.04254815938e-23, 1.2973942502e-23, 7.20338869272e-24, 1.7067365405e-23, 1.47475605633e-23, 1.22347703675e-23, 1.51047914911e-23, 1.30937057869e-23, 5.61832495383e-24, 7.87978012096e-24, 1.41111028518e-23, 7.14679028935e-24, 1.8619160513e-23, 1.65915592169e-23, 3.45521904791e-24, 1.85352620002e-23, 8.87886220223e-24, 7.83844696497e-24, 5.55258089156e-24, 8.5235758166e-24, 1.48684771629e-23, 1.14992411926e-23, 1.56884854521e-23, 7.41076050318e-24, 7.6331435478e-24, 1.02379062477e-23, 5.47056420653e-24, 1.1084444718e-23, 9.8627823769e-24, 9.98118645447e-24, 8.84811398187e-24, 8.89209613278e-24, 1.10769505394e-23, 1.5882294377e-23, 9.28544742367e-24, 1.2345104398e-23, 9.4748229503e-24, 1.08915343057e-23, 1.24700694317e-23],
        "stdev": [0.00012084505579, 3.93462432839e-05, 5.32337653567e-05, 5.60880980629e-05, 4.61016315967e-05, 5.55626029382e-05, 7.16807262506e-05, 5.64596375625e-05, 6.44818719593e-05, 7.31779000489e-05, 8.65784750204e-05, 0.00010735419346, 0.000134925780003, 0.000155529225594, 0.0001478165359, 0.00014621806622, 0.000143708050018, 0.000155076646479, 0.000159626230015, 0.000156303372933, 0.000112188456114, 6.78700307617e-05, 4.93723127875e-05, 4.52334752481e-05, 1.92276838789e-05, 1.43981797009e-05, 1.06774805317e-05, 9.98246378003e-06, 8.48885156302e-06, 7.5476668826e-06, 5.86061105423e-06, 5.77436685489e-06, 5.29556928086e-06, 3.89670822187e-06, 2.55833242591e-06, 1.70076407358e-06, 1.40665338222e-06, 9.58165855991e-07, 5.78201706958e-07, 4.58781528323e-08]
    },
    "melbands128": {
        "max": [0.000409492175095, 0.00159495603293, 0.00107986247167, 0.000393027497921, 0.000328280642862, 0.000282350752968, 0.000467323843623, 0.000586124777328, 0.000875679252204, 0.000862094457261, 0.000435314810602, 0.000411598884966, 0.000645574065857, 0.000415443297243, 0.000446562131401, 0.000578169245273, 0.000731176580302, 0.000950558634941, 0.000548330368474, 0.000452058680821, 0.00042374082841, 0.000658877193928, 0.000590450828895, 0.000937188218813, 0.000749379454646, 0.000741571304388, 0.0010445388034, 0.000719440169632, 0.000607458234299, 0.00149616191629, 0.000936769181862, 0.00162210990675, 0.00113888923079, 0.00140446494333, 0.00115630181972, 0.00273873354308, 0.00240761693567, 0.00115197198465, 0.000975434901193, 0.000988463056274, 0.00100577820558, 0.00125153549016, 0.00103874690831, 0.00115540041588, 0.00140141358133, 0.00144836050458, 0.00133579131216, 0.00127387652174, 0.00122889329214, 0.00177276774775, 0.00245205149986, 0.00112106313463, 0.0014124213485, 0.000882729538716, 0.000637881574221, 0.000508357887156, 0.000444636796601, 0.000488592137117, 0.000694246729836, 0.000802534457762, 0.0011976105161, 0.00072299252497, 0.000193973712157, 0.000166761819855, 0.000149306011735, 0.000129771069624, 9.84858197626e-05, 9.7609772638e-05, 8.27716721687e-05, 8.92617099453e-05, 9.75993389147e-05, 6.61779049551e-05, 0.000114126392873, 5.94881239522e-05, 7.74710351834e-05, 8.19832057459e-05, 7.02174220351e-05, 7.86560558481e-05, 4.71737002954e-05, 2.96528232866e-05, 5.4260079196e-05, 8.9665853011e-05, 9.34417839744e-05, 5.34149694431e-05, 6.03982298344e-05, 5.15465362696e-05, 2.67791529041e-05, 2.89357012662e-05, 2.4184861104e-05, 2.07937591767e-05, 1.35422578751e-05, 1.91913859453e-05, 1.88468293345e-05, 1.37434626595e-05, 1.03451156974e-05, 1.07050054794e-05, 7.15415353625e-06, 5.67054757994e-06, 4.87459510623e-06, 3.42384419127e-06, 2.83474065554e-07, 8.38662916891e-09, 1.35426914127e-09, 1.16247844684e-09, 4.47020909178e-09, 5.14959497266e-09, 6.84695722342e-09, 2.59555577031e-09, 7.96399279857e-10, 2.95960767005e-09, 4.45233938606e-09, 7.00978664003e-10, 7.37645056148e-10, 6.60594579038e-10, 2.10569695014e-09, 1.19173151347e-07, 2.88094042844e-07, 6.59735199804e-09, 6.93802659768e-09, 1.70609115724e-09, 1.83170989487e-09, 8.72404981589e-10, 6.2567978576e-10, 8.08148756248e-11, 2.77385961422e-11, 2.70541644642e-11, 2.65838705216e-11, 2.6407110873e-11],
        "mean": [3.10002105834e-05, 0.000183806187124, 0.000152363776579, 5.97313519393e-05, 3.65628438885e-05, 3.88500011468e-05, 6.00686325924e-05, 6.73145041219e-05, 6.61437152303e-05, 6.56947813695e-05, 6.95163398632e-05, 5.87925060245e-05, 5.00235364598e-05, 5.30760007678e-05, 5.46851515537e-05, 5.71930322621e-05, 6.81971141603e-05, 7.01074968674e-05, 6.12193107372e-05, 5.64130859857e-05, 5.64703805139e-05, 5.87551076023e-05, 6.1159604229e-05, 6.07754009252e-05, 6.34663592791e-05, 7.12924156687e-05, 7.85447991802e-05, 8.28100164654e-05, 9.02487008716e-05, 9.64458085946e-05, 0.000103985657915, 0.000117548908747, 0.000127444873215, 0.000129990410642, 0.000137612019898, 0.000131549080834, 0.000142611694173, 0.000145027748658, 0.000137768729473, 0.000140966061736, 0.000142693621456, 0.000155203597387, 0.000139380790642, 0.000133444234962, 0.000145929559949, 0.000156124806381, 0.000148699400597, 0.000150456558913, 0.000149306084495, 0.000144592049764, 0.000131219887407, 0.000114709058835, 0.000107830855995, 8.68399147294e-05, 7.34545901651e-05, 6.04440865573e-05, 4.77267931274e-05, 4.15506619902e-05, 3.16858495353e-05, 2.78498682746e-05, 2.39446126216e-05, 1.82963813131e-05, 1.51291696966e-05, 1.40829797601e-05, 1.30340558826e-05, 1.16606479423e-05, 1.10716337076e-05, 9.93904086499e-06, 9.18347086554e-06, 8.39517269924e-06, 8.79124763742e-06, 7.81207381806e-06, 7.53367339712e-06, 7.05982847649e-06, 6.69789915264e-06, 6.44369902147e-06, 5.98182668909e-06, 5.40595056009e-06, 4.89093235956e-06, 4.09804033552e-06, 4.25408552474e-06, 4.30627778769e-06, 3.86206511394e-06, 3.428697255e-06, 3.10784821522e-06, 2.85122791865e-06, 2.37091148847e-06, 2.1545540676e-06, 1.97817007574e-06, 1.65239555372e-06, 1.34147967401e-06, 1.27867497213e-06, 1.18986849884e-06, 1.07443395336e-06, 9.28488191221e-07, 8.13600081528e-07, 7.13739950697e-07, 6.35558421891e-07, 5.6974505469e-07, 3.21144824511e-07, 2.36912605089e-08, 1.32987398871e-10, 1.6354204449e-11, 1.10341527582e-11, 2.26979893214e-11, 2.16680996062e-11, 3.45475835439e-11, 2.59483840664e-11, 2.46726736264e-11, 3.56830953674e-11, 4.8315185186e-11, 2.16243013079e-11, 2.81726707935e-11, 7.76104736033e-11, 1.95428784266e-10, 4.70844199185e-08, 1.01564133104e-07, 2.09488093539e-10, 4.70650081408e-11, 2.23597026311e-11, 2.39490493409e-11, 1.38643246189e-11, 1.18898398072e-11, 2.85795410775e-12, 2.30314422048e-12, 1.93407399471e-12, 1.74092435346e-12, 1.70525594513e-12],
        "min": [8.80726281989e-24, 1.70981372912e-23, 1.44406337178e-23, 1.34399037061e-23, 9.88440032115e-24, 6.31532537322e-24, 1.65838725562e-23, 1.27542210741e-23, 1.22178153801e-23, 6.08901064584e-24, 2.17402886845e-24, 1.55487261209e-23, 2.62009894477e-23, 1.15946428751e-23, 1.60257187559e-23, 1.68353330138e-23, 8.08592209727e-24, 1.28044478479e-23, 1.75453251835e-23, 7.78012095622e-24, 1.77466424865e-23, 2.35661940243e-23, 1.17425495616e-23, 4.27377386089e-24, 6.36409196552e-24, 5.12696873952e-24, 4.5533927085e-24, 8.34498875171e-24, 9.67759570168e-24, 1.66518581668e-23, 1.80220622275e-23, 4.53484461646e-24, 5.31943502317e-24, 9.14422869986e-24, 1.05737353791e-23, 2.19026504583e-23, 3.32015809344e-23, 1.6637559274e-23, 8.06819402614e-24, 3.06253749992e-24, 1.57874111734e-24, 4.59744506803e-24, 1.51174684858e-23, 3.73130703299e-23, 6.33496367103e-24, 3.06048863094e-24, 9.41870969639e-24, 8.21998821925e-24, 9.3917937623e-24, 2.73037598008e-24, 7.65590928467e-24, 3.63813656474e-24, 8.38899693503e-24, 6.23682030252e-24, 1.6722533793e-23, 1.61468751692e-23, 1.56974973991e-23, 8.04942229204e-24, 9.20311479985e-24, 1.84290765892e-23, 1.8743363507e-23, 1.30297820212e-23, 6.83584814178e-24, 6.72933850894e-24, 6.55253387527e-24, 4.81829101718e-24, 9.83760035909e-24, 1.43185243605e-23, 7.88976236685e-24, 9.07210630274e-24, 3.17502709286e-24, 6.00245722175e-24, 6.4467945651e-24, 1.75356348161e-23, 7.57327373826e-24, 1.11667134441e-23, 1.0022176456e-23, 7.8704912838e-24, 1.33837620532e-23, 7.85491522523e-24, 7.28715152136e-24, 9.62600419848e-24, 9.88060353361e-24, 8.91035431843e-24, 6.81575427681e-24, 1.33109722797e-23, 1.02763237738e-23, 1.12857643876e-23, 2.40756924617e-23, 1.07309009261e-23, 9.00876077205e-24, 7.92782727211e-24, 1.1394925382e-23, 1.38378098798e-23, 1.21221486404e-23, 1.11339354846e-23, 7.31740907024e-24, 9.86509610594e-24, 9.76206140538e-24, 1.10439091004e-23, 1.45869106177e-23, 8.01365770518e-24, 1.78806746874e-23, 1.54166850049e-23, 1.43031431506e-23, 1.37511046e-23, 1.2639545942e-23, 6.12146951108e-24, 1.14723938894e-23, 1.53733307873e-23, 1.43183918319e-23, 9.37796345291e-24, 1.12261801457e-23, 1.17675288422e-23, 1.07862978943e-23, 1.15972137727e-23, 7.59754225515e-24, 1.31512113803e-23, 1.32942831384e-23, 1.01957447878e-23, 1.00341292764e-23, 7.33678270521e-24, 6.47579545856e-24, 6.05623071422e-24, 9.75537423149e-24, 7.63271756291e-24, 6.79080970612e-24, 1.25713015851e-23],
        "stdev": [3.64674524462e-05, 0.000176353016286, 0.000141146258102, 5.89836563449e-05, 3.94697271986e-05, 3.85245293728e-05, 6.66190098855e-05, 7.52256019041e-05, 7.73436331656e-05, 7.75535518187e-05, 6.38479323243e-05, 5.66172784602e-05, 5.94226257817e-05, 6.56362099107e-05, 6.65771076456e-05, 6.97664509062e-05, 9.09080699785e-05, 9.3233466032e-05, 7.17922594049e-05, 6.96072238497e-05, 6.61989688524e-05, 7.51140978537e-05, 8.10585261206e-05, 8.11929930933e-05, 8.46244365675e-05, 9.35519419727e-05, 0.000104411272332, 0.000102984857222, 0.000105352795799, 0.00012933841208, 0.000128209372633, 0.000147099504829, 0.000160081239301, 0.000174012602656, 0.000178836140549, 0.000191601080587, 0.000203699921258, 0.00018196090241, 0.000157556554768, 0.000164279292221, 0.000169939172338, 0.000199630681891, 0.000167263133335, 0.000158231909154, 0.000175909197424, 0.000192785548279, 0.000183087788173, 0.000183452939382, 0.000187376674148, 0.000184025702765, 0.000187956480659, 0.000150244653923, 0.000140114396345, 0.000116365110443, 9.12115356186e-05, 7.42108022678e-05, 6.48328641546e-05, 5.88157345192e-05, 5.21713882335e-05, 5.09428100486e-05, 5.81740205234e-05, 3.77510732505e-05, 2.12231534533e-05, 2.09556419577e-05, 1.88500926015e-05, 1.6400412278e-05, 1.47083001139e-05, 1.2733931726e-05, 1.12923935376e-05, 1.0383469089e-05, 1.24780135593e-05, 9.76562932919e-06, 1.05689778138e-05, 9.26889697439e-06, 8.9415561888e-06, 8.99121369002e-06, 7.92159517005e-06, 7.30546980776e-06, 6.45681302558e-06, 4.87084571432e-06, 5.97366442889e-06, 7.03820160197e-06, 6.34213438389e-06, 5.54374764761e-06, 5.40274913874e-06, 4.956173143e-06, 3.48561002284e-06, 3.13055943479e-06, 2.93252514894e-06, 2.43658291765e-06, 1.73246701252e-06, 1.8346734123e-06, 1.78549703378e-06, 1.56897510806e-06, 1.35320726713e-06, 1.16569390229e-06, 9.68495214693e-07, 8.63179252519e-07, 7.83773771218e-07, 4.45148288009e-07, 3.35394751971e-08, 5.42431155548e-10, 7.84828868561e-11, 5.58157513264e-11, 1.94865693026e-10, 2.32279182e-10, 2.97749269684e-10, 1.16822135299e-10, 5.52010034904e-11, 1.38020761487e-10, 2.02803260296e-10, 4.91040853812e-11, 6.20531057094e-11, 1.32230490446e-10, 2.96356855722e-10, 2.85232477637e-08, 7.12304881745e-08, 4.81333806146e-10, 3.88232085369e-10, 1.4184890762e-10, 1.39629835472e-10, 7.48246672955e-11, 6.12047496018e-11, 5.51540193724e-12, 3.19314366615e-12, 3.15558408397e-12, 3.12446010904e-12, 3.10649661377e-12]
    },
    "mfcc": {
        "mean": [-659.977966309, 98.1924972534, -35.4689750671, 9.69753456116, 1.76227927208, 19.498008728, -8.76320171356, 5.05176448822, -3.03594374657, 6.39109134674, -8.34236621857, 5.29869604111, -2.66983342171],
        "cov": [[12801.0107422, -1863.75048828, -4415.84667969, -1763.85864258, -1365.35058594, -372.329376221, -845.484436035, -99.5894851685, -158.903564453, -316.136108398, -49.8832550049, 108.076721191, -128.488418579], [-1863.75048828, 512.581726074, 681.456420898, 293.927947998, 235.510116577, 80.9543380737, 124.449707031, 10.4213781357, 23.2580089569, 48.0912971497, 1.04420042038, -11.8422050476, 12.280421257], [-4415.84667969, 681.456420898, 1671.69213867, 651.50012207, 493.466522217, 140.220916748, 305.406280518, 28.3502941132, 47.8641624451, 116.451622009, 16.3861179352, -43.9184646606, 42.2406463623], [-1763.85864258, 293.927947998, 651.50012207, 316.487854004, 203.467010498, 62.2291755676, 122.840393066, 18.7874221802, 23.3222885132, 45.5376930237, 9.73392963409, -13.8424692154, 12.2453279495], [-1365.35058594, 235.510116577, 493.466522217, 203.467010498, 200.539382935, 47.2480125427, 91.4069442749, 12.288066864, 15.6151351929, 31.054391861, 1.89438962936, -12.9655580521, 13.7820663452], [-372.329376221, 80.9543380737, 140.220916748, 62.2291755676, 47.2480125427, 54.408164978, 28.0376415253, 2.21914410591, 9.14691066742, 11.3722229004, -1.76115620136, -4.56328821182, 0.743386924267], [-845.484436035, 124.449707031, 305.406280518, 122.840393066, 91.4069442749, 28.0376415253, 91.5886001587, 11.518245697, 12.0799398422, 26.0661506653, 3.12995696068, -12.4154205322, 4.16160583496], [-99.5894851685, 10.4213781357, 28.3502941132, 18.7874221802, 12.288066864, 2.21914410591, 11.518245697, 32.039478302, 7.58755636215, 5.48929452896, 1.0888812542, 0.229732334614, -2.07019162178], [-158.903564453, 23.2580089569, 47.8641624451, 23.3222885132, 15.6151351929, 9.14691066742, 12.0799398422, 7.58755636215, 29.4399452209, 9.04248523712, 3.26446557045, 1.81108570099, 2.04654097557], [-316.136108398, 48.0912971497, 116.451622009, 45.5376930237, 31.054391861, 11.3722229004, 26.0661506653, 5.48929452896, 9.04248523712, 37.5981407166, 6.74695825577, -1.48034572601, 2.40478515625], [-49.8832550049, 1.04420042038, 16.3861179352, 9.73392963409, 1.89438962936, -1.76115620136, 3.12995696068, 1.0888812542, 3.26446557045, 6.74695825577, 28.1544971466, 10.0400257111, 1.37883448601], [108.076721191, -11.8422050476, -43.9184646606, -13.8424692154, -12.9655580521, -4.56328821182, -12.4154205322, 0.229732334614, 1.81108570099, -1.48034572601, 10.0400257111, 30.6667766571, 7.49744558334], [-128.488418579, 12.280421257, 42.2406463623, 12.2453279495, 13.7820663452, 0.743386924267, 4.16160583496, -2.07019162178, 2.04654097557, 2.40478515625, 1.37883448601, 7.49744558334, 29.3004760742]],
        "icov": [[0.00103176094126, 0.000132426808705, 0.00202285661362, 0.000400503893616, 0.000961564772297, -0.000334525073413, 0.000998334377073, 0.000259498716332, 0.000895691453479, 3.79010416509e-05, 0.00016420087195, -3.75193631044e-05, 0.00075430679135], [0.000132426808705, 0.00520020211115, -0.000325923814671, -0.00160178064834, -0.0026361211203, -0.00209392700344, 0.000337127770763, 0.00111634097993, 7.17662333045e-05, -0.000605869223364, 0.00145680818241, -0.00177326600533, 0.00129446422216], [0.00202285661362, -0.000325923814671, 0.00921155977994, -0.0047264797613, -0.0021826447919, -0.00064549013041, -0.00253958906978, 0.00257055275142, 0.00240411236882, -0.00240861112252, -0.000129126216052, 0.00179933186155, -0.00113641761709], [0.000400503893616, -0.00160178064834, -0.0047264797613, 0.0185125861317, -0.00191903288942, -0.00205319630913, -0.000707850093022, -0.00349757354707, -0.000919339421671, 0.00125661760103, -0.00242925318889, -0.00159312435426, 0.00279588298872], [0.000961564772297, -0.0026361211203, -0.0021826447919, -0.00191903288942, 0.0219023432583, -0.00137757672928, 0.000509564240929, -0.00236135697924, 0.000670888635796, 0.00263292784803, 0.00123045558576, 0.00100875413045, -0.00181535282172], [-0.000334525073413, -0.00209392700344, -0.00064549013041, -0.00205319630913, -0.00137757672928, 0.0262378416955, -0.00143778847996, 0.00203536474146, -0.00492585031316, -0.00124877784401, 0.00317028001882, -1.09840366349e-05, 0.00182976003271], [0.000998334377073, 0.000337127770763, -0.00253958906978, -0.000707850093022, 0.000509564240929, -0.00143778847996, 0.0314763039351, -0.00471962662414, -0.000851423479617, -0.00404129503295, -0.000783267780207, 0.00497453426942, 0.00234140106477], [0.000259498716332, 0.00111634097993, 0.00257055275142, -0.00349757354707, -0.00236135697924, 0.00203536474146, -0.00471962662414, 0.0362575799227, -0.00719555048272, -0.00258290045895, 0.00168421294075, -0.00248488807119, 0.00398828368634], [0.000895691453479, 7.17662333045e-05, 0.00240411236882, -0.000919339421671, 0.000670888635796, -0.00492585031316, -0.000851423479617, -0.00719555048272, 0.0412221215665, -0.00591444643214, -0.00183787138667, -0.00261710048653, -0.0013996490743], [3.79010416509e-05, -0.000605869223364, -0.00240861112252, 0.00125661760103, 0.00263292784803, -0.00124877784401, -0.00404129503295, -0.00258290045895, -0.00591444643214, 0.0377479344606, -0.00721956975758, 0.000581765722018, 5.79309453315e-05], [0.00016420087195, 0.00145680818241, -0.000129126216052, -0.00242925318889, 0.00123045558576, 0.00317028001882, -0.000783267780207, 0.00168421294075, -0.00183787138667, -0.00721956975758, 0.0443859137595, -0.016308253631, 0.00368705997244], [-3.75193631044e-05, -0.00177326600533, 0.00179933186155, -0.00159312435426, 0.00100875413045, -1.09840366349e-05, 0.00497453426942, -0.00248488807119, -0.00261710048653, 0.000581765722018, -0.016308253631, 0.0451589561999, -0.0133586637676], [0.00075430679135, 0.00129446422216, -0.00113641761709, 0.00279588298872, -0.00181535282172, 0.00182976003271, 0.00234140106477, 0.00398828368634, -0.0013996490743, 5.79309453315e-05, 0.00368705997244, -0.0133586637676, 0.0414586551487]]
    },
    "spectral_contrast_coeffs": {
        "max": [-0.610035538673, -0.69276624918, -0.712376952171, -0.729888081551, -0.700887560844, -0.608956456184],
        "mean": [-0.760675549507, -0.846159219742, -0.836399674416, -0.829389929771, -0.818930804729, -0.716354012489],
        "min": [-0.972626924515, -0.954925596714, -0.957146465778, -0.954536259174, -0.962948381901, -0.959826946259],
        "stdev": [0.055613823235, 0.0341099202633, 0.0358265936375, 0.0290180761367, 0.0358128100634, 0.0508948415518]
    },
    "spectral_contrast_valleys": {
        "max": [-6.67137861252, -5.54270935059, -5.33631420135, -5.1713719368, -5.84053850174, -9.01597213745],
        "mean": [-7.57904291153, -6.94359111786, -6.98237419128, -6.84810733795, -7.38108730316, -10.6990671158],
        "min": [-27.1635971069, -27.7334022522, -27.3566360474, -27.562833786, -27.1547546387, -27.2515888214],
        "stdev": [0.902205646038, 1.29915106297, 1.57718920708, 1.76284599304, 1.52568185329, 1.15271103382]
    }
},
"rhythm": {
    "beats_count": 18,
    "beats_loudness": {
        "max": 0.0407461561263,
        "mean": 0.015453347005,
        "min": 0.00101905781776,
        "stdev": 0.010543063283
    },
    "bpm": 77.1338577271,
    "bpm_histogram_first_peak_bpm": 77,
    "bpm_histogram_first_peak_weight": 0,
    "bpm_histogram_second_peak_bpm": 89,
    "bpm_histogram_second_peak_spread": 0.400000035763,
    "bpm_histogram_second_peak_weight": 0.176470592618,
    "danceability": 0.716132879257,
    "onset_rate": 1.95934510231,
    "beats_loudness_band_ratio": {
        "max": [0.865947902203, 0.163554057479, 0.189818814397, 0.533126890659, 0.588096380234, 0.169949397445],
        "mean": [0.188971832395, 0.0629537925124, 0.0782628804445, 0.24462389946, 0.381949752569, 0.0690623223782],
        "min": [0.00598980579525, 0.0166012533009, 0.00613467535004, 0.00599041162059, 0.00472612539306, 0.00960238557309],
        "stdev": [0.30805850029, 0.0406923815608, 0.0451461598277, 0.130272865295, 0.192341446877, 0.0467482097447]
    },
    "beats_position": [0.603718817234, 1.20743763447, 1.8111563921, 2.42648530006, 3.01859402657, 3.63392281532, 4.2492518425, 4.85297060013, 5.4334692955, 6.08362817764, 6.73378658295, 7.40716552734, 8.08054447174, 8.75392246246, 9.53179073334, 10.3096599579, 11.0875282288, 11.8653964996],
