{
"metadata": {
    "version": {
        "essentia": "2.1-beta5",
        "essentia_git_sha": "Undefined",
        "extractor": "music 2.0"
    },
    "audio_properties": {
        "analysis": {
            "equal_loudness": 0,
            "length": 48.7502937317,
            "sample_rate": 44100,
            "start_time": 29.0017242432,
            "downmix": "mix"
        },
        "bit_rate": 192000,
        "length": 263.6277771,
        "lossless": 0,
        "number_channels": 1,
        "replay_gain": 2.50990867615,
        "sample_rate": 48000,
        "codec": "mp3",
        "md5_encoded": "db7926382f59d7c8717ddff03fd97e60"
    },
    "tags": {
        "file_name": "Switzerland_Trödler Und Co._Peter, Sue and Marc and Pfuri, Gorps and Kniri.mp3",
        "encoding": ["Lavf58.29.100"]
    }
},
"lowlevel": {
    "average_loudness": 0.849006652832,
    "barkbands_crest": {
        "max": 26.1715946198,
        "mean": 9.03743648529,
        "min": 2.19368243217,
        "stdev": 4.60983514786
    },
    "barkbands_flatness_db": {
        "max": 0.364925742149,
        "mean": 0.17141070962,
        "min": 0.0173532366753,
        "stdev": 0.0729438811541
    },
    "barkbands_kurtosis": {
        "max": 237.526611328,
        "mean": 3.18295454979,
        "min": -1.87171983719,
        "stdev": 12.1673660278
    },
    "barkbands_skewness": {
        "max": 11.5310316086,
        "mean": 0.296131581068,
        "min": -2.30225419998,
        "stdev": 1.14406394958
    },
    "barkbands_spread": {
        "max": 86.5839385986,
        "mean": 14.2586612701,
        "min": 0.579350352287,
        "stdev": 15.106461525
    },
    "dissonance": {
        "max": 0.5,
        "mean": 0.438175529242,
        "min": 0.159201219678,
        "stdev": 0.0680067688227
    },
    "dynamic_complexity": 3.76017379761,
    "erbbands_crest": {
        "max": 32.9340896606,
        "mean": 11.6801567078,
        "min": 2.06364560127,
        "stdev": 6.54986143112
    },
    "erbbands_flatness_db": {
        "max": 0.392278194427,
        "mean": 0.254182755947,
        "min": 0.0596511177719,
        "stdev": 0.0772764384747
    },
    "erbbands_kurtosis": {
        "max": 143.488357544,
        "mean": 2.91956686974,
        "min": -1.78386271,
        "stdev": 8.04592609406
    },
    "erbbands_skewness": {
        "max": 10.0450153351,
        "mean": 0.108908899128,
        "min": -2.57153701782,
        "stdev": 0.927269279957
    },
    "erbbands_spread": {
        "max": 101.574378967,
        "mean": 17.3492794037,
        "min": 1.70283865929,
        "stdev": 17.7567100525
    },
    "hfc": {
        "max": 109.668273926,
        "mean": 24.4406871796,
        "min": 0.0281864646822,
        "stdev": 19.775604248
    },
    "loudness_ebu128": {
        "integrated": -29.61460495,
        "loudness_range": 8.82626914978,
        "momentary": {
            "max": -25.5371341705,
            "mean": -31.467092514,
            "min": -51.4867172241,
            "stdev": 4.87260389328
        },
        "short_term": {
            "max": -26.3583278656,
            "mean": -30.6997833252,
            "min": -39.936164856,
            "stdev": 2.92001700401
        }
    },
    "melbands_crest": {
        "max": 32.8781738281,
        "mean": 11.265209198,
        "min": 2.57933425903,
        "stdev": 6.30864191055
    },
    "melbands_flatness_db": {
        "max": 0.470316708088,
        "mean": 0.195772349834,
        "min": 0.0453997626901,
        "stdev": 0.0888841077685
    },
    "melbands_kurtosis": {
        "max": 302.466552734,
        "mean": 3.70715737343,
        "min": -1.64576494694,
        "stdev": 15.4967250824
    },
    "melbands_skewness": {
        "max": 11.4690599442,
        "mean": 0.511664450169,
        "min": -2.71216130257,
        "stdev": 1.31662225723
    },
    "melbands_spread": {
        "max": 89.9954605103,
        "mean": 23.510175705,
        "min": 0.502593040466,
        "stdev": 15.2194576263
    },
    "pitch_salience": {
        "max": 0.923884630203,
        "mean": 0.62512332201,
        "min": 0.114933520555,
        "stdev": 0.171215519309
    },
    "silence_rate_20dB": {
        "max": 1,
        "mean": 1,
        "min": 1,
        "stdev": 0
    },
    "silence_rate_30dB": {
        "max": 1,
        "mean": 0.994764387608,
        "min": 0,
        "stdev": 0.0721677616239
    },
    "silence_rate_60dB": {
        "max": 1,
        "mean": 0.145644932985,
        "min": 0,
        "stdev": 0.352747887373
    },
    "spectral_centroid": {
        "max": 3203.16943359,
        "mean": 1596.77697754,
        "min": 154.59336853,
        "stdev": 596.042358398
    },
    "spectral_complexity": {
        "max": 59,
        "mean": 17.5487861633,
        "min": 0,
        "stdev": 16.4727458954
    },
    "spectral_decrease": {
        "max": -3.10917112369e-12,
        "mean": -4.41399583551e-09,
        "min": -6.41223039111e-08,
        "stdev": 4.2303209824e-09
    },
    "spectral_energy": {
        "max": 0.244769245386,
        "mean": 0.0188762918115,
        "min": 1.42913459058e-05,
        "stdev": 0.0171618275344
    },
    "spectral_energyband_high": {
        "max": 0.00237299851142,
        "mean": 0.00028860810562,
        "min": 2.08960409509e-06,
        "stdev": 0.000398460659198
    },
    "spectral_energyband_low": {
        "max": 0.240912348032,
        "mean": 0.0008706516237,
        "min": 1.22614653719e-06,
        "stdev": 0.0109930010512
    },
    "spectral_energyband_middle_high": {
        "max": 0.058417994529,
        "mean": 0.0130219710991,
        "min": 5.15047895533e-06,
        "stdev": 0.0111014740542
    },
    "spectral_energyband_middle_low": {
        "max": 0.12078781426,
        "mean": 0.00488555710763,
        "min": 5.84879489907e-06,
        "stdev": 0.00704222731292
    },
    "spectral_entropy": {
        "max": 8.61697769165,
        "mean": 7.16964006424,
        "min": 5.78159570694,
        "stdev": 0.802822232246
    },
    "spectral_flux": {
        "max": 0.436752051115,
        "mean": 0.0578066334128,
        "min": 0.00580195942894,
        "stdev": 0.0488235875964
    },
    "spectral_kurtosis": {
        "max": 23.4686164856,
        "mean": 7.67818927765,
        "min": -0.0879855155945,
        "stdev": 4.27169036865
    },
    "spectral_rms": {
        "max": 0.0154531309381,
        "mean": 0.00388936069794,
        "min": 0.00011807953706,
        "stdev": 0.00181349331979
    },
    "spectral_rolloff": {
        "max": 10572.8027344,
        "mean": 2171.09301758,
        "min": 129.19921875,
        "stdev": 1393.03820801
    },
    "spectral_skewness": {
        "max": 4.14382791519,
        "mean": 2.17807602882,
        "min": 0.756356358528,
        "stdev": 0.826323926449
    },
    "spectral_spread": {
        "max": 10665648,
        "mean": 3896217.25,
        "min": 1910344.625,
        "stdev": 1569963
    },
    "spectral_strongpeak": {
        "max": 18.3141441345,
        "mean": 2.28857088089,
        "min": 0.00273393187672,
        "stdev": 2.06488418579
    },
    "zerocrossingrate": {
        "max": 0.24658203125,
        "mean": 0.0780190229416,
        "min": 0.0087890625,
        "stdev": 0.0337745137513
    },
    "barkbands": {
        "max": [0.000460956129245, 0.0378179252148, 0.198851823807, 0.065786011517, 0.0616240687668, 0.0302848741412, 0.0176680665463, 0.0206007175148, 0.0246751010418, 0.014458540827, 0.036900267005, 0.0147997187451, 0.0262826774269, 0.0208554510027, 0.0446875318885, 0.0182336438447, 0.0341827273369, 0.00537890847772, 0.00404551252723, 0.00173902395181, 0.00151796580758, 0.000607395428233, 7.21565957065e-05, 2.3724129278e-05, 3.0365146813e-05, 6.78576316204e-06, 3.61759657608e-06],
        "mean": [3.74706132789e-06, 0.00012914443505, 0.000608421280049, 0.000234184641158, 0.000316792138619, 0.00024496493279, 0.000752712483518, 0.00154010974802, 0.00168010790367, 0.0011198023567, 0.00238901237026, 0.00119774637278, 0.00211038812995, 0.00125020579435, 0.00269062095322, 0.00106955540832, 0.000686003186274, 0.000302786560496, 0.000186715842574, 0.000152137276018, 0.000117056020827, 5.57915591344e-05, 8.35773153085e-06, 1.0666110029e-05, 1.61202133313e-05, 2.60216961578e-06, 5.59215493467e-07],
        "min": [1.78973191822e-08, 4.31264311374e-07, 2.30216357977e-07, 3.88882654079e-07, 1.41481655191e-06, 6.92594767315e-07, 4.16205239162e-07, 5.19072841598e-07, 1.92400506194e-07, 2.83710619442e-07, 2.89177393142e-07, 2.35160683815e-07, 1.32977731937e-07, 2.05766383488e-07, 2.1948871165e-07, 3.01141483305e-07, 6.15573924279e-07, 5.05654156768e-07, 3.28184711407e-07, 1.94154239352e-07, 4.44584202342e-07, 4.32956795748e-07, 2.63302780468e-07, 3.15313400279e-07, 4.29056342455e-07, 1.96642768735e-09, 6.88985035691e-10],
        "stdev": [1.242666076e-05, 0.00153283379041, 0.00883744936436, 0.00227589881979, 0.00240978319198, 0.000879295752384, 0.0014626244083, 0.00299346144311, 0.00280896341428, 0.00191377173178, 0.00455169146881, 0.00195788405836, 0.00279988721013, 0.00215068995021, 0.00355661311187, 0.00193373649381, 0.00174848025199, 0.000566295871977, 0.00033238393371, 0.000249217904638, 0.000193032145035, 8.64765388542e-05, 5.82263965043e-06, 2.62011917584e-06, 3.14314297611e-06, 1.44328623719e-06, 6.88685929617e-07]
    },
    "erbbands": {
        "max": [0.221732869744, 14.3701972961, 181.199676514, 167.496154785, 201.914138794, 212.157562256, 264.07321167, 199.529510498, 283.722076416, 481.974761963, 495.510772705, 622.769348145, 223.25100708, 463.320526123, 1748.18493652, 689.76965332, 1365.79162598, 1236.60119629, 1466.94799805, 1997.47045898, 673.08996582, 1735.28771973, 525.960876465, 334.226989746, 117.252502441, 76.0843734741, 64.2545013428, 72.8882980347, 23.3358154297, 8.88806629181, 0.815734803677, 0.494213521481, 0.436328172684, 0.393157482147, 0.229591503739, 0.0655910819769, 0.00716096814722, 0.00574111239985, 0.000150482650497, 0.000265953771304],
        "mean": [0.00158261065371, 0.0467564500868, 0.559301674366, 0.827362120152, 0.902540624142, 1.05845749378, 1.29882586002, 2.46370720863, 7.85588264465, 34.1528434753, 20.4886493683, 44.6081809998, 20.8303489685, 54.6642608643, 105.386726379, 64.7514343262, 100.03842926, 75.3073883057, 128.26361084, 89.8737182617, 53.2928123474, 37.5930633545, 20.168390274, 11.7434940338, 8.44027900696, 7.2083106041, 5.6740527153, 3.84612679482, 2.24207019806, 0.80345761776, 0.216542854905, 0.206612363458, 0.190876036882, 0.177028760314, 0.112937882543, 0.0257616061717, 0.00172341568395, 0.000934136100113, 3.72277936549e-05, 2.45524006459e-05],
        "min": [1.09951015475e-05, 0.000163887569215, 0.000360304926289, 0.000647941487841, 0.00407562544569, 0.00610573124141, 0.00949811562896, 0.00444038957357, 0.0039920238778, 0.0118023492396, 0.0144714768976, 0.00451648794115, 0.00612750602886, 0.0166875366122, 0.0137957660481, 0.0115633364767, 0.00726962275803, 0.0156395863742, 0.0134547539055, 0.0208278521895, 0.0271237790585, 0.0335570536554, 0.0409951433539, 0.0191278960556, 0.01425866317, 0.00872602686286, 0.0118264127523, 0.0186292659491, 0.0201968662441, 0.00871360581368, 0.00727066677064, 0.00702837016433, 0.00524477707222, 0.00318428664468, 0.00418262323365, 0.000555361504667, 7.16034410289e-05, 9.27727887756e-06, 1.61340756222e-06, 1.93232509105e-07],
        "stdev": [0.00928303133696, 0.621181070805, 8.17466449738, 8.25340557098, 8.73568153381, 7.36831617355, 7.38173913956, 6.40923070908, 21.7050857544, 68.4043884277, 35.0151329041, 73.6415863037, 23.9625911713, 72.575592041, 210.355804443, 88.3737106323, 133.740341187, 116.198181152, 178.560913086, 146.059265137, 93.7961730957, 89.8994903564, 40.1414337158, 21.8241291046, 14.2316522598, 11.8786811829, 9.35820388794, 6.48005008698, 3.52890753746, 1.10602259636, 0.105384752154, 0.0580183900893, 0.049407787621, 0.0407972820103, 0.0273853242397, 0.0107124457136, 0.00124089373276, 0.0010968336137, 2.70624714176e-05, 2.03347262868e-05]
    },
    "gfcc": {
        "mean": [-56.09557724, 70.8226470947, -163.058197021, -14.0337657928, -66.4782714844, 29.4149475098, -41.7415657043, 7.04772233963, -22.5130157471, 10.9470338821, -17.4277935028, -12.1739635468, -6.45169687271],
        "cov": [[2604.58837891, 579.192626953, -1958.38098145, 390.131286621, 119.617027283, -455.078582764, 73.5929946899, -238.812850952, 80.064704895, -180.319961548, 124.80947113, -31.4580879211, 407.066436768], [579.192626953, 335.650299072, -229.027038574, -163.835098267, -65.8119888306, -36.0142669678, 50.7930107117, -46.2609329224, 41.4299964905, -30.0588645935, 48.0653305054, -49.0743370056, 45.917552948], [-1958.38098145, -229.027038574, 1949.39099121, -369.620361328, -213.141998291, 287.733917236, -7.19000864029, 173.321624756, -111.834373474, 121.739578247, -76.0511550903, 25.6799736023, -388.559417725], [390.131286621, -163.835098267, -369.620361328, 1551.93322754, 71.5542755127, -657.80090332, -207.554641724, -16.6685180664, -228.96546936, -213.077819824, -33.6783752441, 195.879425049, 224.418563843], [119.617027283, -65.8119888306, -213.141998291, 71.5542755127, 233.139923096, 98.3626403809, -20.0756664276, -26.9859657288, 44.2045631409, 14.1568832397, -25.4774913788, -18.5820598602, 35.6348457336], [-455.078582764, -36.0142669678, 287.733917236, -657.80090332, 98.3626403809, 481.797363281, 111.409706116, 9.58513450623, 74.1164398193, 106.62297821, -20.1843891144, -84.6787185669, -103.67250824], [73.5929946899, 50.7930107117, -7.19000864029, -207.554641724, -20.0756664276, 111.409706116, 139.734359741, 3.4075949192, -8.7654876709, -18.5372657776, 13.7108955383, -13.7272033691, -1.2497125864], [-238.812850952, -46.2609329224, 173.321624756, -16.6685180664, -26.9859657288, 9.58513450623, 3.4075949192, 129.385635376, 52.7661705017, 3.3212389946, -51.7302207947, -15.252497673, -40.913192749], [80.064704895, 41.4299964905, -111.834373474, -228.96546936, 44.2045631409, 74.1164398193, -8.7654876709, 52.7661705017, 200.433517456, 95.7406845093, -21.3169555664, -103.514045715, -32.7162818909], [-180.319961548, -30.0588645935, 121.739578247, -213.077819824, 14.1568832397, 106.62297821, -18.5372657776, 3.3212389946, 95.7406845093, 172.032836914, 48.8633728027, -58.5287742615, -98.7054443359], [124.80947113, 48.0653305054, -76.0511550903, -33.6783752441, -25.4774913788, -20.1843891144, 13.7108955383, -51.7302207947, -21.3169555664, 48.8633728027, 132.743301392, 42.28540802, -13.5551319122], [-31.4580879211, -49.0743370056, 25.6799736023, 195.879425049, -18.5820598602, -84.6787185669, -13.7272033691, -15.252497673, -103.514045715, -58.5287742615, 42.28540802, 134.476455688, 53.6695594788], [407.066436768, 45.917552948, -388.559417725, 224.418563843, 35.6348457336, -103.67250824, -1.2497125864, -40.913192749, -32.7162818909, -98.7054443359, -13.5551319122, 53.6695594788, 178.336242676]],
        "icov": [[0.0139009431005, -0.0168293584138, 0.00988792907447, 0.00162100663874, -0.00946789514273, 0.0141688194126, -0.0131571954116, 0.00718264328316, 0.000942803861108, -0.00591684971005, 0.0080197006464, -0.00561826163903, 0.00298987445422], [-0.0168293584138, 0.0267304349691, -0.0126964347437, -0.00075612909859, 0.0120442537591, -0.0153069589287, 0.0154683496803, -0.00728188315406, -0.00300675956532, 0.0115099037066, -0.0151805942878, 0.012434059754, -0.00712387217209], [0.00988792907447, -0.0126964347437, 0.00921439100057, 0.000366034830222, -0.00446134945378, 0.00767501816154, -0.00857567414641, 0.0044716456905, 0.00162542366888, -0.00529506569728, 0.00886843632907, -0.00735628651455, 0.00688915513456], [0.00162100663874, -0.00075612909859, 0.000366034830222, 0.00479957554489, -0.00619509490207, 0.00848661921918, -0.000877769023646, -0.00199836888351, 0.00522533804178, -0.00209432234988, 0.000265442824457, 0.00173516781069, -0.00374341499992], [-0.00946789514273, 0.0120442537591, -0.00446134945378, -0.00619509490207, 0.020160831511, -0.0203232374042, 0.0110455052927, 3.66741261359e-07, -0.00785166211426, 0.00678075291216, -0.00341454264708, 7.5478310464e-06, 0.00287083745934], [0.0141688194126, -0.0153069589287, 0.00767501816154, 0.00848661921918, -0.0203232374042, 0.030135370791, -0.0179338082671, 0.0049413703382, 0.00744055770338, -0.0107070878148, 0.0085242362693, -0.00152788613923, -0.00322334468365], [-0.0131571954116, 0.0154683496803, -0.00857567414641, -0.000877769023646, 0.0110455052927, -0.0179338082671, 0.0264351014048, -0.0108693139628, 0.00219940091483, 0.0102141024545, -0.0125935170799, 0.00889695249498, -0.00404940592125], [0.00718264328316, -0.00728188315406, 0.0044716456905, -0.00199836888351, 3.66741261359e-07, 0.0049413703382, -0.0108693139628, 0.0225727967918, -0.012837447226, 0.00139554950874, 0.00999747496098, -0.0099186534062, 0.00787466857582], [0.000942803861108, -0.00300675956532, 0.00162542366888, 0.00522533804178, -0.00785166211426, 0.00744055770338, 0.00219940091483, -0.012837447226, 0.0240988675505, -0.0122755682096, 0.0018195429584, 0.00872307270765, -0.00630745384842], [-0.00591684971005, 0.0115099037066, -0.00529506569728, -0.00209432234988, 0.00678075291216, -0.0107070878148, 0.0102141024545, 0.00139554950874, -0.0122755682096, 0.0260156020522, -0.0169302020222, 0.00835371762514, 0.00279943062924], [0.0080197006464, -0.0151805942878, 0.00886843632907, 0.000265442824457, -0.00341454264708, 0.0085242362693, -0.0125935170799, 0.00999747496098, 0.0018195429584, -0.0169302020222, 0.0311571825296, -0.0216688252985, 0.0122872749344], [-0.00561826163903, 0.012434059754, -0.00735628651455, 0.00173516781069, 7.5478310464e-06, -0.00152788613923, 0.00889695249498, -0.0099186534062, 0.00872307270765, 0.00835371762514, -0.0216688252985, 0.0322341732681, -0.0168155487627], [0.00298987445422, -0.00712387217209, 0.00688915513456, -0.00374341499992, 0.00287083745934, -0.00322334468365, -0.00404940592125, 0.00787466857582, -0.00630745384842, 0.00279943062924, 0.0122872749344, -0.0168155487627, 0.0260553639382]]
    },
    "melbands": {
        "max": [0.00558336218819, 0.0656016170979, 0.0263713411987, 0.0145650282502, 0.00930235907435, 0.00475852331147, 0.00420559523627, 0.00560179864988, 0.00491578271613, 0.00336224050261, 0.00110134575516, 0.00214955653064, 0.00526689039543, 0.00192551396322, 0.0019934324082, 0.00341622694395, 0.00272319256328, 0.00239319261163, 0.00474234996364, 0.00243239174597, 0.000760929717217, 0.00138698378578, 0.00187415885739, 0.000258695072262, 0.000290183466859, 0.0001043006705, 8.40270004119e-05, 5.36295156053e-05, 3.74411320081e-05, 4.10204193031e-05, 3.83861515729e-05, 1.72334603121e-05, 9.09659229364e-06, 4.09398398915e-06, 3.95211571913e-07, 3.36471259743e-07, 3.19807526239e-07, 3.18116946119e-07, 3.32347781296e-07, 3.55432945298e-07],
        "mean": [2.29895103985e-05, 0.000209923120565, 0.000147028098581, 6.92575267749e-05, 4.70747581858e-05, 5.3565025155e-05, 0.000122361074318, 0.000389289169107, 0.00017355318414, 0.000271121738479, 9.81341436272e-05, 0.000207874007174, 0.000322391599184, 0.000194913081941, 0.000186110119103, 0.00019980694924, 0.000127881532535, 0.000191119383089, 0.00017406824918, 8.53976016515e-05, 5.63261164643e-05, 3.95073402615e-05, 2.73500481853e-05, 1.31316410261e-05, 9.09276332095e-06, 6.55325129628e-06, 5.45505372429e-06, 4.59972670797e-06, 3.7338159018e-06, 2.81561528936e-06, 2.01147895496e-06, 1.37813321999e-06, 8.08933805274e-07, 2.79635656852e-07, 1.05234207126e-07, 1.20204262544e-07, 1.24266009038e-07, 1.27592244326e-07, 1.38953268447e-07, 1.56763391601e-07],
        "min": [2.09785099514e-07, 2.04055936592e-07, 2.63614367668e-07, 3.61000871862e-07, 2.4792919362e-07, 1.0437243958e-07, 6.47299742695e-08, 1.16601839295e-07, 9.78287673092e-08, 2.70535238656e-08, 2.88355970213e-08, 6.55518306303e-08, 3.51985036673e-08, 3.52625306732e-08, 1.06900763797e-08, 1.6951716475e-08, 2.94964550562e-08, 2.0058205763e-08, 1.48000962596e-08, 2.42901183611e-08, 2.76798122201e-08, 3.11692645028e-08, 2.89357657834e-08, 1.89623694524e-08, 1.45387977213e-08, 1.16916121229e-08, 9.42096267664e-09, 4.84928319722e-09, 4.45868142407e-09, 1.1723019e-08, 1.09036539797e-08, 1.0849758425e-08, 8.20928480749e-09, 4.55531168342e-09, 3.8177394579e-09, 5.02306107819e-09, 3.37199868028e-09, 3.4402565241e-09, 2.99276803339e-09, 2.55551246831e-09],
        "stdev": [0.000223770155571, 0.00296288658865, 0.0013803037582, 0.000592756085098, 0.000256444851402, 0.000147341241245, 0.000321744155372, 0.000797172426246, 0.000363343104254, 0.000425704929512, 0.000131830442115, 0.000298592582112, 0.000638171739411, 0.000265337002929, 0.00025312564685, 0.000293309771223, 0.00024747569114, 0.000297750579193, 0.000262571527855, 0.000169508857653, 0.000105978178908, 8.49948992254e-05, 8.83920438355e-05, 2.48686792474e-05, 1.76043558895e-05, 1.15960656331e-05, 9.1103675004e-06, 7.76674187364e-06, 6.27271765552e-06, 4.78802849102e-06, 3.44583168044e-06, 2.24230575441e-06, 1.24336986573e-06, 3.5784131569e-07, 4.73619188313e-08, 4.29191722162e-08, 3.8371801736e-08, 3.96440356099e-08, 3.95691834854e-08, 4.20062917783e-08]
    },
    "melbands128": {
        "max": [0.000314743694616, 0.000429841864388, 0.00233422708698, 0.0258516799659, 0.084694057703, 0.0980620756745, 0.0372606292367, 0.0316537320614, 0.022301889956, 0.0173994079232, 0.0114705106243, 0.00880835950375, 0.00864815525711, 0.0104965604842, 0.00477464077994, 0.0020107650198, 0.00248091481626, 0.00801547802985, 0.00203096494079, 0.00761830620468, 0.00762422615662, 0.00195139751304, 0.00890287011862, 0.00810856558383, 0.00661358423531, 0.00322214141488, 0.00161152146757, 0.00153396045789, 0.00139732926618, 0.0051346141845, 0.00253136036918, 0.00175801187288, 0.00640991609544, 0.0102600930259, 0.00137233466376, 0.00431458093226, 0.00213582254946, 0.00219342089258, 0.0055625718087, 0.00552536081523, 0.00443939678371, 0.00248103542253, 0.00535600678995, 0.00188187870663, 0.00136761879548, 0.00550649594516, 0.00256070285104, 0.0070162913762, 0.00616840366274, 0.00271574989893, 0.00442702556029, 0.0012265262194, 0.00132038258016, 0.00138585746754, 0.00110348442104, 0.000685315346345, 0.00419658701867, 0.004036183469, 0.000371316622477, 0.000373052782379, 0.00021576252766, 0.000371336063836, 0.000275886093732, 0.000351236318238, 0.000155727670062, 0.0001184806315, 0.000110187742393, 9.05359484022e-05, 0.000110559805762, 8.15855892142e-05, 7.25010904716e-05, 6.94062255207e-05, 5.5309952586e-05, 5.5426840845e-05, 7.06982900738e-05, 3.92873080273e-05, 0.000104107995867, 4.90785823786e-05, 4.34935464e-05, 3.17874328175e-05, 2.05190153793e-05, 2.23350307351e-05, 1.57891208801e-05, 1.35616373882e-05, 7.97152824816e-06, 6.43047042104e-06, 2.1115661184e-06, 6.64477113332e-07, 5.32602030034e-07, 5.4600218391e-07, 5.16419220276e-07, 4.22038027637e-07, 5.0873256896e-07, 3.9910011651e-07, 6.05790887676e-07, 4.44381925035e-07, 4.99815371313e-07, 4.92735239277e-07, 4.46350810535e-07, 4.89707531415e-07, 4.04354011607e-07, 5.49336050426e-07, 5.41378824437e-07, 5.42785869584e-07, 4.09889423736e-07, 3.50668955207e-07, 3.87356294596e-07, 2.19301284687e-07, 2.6405999165e-07, 9.05234642801e-08, 8.21181487254e-08, 5.05484649693e-08, 2.7412212944e-08, 1.227208557e-08, 2.56846655056e-09, 5.23350607295e-08, 1.24453094941e-07, 1.63209445958e-09, 1.16269327499e-09, 1.17464449279e-09, 1.10634790218e-09, 1.04105624121e-09, 9.84317405361e-10, 1.06595210436e-09, 1.01693331533e-09, 9.88981452288e-10, 9.73678471183e-10, 9.69937796746e-10],
        "mean": [2.70889063358e-06, 8.44580972625e-06, 1.58523871505e-05, 7.8523036791e-05, 0.000252787198406, 0.000298715371173, 0.000172639789525, 0.000109412671009, 9.07834546524e-05, 6.63693936076e-05, 5.69137264392e-05, 5.27888987563e-05, 4.04240490752e-05, 4.44093748229e-05, 5.49799769942e-05, 5.25517680217e-05, 8.08704207884e-05, 0.000152458276716, 0.000126274549984, 0.000496243534144, 0.000502143462654, 8.26239920571e-05, 0.000111915171146, 0.000267034076387, 0.000388697109884, 0.00024382819538, 6.0491678596e-05, 5.80823398195e-05, 0.000116635463201, 0.000297338207019, 0.000212679224205, 0.000120574193716, 0.00035707547795, 0.00052357459208, 0.000100385397673, 0.00019708176842, 0.000141360913403, 0.000127269842778, 0.000273619167274, 0.000259782595094, 0.000184811273357, 8.46033290145e-05, 0.00017415023467, 0.000111938730697, 7.74407089921e-05, 0.000298391212709, 0.000183210431715, 0.000244400114752, 0.000115853727038, 8.95445482456e-05, 9.31808681344e-05, 6.71013185638e-05, 6.04933738941e-05, 5.24060415046e-05, 4.27713457611e-05, 3.50699592673e-05, 4.00966746383e-05, 3.71698515664e-05, 1.96668170247e-05, 1.54643694259e-05, 1.30506496134e-05, 1.12234874905e-05, 9.79107335297e-06, 8.67647577252e-06, 7.53834319767e-06, 6.6153552325e-06, 5.83805513088e-06, 5.60559146834e-06, 5.48342177353e-06, 5.11738517162e-06, 4.72411784358e-06, 4.27892609878e-06, 3.95713323087e-06, 3.75372201233e-06, 3.381597935e-06, 2.77488425127e-06, 2.7295777727e-06, 2.29531110563e-06, 1.94854055735e-06, 1.67300197518e-06, 1.50436471813e-06, 1.2690567246e-06, 1.00974898487e-06, 8.28384713714e-07, 5.8904333855e-07, 3.70913085135e-07, 1.6223862076e-07, 9.20127618542e-08, 1.01582465106e-07, 1.18944171845e-07, 9.97232163513e-08, 1.21263440178e-07, 1.5329128189e-07, 1.05366495973e-07, 1.36508347737e-07, 1.05042836651e-07, 1.40882960409e-07, 1.33052054707e-07, 1.34029107812e-07, 1.47996686906e-07, 1.39510021313e-07, 1.66223927067e-07, 1.51311922991e-07, 1.74763201244e-07, 1.27936118588e-07, 1.12910498729e-07, 9.1059931151e-08, 6.01987935056e-08, 3.67100732035e-08, 2.1572457598e-08, 1.21886323257e-08, 3.65094843247e-09, 5.30401944587e-10, 2.02729444343e-10, 8.60138904546e-11, 8.50285353238e-09, 1.90099811448e-08, 6.27737584136e-11, 2.91810117736e-11, 2.86948312334e-11, 3.38082062346e-11, 3.08044457997e-11, 1.871042557e-11, 1.75968666721e-11, 1.80130979577e-11, 7.94835985224e-12, 2.5154752413e-12, 2.39435749873e-12],
        "min": [1.87074511437e-09, 9.04612296182e-09, 7.05342060314e-08, 5.14626350423e-08, 2.22552856144e-08, 8.15232965579e-08, 5.1939966994e-08, 2.48050582741e-07, 1.38123937177e-07, 1.15638187026e-07, 3.37859233923e-08, 3.56769760401e-08, 1.90715248038e-08, 9.85180577118e-08, 9.39266016076e-08, 3.96159691718e-08, 5.00230328271e-08, 5.00989578711e-08, 8.74113226246e-08, 1.79922139409e-08, 4.55394371102e-08, 5.17859213289e-08, 7.60404432754e-08, 2.11110773307e-08, 1.750327705e-08, 3.44661366114e-08, 3.25960449743e-08, 9.06256314437e-09, 6.74895694885e-09, 1.94670288778e-08, 3.95541768228e-08, 3.26314797405e-08, 1.42309852791e-08, 1.89680662288e-08, 6.07791461604e-09, 8.5507920744e-09, 9.09373554236e-09, 2.36725794522e-09, 1.60481388178e-08, 1.04337365414e-08, 6.66725252785e-09, 2.47079157134e-08, 1.16806040396e-08, 8.06952726862e-09, 1.17021752288e-08, 1.1114225984e-08, 4.33855928961e-09, 8.60631033106e-09, 3.78265641032e-09, 6.48533005077e-09, 1.482898071e-08, 1.51810333193e-08, 1.16408738204e-09, 8.07146349757e-09, 1.19398908538e-08, 1.06602984218e-08, 9.08732467053e-09, 9.62008606109e-09, 6.4401217692e-09, 9.81461312222e-09, 6.05700378742e-09, 8.94461482659e-09, 8.33924840293e-09, 1.04088710984e-08, 1.09772875234e-08, 1.09473985432e-08, 5.83798343001e-09, 9.63374269247e-09, 8.77652439613e-09, 2.48993248242e-09, 7.16092962705e-09, 4.07032452188e-09, 1.34003030894e-09, 3.51598417048e-09, 8.07536260083e-09, 1.28527126719e-08, 7.04422387088e-09, 8.67024141371e-09, 1.37795890254e-08, 7.10252479053e-09, 8.24882206985e-09, 7.11517955665e-09, 1.42737484055e-08, 4.65497951296e-09, 1.52255730246e-09, 3.35431371568e-09, 7.56718065986e-09, 2.19877716034e-09, 1.93785787417e-09, 2.54202392469e-09, 4.94771912329e-09, 2.91171287081e-09, 4.04298861056e-09, 2.16137641118e-09, 1.54715362743e-09, 2.77166317675e-10, 5.58154988894e-09, 4.61544358288e-09, 2.63143751233e-09, 2.53222798285e-09, 1.37792854904e-09, 2.03100603002e-09, 4.39489422632e-09, 5.85719694968e-09, 4.28585344991e-09, 1.79639567111e-10, 1.99330534717e-11, 8.28510090395e-12, 2.89092903262e-12, 2.01836941258e-12, 1.79275702356e-12, 2.81380431108e-12, 1.68915044712e-12, 1.73622162654e-12, 1.6265063298e-12, 2.21301384336e-12, 2.30679212711e-12, 1.90269263019e-12, 1.55757622512e-12, 2.11836819787e-12, 1.81706863098e-12, 1.77966810126e-12, 1.34379877018e-12, 1.47223813002e-12, 1.18160461884e-12, 3.76770121178e-13, 5.08391309465e-14, 1.76730925697e-15],
        "stdev": [8.03567309049e-06, 1.2901129594e-05, 8.80617080838e-05, 0.00105573399924, 0.00384007231332, 0.00423949677497, 0.00177298195194, 0.00109029456507, 0.000924105406739, 0.000672544585541, 0.000372020585928, 0.000253618811257, 0.000259932741756, 0.000270885560894, 0.000162475815159, 0.000111454486614, 0.000216081025428, 0.000600661907811, 0.000216949614696, 0.00108206446748, 0.00110267358832, 0.000132076878799, 0.000476822635392, 0.000872122822329, 0.000734931381885, 0.000408680498367, 0.000125549122458, 0.000117787625641, 0.000197231187485, 0.000670255802106, 0.000321213796269, 0.000186736288015, 0.000777716632001, 0.00123492116109, 0.000166429628734, 0.000457926071249, 0.000265463342657, 0.000225516603678, 0.000573221186642, 0.000482799252495, 0.000347256602254, 0.00017486436991, 0.000436674250523, 0.000211474936805, 0.000154468914843, 0.000640749116428, 0.000275743601378, 0.000517823442351, 0.000297076505376, 0.000209895923035, 0.000218865126953, 0.000137642055051, 0.000128224332002, 0.000108917818579, 8.92791722436e-05, 7.42611955502e-05, 0.000168372658663, 0.000187947109225, 4.05902719649e-05, 3.27492962242e-05, 2.63398469542e-05, 2.47685657087e-05, 2.04251755349e-05, 1.88506546692e-05, 1.50663763634e-05, 1.29007576106e-05, 1.13641635835e-05, 1.03898310044e-05, 9.83799509413e-06, 9.61719706538e-06, 8.74575744092e-06, 7.76158958615e-06, 7.31291720513e-06, 6.73629665471e-06, 6.41498445475e-06, 4.89627655043e-06, 5.77120681555e-06, 4.33055083704e-06, 3.66010726793e-06, 2.95314339382e-06, 2.66677943728e-06, 2.22983157983e-06, 1.72104614649e-06, 1.4061024558e-06, 9.51703725605e-07, 5.74148771193e-07, 1.52959344746e-07, 5.81366741415e-08, 6.00466876222e-08, 7.09854290903e-08, 5.83096415596e-08, 5.71349367817e-08, 6.75407676454e-08, 4.99318311142e-08, 6.78875125004e-08, 5.31241575175e-08, 6.10200387996e-08, 5.61477975225e-08, 5.55296004734e-08, 6.30862544426e-08, 5.60323201171e-08, 6.68109976232e-08, 5.88606106078e-08, 6.49123350627e-08, 5.66607880614e-08, 5.17764142671e-08, 4.90877809511e-08, 3.5258462816e-08, 2.82658216832e-08, 1.89457320943e-08, 1.48386138932e-08, 6.36053609782e-09, 1.9666046569e-09, 7.82852394021e-10, 1.47001508188e-10, 1.03493302817e-08, 2.3531157467e-08, 9.71164260122e-11, 3.53512288886e-11, 3.90044004039e-11, 4.17085983806e-11, 4.54535263594e-11, 3.16011487811e-11, 3.02822628084e-11, 2.86508022168e-11, 2.37669432746e-11, 2.15458345609e-11, 2.14652167568e-11]
    },
    "mfcc": {
        "mean": [-693.022888184, 113.238349915, -36.0574378967, -29.3960704803, -10.9207811356, 4.69836759567, 0.544474601746, -10.4921770096, 4.18118715286, 3.14404559135, 3.75316762924, -1.35186815262, 0.614274859428],
        "cov": [[4756.77880859, -114.182052612, -2518.95361328, 940.438720703, -214.953842163, -91.1249542236, -286.734313965, -176.046951294, 147.430953979, -542.683105469, -164.397109985, -129.592086792, 7.00509119034], [-114.182052612, 570.329406738, 199.961273193, -685.231933594, -179.415802002, 46.061290741, 73.1965484619, 0.866069555283, -20.6792888641, 168.410949707, 76.0671539307, 38.4379806519, 43.1497802734], [-2518.95361328, 199.961273193, 1668.36450195, -330.623474121, 11.9715890884, -60.2869529724, 148.975708008, 106.935836792, -130.066955566, 213.878585815, 71.4625930786, 75.3488082886, -30.8010540009], [940.438720703, -685.231933594, -330.623474121, 1454.7935791, 197.10383606, -219.488693237, -192.478515625, -28.8080844879, 3.78155994415, -418.881561279, -148.853790283, -58.8412322998, -93.2662734985], [-214.953842163, -179.415802002, 11.9715890884, 197.10383606, 231.928451538, 56.7784538269, -40.3943862915, -22.8484039307, 17.0895881653, 19.1666545868, 0.66652649641, -1.73080217838, -5.99346590042], [-91.1249542236, 46.061290741, -60.2869529724, -219.488693237, 56.7784538269, 183.420303345, 93.3826599121, -17.3390388489, -17.8446807861, 60.8807678223, 12.6511745453, -14.6698942184, 30.6406917572], [-286.734313965, 73.1965484619, 148.975708008, -192.478515625, -40.3943862915, 93.3826599121, 176.498550415, 69.0960922241, -50.7173309326, -6.74405813217, -26.4079170227, -5.71068668365, 18.097448349], [-176.046951294, 0.866069555283, 106.935836792, -28.8080844879, -22.8484039307, -17.3390388489, 69.0960922241, 137.747833252, 48.6540336609, -35.4896850586, -61.0276985168, -32.6693267822, -20.7611064911], [147.430953979, -20.6792888641, -130.066955566, 3.78155994415, 17.0895881653, -17.8446807861, -50.7173309326, 48.6540336609, 153.130081177, 69.4953765869, -18.4495487213, -61.6497383118, -38.8132133484], [-542.683105469, 168.410949707, 213.878585815, -418.881561279, 19.1666545868, 60.8807678223, -6.74405813217, -35.4896850586, 69.4953765869, 307.955780029, 129.999160767, 9.69071483612, -13.2614545822], [-164.397109985, 76.0671539307, 71.4625930786, -148.853790283, 0.66652649641, 12.6511745453, -26.4079170227, -61.0276985168, -18.4495487213, 129.999160767, 146.538299561, 80.7479553223, 3.36944770813], [-129.592086792, 38.4379806519, 75.3488082886, -58.8412322998, -1.73080217838, -14.6698942184, -5.71068668365, -32.6693267822, -61.6497383118, 9.69071483612, 80.7479553223, 139.58694458, 65.7313690186], [7.00509119034, 43.1497802734, -30.8010540009, -93.2662734985, -5.99346590042, 30.6406917572, 18.097448349, -20.7611064911, -38.8132133484, -13.2614545822, 3.36944770813, 65.7313690186, 111.951934814]],
        "icov": [[0.0109543893486, -0.0148062342778, 0.0154260834679, -0.0121005643159, 0.0100007196888, -0.0054510012269, 0.00347844185308, -0.000879783183336, 0.000668402703013, 0.00010432034469, 0.00109405664261, -0.000506580981892, 0.000995050300844], [-0.0148062342778, 0.02512123622, -0.0213575419039, 0.0190245583653, -0.0118858423084, 0.00817942433059, -0.00465719262138, 0.00296833389439, -0.00215835100971, 0.00175928371027, -0.00270054675639, 0.00134181196336, -0.00160100031644], [0.0154260834679, -0.0213575419039, 0.023364584893, -0.0177266914397, 0.0135486591607, -0.00633022701368, 0.00465308688581, -0.00426100660115, 0.00535170966759, -0.00408766558394, 0.00370923290029, -0.00166311324574, 0.00207845075056], [-0.0121005643159, 0.0190245583653, -0.0177266914397, 0.0184108167887, -0.0147281242535, 0.011396788992, -0.00673357024789, 0.00702881347388, -0.00607713172212, 0.00850549805909, -0.00547942100093, 0.00340133486316, -0.000561968772672], [0.0100007196888, -0.0118858423084, 0.0135486591607, -0.0147281242535, 0.0223662741482, -0.0178441684693, 0.0130849378183, -0.0075089619495, 0.0052979728207, -0.00789550505579, 0.0076973666437, -0.00651891436428, 0.0024840021506], [-0.0054510012269, 0.00817942433059, -0.00633022701368, 0.011396788992, -0.0178441684693, 0.0295364167541, -0.0218865387142, 0.0139926094562, -0.00706618977711, 0.00703952321783, -0.00893568061292, 0.0102361561731, -0.00532197020948], [0.00347844185308, -0.00465719262138, 0.00465308688581, -0.00673357024789, 0.0130849378183, -0.0218865387142, 0.0306431762874, -0.022178452462, 0.0171806104481, -0.00895843282342, 0.00758137973025, -0.00396966468543, 0.00186995055992], [-0.000879783183336, 0.00296833389439, -0.00426100660115, 0.00702881347388, -0.0075089619495, 0.0139926094562, -0.022178452462, 0.0356204807758, -0.0267038084567, 0.0181432720274, -0.00318171270192, 3.64673032891e-05, 0.00251896423288], [0.000668402703013, -0.00215835100971, 0.00535170966759, -0.00607713172212, 0.0052979728207, -0.00706618977711, 0.0171806104481, -0.0267038084567, 0.0355607941747, -0.0241905432194, 0.0117514878511, -0.000342651532264, 0.00099856487941], [0.00010432034469, 0.00175928371027, -0.00408766558394, 0.00850549805909, -0.00789550505579, 0.00703952321783, -0.00895843282342, 0.0181432720274, -0.0241905432194, 0.0326553545892, -0.0232874192297, 0.0118852797896, -0.00305590964854], [0.00109405664261, -0.00270054675639, 0.00370923290029, -0.00547942100093, 0.0076973666437, -0.00893568061292, 0.00758137973025, -0.00318171270192, 0.0117514878511, -0.0232874192297, 0.0391575954854, -0.0262881740928, 0.0140421260148], [-0.000506580981892, 0.00134181196336, -0.00166311324574, 0.00340133486316, -0.00651891436428, 0.0102361561731, -0.00396966468543, 3.64673032891e-05, -0.000342651532264, 0.0118852797896, -0.0262881740928, 0.0318386889994, -0.0172249749303], [0.000995050300844, -0.00160100031644, 0.00207845075056, -0.000561968772672, 0.0024840021506, -0.00532197020948, 0.00186995055992, 0.00251896423288, 0.00099856487941, -0.00305590964854, 0.0140421260148, -0.0172249749303, 0.0210203472525]]
    },
    "spectral_contrast_coeffs": {
        "max": [-0.415973365307, -0.431506335735, -0.450369983912, -0.461371392012, -0.579861760139, -0.573453187943],
        "mean": [-0.755173265934, -0.730555593967, -0.729514122009, -0.728617608547, -0.831969916821, -0.788970708847],
        "min": [-0.899064123631, -0.95292198658, -0.92726624012, -0.918071627617, -0.899304389954, -0.87797921896],
        "stdev": [0.063891351223, 0.127210229635, 0.118104726076, 0.111079595983, 0.0410908721387, 0.0764443427324]
    },
    "spectral_contrast_valleys": {
        "max": [-5.02852106094, -4.83533334732, -4.94969797134, -5.00160360336, -5.72832727432, -10.0952739716],
        "mean": [-8.26761817932, -7.18576002121, -7.4373550415, -7.6241569519, -8.03920269012, -10.5389089584],
        "min": [-9.61952877045, -10.0431995392, -10.163433075, -10.3124704361, -9.92695331573, -12.1279115677],
        "stdev": [0.501654922962, 0.787721574306, 1.10671257973, 1.3417494297, 1.15949940681, 0.145324021578]
    }
},
"rhythm": {
    "beats_count": 93,
    "beats_loudness": {
        "max": 0.0697830170393,
        "mean": 0.0210808794945,
        "min": 0.000120437551232,
        "stdev": 0.0137824276462
    },
    "bpm": 125.940826416,
    "bpm_histogram_first_peak_bpm": 126,
    "bpm_histogram_first_peak_weight": 0.523809552193,
    "bpm_histogram_second_peak_bpm": 120,
    "bpm_histogram_second_peak_spread": 0.266666710377,
    "bpm_histogram_second_peak_weight": 0.119565218687,
    "danceability": 0.891864180565,
    "onset_rate": 2.1943359375,
    "beats_loudness_band_ratio": {
        "max": [0.939902961254, 0.428630501032, 0.975389540195, 0.964428365231, 0.759646832943, 0.384757965803],
        "mean": [0.0599168650806, 0.0501099303365, 0.224402621388, 0.356988877058, 0.28512352705, 0.0394221358001],
        "min": [0.0010370843811, 0.000576160440687, 0.0117712747306, 0.00646352535114, 0.000635931559373, 0.00109284033533],
        "stdev": [0.14786157012, 0.0906124040484, 0.205612540245, 0.228106498718, 0.207038894296, 0.0628505721688]
    },
