{
"metadata": {
    "version": {
        "essentia": "2.1-beta5",
        "essentia_git_sha": "Undefined",
        "extractor": "music 2.0"
    },
    "audio_properties": {
        "analysis": {
            "equal_loudness": 0,
            "length": 29.0017242432,
            "sample_rate": 44100,
            "start_time": 0,
            "downmix": "mix"
        },
        "bit_rate": 192000,
        "length": 213.066314697,
        "lossless": 0,
        "number_channels": 2,
        "replay_gain": -2.93590354919,
        "sample_rate": 48000,
        "codec": "mp3",
        "md5_encoded": "1820bfaf561fcd13b1ba873c1f918dc9"
    },
    "tags": {
        "file_name": "Ireland_Happy Man_Cathal Dunne.mp3",
        "encoding": ["Lavf58.29.100"]
    }
},
"lowlevel": {
    "average_loudness": 0.92438608408,
    "barkbands_crest": {
        "max": 21.3295192719,
        "mean": 7.86618757248,
        "min": 2.62011241913,
        "stdev": 3.86510133743
    },
    "barkbands_flatness_db": {
        "max": 0.314409345388,
        "mean": 0.137148454785,
        "min": 0.0465828888118,
        "stdev": 0.0406699515879
    },
    "barkbands_kurtosis": {
        "max": 81.9382705688,
        "mean": 2.91870141029,
        "min": -1.78943431377,
        "stdev": 7.72318696976
    },
    "barkbands_skewness": {
        "max": 7.54113340378,
        "mean": 0.893513262272,
        "min": -1.81774818897,
        "stdev": 1.31988847256
    },
    "barkbands_spread": {
        "max": 52.7553405762,
        "mean": 18.9191379547,
        "min": 2.34825873375,
        "stdev": 9.67706012726
    },
    "dissonance": {
        "max": 0.500000059605,
        "mean": 0.473276227713,
        "min": 0.327668726444,
        "stdev": 0.0254097059369
    },
    "dynamic_complexity": 3.16206359863,
    "erbbands_crest": {
        "max": 26.5436401367,
        "mean": 8.66300678253,
        "min": 2.93461942673,
        "stdev": 4.24102544785
    },
    "erbbands_flatness_db": {
        "max": 0.299873322248,
        "mean": 0.194799542427,
        "min": 0.082802683115,
        "stdev": 0.043787099421
    },
    "erbbands_kurtosis": {
        "max": 10.6573677063,
        "mean": 0.593295037746,
        "min": -1.54472756386,
        "stdev": 1.19673120975
    },
    "erbbands_skewness": {
        "max": 2.36425328255,
        "mean": 0.107829220593,
        "min": -2.71887373924,
        "stdev": 0.532874166965
    },
    "erbbands_spread": {
        "max": 77.2792510986,
        "mean": 26.7934589386,
        "min": 6.68611335754,
        "stdev": 12.6628627777
    },
    "hfc": {
        "max": 105.593818665,
        "mean": 23.1085758209,
        "min": 1.16884630725e-16,
        "stdev": 16.3382263184
    },
    "loudness_ebu128": {
        "integrated": -20.5484657288,
        "loudness_range": 5.2611579895,
        "momentary": {
            "max": -17.8340377808,
            "mean": -22.3361434937,
            "min": -44.7280883789,
            "stdev": 5.45787191391
        },
        "short_term": {
            "max": -19.2576217651,
            "mean": -21.4354248047,
            "min": -32.908996582,
            "stdev": 2.60758471489
        }
    },
    "melbands_crest": {
        "max": 29.6703128815,
        "mean": 11.1339111328,
        "min": 2.85598921776,
        "stdev": 5.94564247131
    },
    "melbands_flatness_db": {
        "max": 0.412028670311,
        "mean": 0.171389997005,
        "min": 0.00556022347882,
        "stdev": 0.0751856639981
    },
    "melbands_kurtosis": {
        "max": 153.841506958,
        "mean": 7.13589286804,
        "min": -1.65724372864,
        "stdev": 14.2395992279
    },
    "melbands_skewness": {
        "max": 8.40904903412,
        "mean": 1.58557188511,
        "min": -0.725086867809,
        "stdev": 1.58929681778
    },
    "melbands_spread": {
        "max": 123.163589478,
        "mean": 27.7309913635,
        "min": 1.65615582466,
        "stdev": 14.4136962891
    },
    "pitch_salience": {
        "max": 0.933040618896,
        "mean": 0.607965946198,
        "min": 0.258853644133,
        "stdev": 0.145012766123
    },
    "silence_rate_20dB": {
        "max": 1,
        "mean": 1,
        "min": 1,
        "stdev": 0
    },
    "silence_rate_30dB": {
        "max": 1,
        "mean": 0.995199978352,
        "min": 0,
        "stdev": 0.069114997983
    },
    "silence_rate_60dB": {
        "max": 1,
        "mean": 0.0887999981642,
        "min": 0,
        "stdev": 0.284458607435
    },
    "spectral_centroid": {
        "max": 10401.8818359,
        "mean": 1544.41699219,
        "min": 226.612106323,
        "stdev": 684.673828125
    },
    "spectral_complexity": {
        "max": 50,
        "mean": 24.4176006317,
        "min": 0,
        "stdev": 11.6208190918
    },
    "spectral_decrease": {
        "max": -4.47970432377e-29,
        "mean": -6.42724762301e-09,
        "min": -4.2388403898e-08,
        "stdev": 5.61065194304e-09
    },
    "spectral_energy": {
        "max": 0.164369955659,
        "mean": 0.0263539366424,
        "min": 1.0770856081e-20,
        "stdev": 0.0218957923353
    },
    "spectral_energyband_high": {
        "max": 0.0104558216408,
        "mean": 0.000686523562763,
        "min": 7.69784133123e-21,
        "stdev": 0.00104897771962
    },
    "spectral_energyband_low": {
        "max": 0.100448295474,
        "mean": 0.00889730267227,
        "min": 4.44467868274e-23,
        "stdev": 0.0143367107958
    },
    "spectral_energyband_middle_high": {
        "max": 0.0406033396721,
        "mean": 0.00919738132507,
        "min": 1.74904493052e-21,
        "stdev": 0.00679248664528
    },
    "spectral_energyband_middle_low": {
        "max": 0.105618037283,
        "mean": 0.00934503227472,
        "min": 2.87858752194e-22,
        "stdev": 0.0122113758698
    },
    "spectral_entropy": {
        "max": 9.79217433929,
        "mean": 7.56029462814,
        "min": 6.08970928192,
        "stdev": 0.393340379
    },
    "spectral_flux": {
        "max": 0.290331184864,
        "mean": 0.0796219334006,
        "min": 1.03782732408e-10,
        "stdev": 0.042830798775
    },
    "spectral_kurtosis": {
        "max": 41.4801826477,
        "mean": 4.03112125397,
        "min": -1.16900026798,
        "stdev": 3.38435149193
    },
    "spectral_rms": {
        "max": 0.012663369067,
        "mean": 0.00462948018685,
        "min": 3.2416281031e-12,
        "stdev": 0.00206860085018
    },
    "spectral_rolloff": {
        "max": 18540.0878906,
        "mean": 1694.4050293,
        "min": 107.666015625,
        "stdev": 1011.13623047
    },
    "spectral_skewness": {
        "max": 4.82012271881,
        "mean": 1.36034297943,
        "min": 0.0692127794027,
        "stdev": 0.433516889811
    },
    "spectral_spread": {
        "max": 38777080,
        "mean": 3313088,
        "min": 1572976.375,
        "stdev": 1272565.125
    },
    "spectral_strongpeak": {
        "max": 7.18312597275,
        "mean": 1.1269929409,
        "min": 8.19965373378e-10,
        "stdev": 1.19008040428
    },
    "zerocrossingrate": {
        "max": 0.49609375,
        "mean": 0.063369140029,
        "min": 0.00830078125,
        "stdev": 0.0301430616528
    },
    "barkbands": {
        "max": [0.0076274452731, 0.0545225180686, 0.0829404070973, 0.0856794565916, 0.070217885077, 0.028505673632, 0.0252187252045, 0.0120683768764, 0.0110992994159, 0.0108086187392, 0.00680026039481, 0.0299765896052, 0.0177828893065, 0.0109438393265, 0.0132110230625, 0.00901195593178, 0.0103374104947, 0.00292900740169, 0.00217590038665, 0.00328112835996, 0.00288199842907, 0.00319950142875, 0.00343358074315, 0.0016743602464, 0.000104484512121, 3.09785150421e-06, 5.00256146552e-06],
        "mean": [0.000199245972908, 0.00259904679842, 0.00443436019123, 0.00275867758319, 0.00243957526982, 0.00103387760464, 0.00119162374176, 0.000893960299436, 0.000808131007943, 0.00106220867019, 0.000478452479001, 0.00190478097647, 0.00101233564783, 0.000932560185902, 0.00145405926742, 0.000855505641084, 0.000805938616395, 0.000383017264539, 0.000308062211843, 0.000218859582674, 0.000239568093093, 0.000160764087923, 0.000104423234006, 6.85142731527e-05, 5.0735293371e-06, 3.37827792407e-08, 1.30138244003e-06],
        "min": [3.43568551083e-23, 1.49896588197e-23, 1.20320993792e-23, 1.84668298944e-23, 4.73644267507e-23, 7.35862263491e-23, 5.47605783388e-23, 3.31568335884e-23, 5.20149227146e-23, 3.01904704602e-23, 6.34608116665e-23, 4.48104801037e-23, 1.03704948332e-22, 1.07573061517e-22, 1.47201394427e-22, 1.46187941667e-22, 4.17506136079e-22, 2.36000828577e-22, 3.02460302493e-22, 2.88736924776e-22, 3.76087833599e-22, 7.06789028332e-22, 6.70432360342e-22, 8.44890224331e-22, 1.12775716569e-21, 1.69711551717e-21, 2.33847856773e-21],
        "stdev": [0.000662866281345, 0.00525564979762, 0.00942487176508, 0.00638388004154, 0.00470549380407, 0.00200821901672, 0.00237507140264, 0.0014581780415, 0.0012753958581, 0.00142445182428, 0.000631546776276, 0.00292666186579, 0.00172281719279, 0.00124506966677, 0.00167485582642, 0.00101851380896, 0.000851579476148, 0.000399420765461, 0.00033481940045, 0.000299063889543, 0.000313132768497, 0.000285351008642, 0.000221807975322, 0.000138910967507, 9.59860426519e-06, 1.05220586022e-07, 8.67922892667e-07]
    },
    "erbbands": {
        "max": [2.89842176437, 10.6992788315, 79.8667831421, 205.326477051, 338.342529297, 147.822296143, 188.009017944, 302.644744873, 246.665252686, 765.799377441, 329.947418213, 284.568206787, 313.353851318, 392.054321289, 402.42074585, 1530.83789062, 939.966430664, 486.669769287, 788.942871094, 625.880126953, 519.457214355, 338.62701416, 151.237472534, 101.541343689, 135.874298096, 121.433815002, 164.213134766, 75.7336425781, 106.533866882, 129.616989136, 72.2620849609, 36.3390693665, 19.8202209473, 4.74851942062, 0.113880395889, 0.0127843106166, 0.00600417563692, 0.00574975227937, 0.000593755743466, 0.000183377836947],
        "mean": [0.0853569880128, 0.603081703186, 4.19214200974, 8.27258586884, 8.52939319611, 6.84309148788, 10.0751552582, 7.30983495712, 15.0758686066, 16.2999763489, 22.4799785614, 18.4753761292, 23.8453598022, 35.760635376, 31.8987350464, 84.9898223877, 51.7510757446, 43.839466095, 77.2492675781, 60.1927452087, 52.2863731384, 39.4361572266, 23.9544086456, 13.9951906204, 16.5914154053, 11.0570707321, 10.2294502258, 7.76570463181, 5.68481254578, 4.6180896759, 2.76120281219, 1.66554296017, 0.937311530113, 0.158007368445, 0.00415123999119, 0.000293121876894, 0.000392450223444, 0.00208428688347, 6.93307956681e-05, 3.32598683599e-05],
        "min": [6.35601715374e-22, 2.75734780496e-21, 8.92546379417e-21, 4.48649128693e-20, 7.02672352776e-20, 2.40372844045e-19, 4.0429967213e-19, 6.31068031737e-19, 7.21912470426e-19, 5.24616452647e-19, 1.11408014301e-18, 1.26166270937e-18, 8.01498619087e-19, 1.2148229868e-18, 2.577175497e-18, 2.38343077238e-18, 5.20688606188e-18, 5.01293371493e-18, 7.71633780059e-18, 7.25944624361e-18, 8.99376936417e-18, 2.57082721667e-17, 1.69035086094e-17, 1.53828131539e-17, 1.23224599544e-17, 1.32277868009e-17, 1.79690297349e-17, 1.21831337879e-17, 2.3065890022e-17, 2.50561014651e-17, 2.03007972878e-17, 1.75336514913e-17, 1.33378109214e-17, 1.31918458033e-17, 7.90039872177e-18, 5.20124882601e-18, 3.55641754874e-18, 1.33440373167e-18, 3.46407834298e-19, 3.25438088449e-20],
        "stdev": [0.227049589157, 1.09830009937, 8.63545227051, 16.681974411, 21.0545825958, 11.6793336868, 16.0233898163, 17.4702777863, 28.2600746155, 42.8327178955, 36.9075164795, 26.0749053955, 33.6881141663, 48.1091194153, 34.8012237549, 136.557556152, 88.7877349854, 47.4357566833, 96.3690109253, 74.4213790894, 54.9779167175, 37.2668113708, 24.063747406, 14.1711521149, 19.6791572571, 13.6809396744, 13.9428768158, 10.1741657257, 9.38897132874, 10.2438097, 5.59349536896, 3.46208930016, 1.8448164463, 0.304932713509, 0.00786071363837, 0.000608864065725, 0.000285300775431, 0.00134682073258, 4.10778120568e-05, 2.52407808148e-05]
    },
    "gfcc": {
        "mean": [-19.0501708984, 108.59815979, -161.441192627, 34.4132194519, -54.5386695862, 10.3730239868, -24.5445842743, -16.5749320984, -2.88041830063, -18.6869678497, -3.96793365479, -11.4136505127, -7.17687273026],
        "cov": [[6572.26464844, 112.532211304, -1473.35253906, 564.453857422, -443.863098145, 205.386749268, -161.188171387, -83.6031951904, -60.8249092102, -271.517974854, 118.870231628, -231.009780884, 118.720703125], [112.532211304, 1417.7857666, 1089.33886719, 222.628433228, 422.19430542, -64.5292816162, 203.159591675, 53.4443244934, 84.9723892212, 21.8892650604, -14.8420953751, -75.8030929565, -88.6959228516], [-1473.35253906, 1089.33886719, 1863.56103516, 337.692993164, 309.16394043, 74.8659973145, 211.728530884, 143.446228027, 24.3593387604, 70.6579742432, -29.0207633972, -22.7163181305, -59.917591095], [564.453857422, 222.628433228, 337.692993164, 354.807983398, 8.64535713196, 120.188110352, 41.6808738708, 49.927116394, -5.71365356445, -23.8178424835, 10.5890340805, -47.2417640686, 30.1442813873], [-443.863098145, 422.19430542, 309.16394043, 8.64535713196, 307.583740234, -62.8015174866, 104.835693359, 9.73044300079, 53.7192192078, 41.8574829102, -30.2908554077, 8.88105678558, -67.4337387085], [205.386749268, -64.5292816162, 74.8659973145, 120.188110352, -62.8015174866, 159.518432617, 2.83805942535, 30.7269592285, -17.3180007935, -6.74433755875, 34.0952758789, -15.8226413727, 48.8010025024], [-161.188171387, 203.159591675, 211.728530884, 41.6808738708, 104.835693359, 2.83805942535, 112.459831238, 34.2982673645, 22.4656524658, 18.3796977997, -5.61109924316, 11.2996778488, -30.2804527283], [-83.6031951904, 53.4443244934, 143.446228027, 49.927116394, 9.73044300079, 30.7269592285, 34.2982673645, 71.1586990356, 19.2227134705, 10.9785223007, 7.86000823975, -0.87877625227, 8.42785358429], [-60.8249092102, 84.9723892212, 24.3593387604, -5.71365356445, 53.7192192078, -17.3180007935, 22.4656524658, 19.2227134705, 60.4617576599, 29.6973991394, -1.25936079025, 0.857535839081, -10.7571029663], [-271.517974854, 21.8892650604, 70.6579742432, -23.8178424835, 41.8574829102, -6.74433755875, 18.3796977997, 10.9785223007, 29.6973991394, 59.774887085, 17.9241161346, 22.4768772125, -8.61105918884], [118.870231628, -14.8420953751, -29.0207633972, 10.5890340805, -30.2908554077, 34.0952758789, -5.61109924316, 7.86000823975, -1.25936079025, 17.9241161346, 59.1897125244, 21.727930069, 18.6464099884], [-231.009780884, -75.8030929565, -22.7163181305, -47.2417640686, 8.88105678558, -15.8226413727, 11.2996778488, -0.87877625227, 0.857535839081, 22.4768772125, 21.727930069, 66.5724487305, 7.0749168396], [118.720703125, -88.6959228516, -59.917591095, 30.1442813873, -67.4337387085, 48.8010025024, -30.2804527283, 8.42785358429, -10.7571029663, -8.61105918884, 18.6464099884, 7.0749168396, 68.1815109253]],
        "icov": [[0.000904447457287, -0.00190727564041, 0.00192238762975, -0.00197378639132, 0.00186934042722, -0.00109113100916, 0.000669574714266, -0.000606902642176, 0.00079903943697, 0.000225065799896, 0.000470025697723, -0.000820088782348, 0.00161928043235], [-0.00190727564041, 0.00858001131564, -0.00645833974704, 0.00400905869901, -0.00760799506679, 0.00678797857836, -0.00508477911353, 0.0049301981926, -0.00638482533395, 0.00585839664564, -0.0101169822738, 0.00946714263409, -0.0066991536878], [0.00192238762975, -0.00645833974704, 0.00640832073987, -0.0049472944811, 0.00516183115542, -0.00469544483349, 0.00291320099495, -0.00477208662778, 0.00595266092569, -0.0046513043344, 0.00666496297345, -0.00563882756978, 0.00553377252072], [-0.00197378639132, 0.00400905869901, -0.0049472944811, 0.00973751489073, -0.0042515611276, -0.000368378416169, -0.00250117084943, 0.0010092506418, -0.00264816964045, 0.00245111505501, -0.00232606520876, 0.00436312053353, -0.00510231498629], [0.00186934042722, -0.00760799506679, 0.00516183115542, -0.0042515611276, 0.014057119377, -0.00449925195426, -0.000190307793673, -0.00101301097311, 0.00138867390342, -0.00594947021455, 0.00993162114173, -0.00846454780549, 0.00805772654712], [-0.00109113100916, 0.00678797857836, -0.00469544483349, -0.000368378416169, -0.00449925195426, 0.0188945531845, -0.00745443766937, 0.00255137938075, -0.0018581666518, 0.00369489728473, -0.0148673346266, 0.0133713111281, -0.0119809657335], [0.000669574714266, -0.00508477911353, 0.00291320099495, -0.00250117084943, -0.000190307793673, -0.00745443766937, 0.0226031336933, -0.010047561489, 0.00314787589014, -0.0031073205173, 0.00922118965536, -0.0131605071947, 0.0112609993666], [-0.000606902642176, 0.0049301981926, -0.00477208662778, 0.0010092506418, -0.00101301097311, 0.00255137938075, -0.010047561489, 0.0270663909614, -0.0134174814448, 0.00620087096468, -0.00908502191305, 0.00723125785589, -0.00740503752604], [0.00079903943697, -0.00638482533395, 0.00595266092569, -0.00264816964045, 0.00138867390342, -0.0018581666518, 0.00314787589014, -0.0134174814448, 0.0365822091699, -0.0220913514495, 0.0117483669892, -0.00279889605008, 0.00252377940342], [0.000225065799896, 0.00585839664564, -0.0046513043344, 0.00245111505501, -0.00594947021455, 0.00369489728473, -0.0031073205173, 0.00620087096468, -0.0220913514495, 0.0428495965898, -0.0222773104906, 0.00307065737434, -0.00091723218793], [0.000470025697723, -0.0101169822738, 0.00666496297345, -0.00232606520876, 0.00993162114173, -0.0148673346266, 0.00922118965536, -0.00908502191305, 0.0117483669892, -0.0222773104906, 0.0464207679033, -0.0243825409561, 0.00746325962245], [-0.000820088782348, 0.00946714263409, -0.00563882756978, 0.00436312053353, -0.00846454780549, 0.0133713111281, -0.0131605071947, 0.00723125785589, -0.00279889605008, 0.00307065737434, -0.0243825409561, 0.039346087724, -0.0152900544927], [0.00161928043235, -0.0066991536878, 0.00553377252072, -0.00510231498629, 0.00805772654712, -0.0119809657335, 0.0112609993666, -0.00740503752604, 0.00252377940342, -0.00091723218793, 0.00746325962245, -0.0152900544927, 0.0325403735042]]
    },
    "melbands": {
        "max": [0.0195102579892, 0.0280503947288, 0.0305386222899, 0.0170378182083, 0.00641614664346, 0.00623527774587, 0.00391241302714, 0.00722752837464, 0.00243752379902, 0.00153242028318, 0.00156454951502, 0.00170992733911, 0.0010054782033, 0.00346393627115, 0.0018582897028, 0.0013251376804, 0.000821651774459, 0.00126899837051, 0.000699902710039, 0.000714902824257, 0.000775023479946, 0.000543972535525, 0.000263723282842, 0.000224096642341, 8.83006141521e-05, 0.000119938536955, 0.000164069570019, 8.26660470921e-05, 9.73073401838e-05, 0.000102611076727, 4.07477964472e-05, 7.3545401392e-05, 5.79412771913e-05, 8.47063274705e-05, 4.28092680522e-05, 3.12773881888e-05, 1.93672403839e-05, 1.95068932953e-05, 1.51428748723e-05, 6.17665250502e-07],
        "mean": [0.000717702845577, 0.00170716876164, 0.00142206216697, 0.000549065473024, 0.000330719398335, 0.000167471152963, 0.000241216257564, 0.000171676685568, 0.000174260669155, 0.000115149916383, 0.000119986936625, 0.000149092287757, 8.25592433102e-05, 0.000217891618377, 0.000149518047692, 9.81457560556e-05, 7.70750702941e-05, 0.000122375480714, 8.98528960533e-05, 6.75934643368e-05, 6.24107779004e-05, 4.44919605798e-05, 2.84206143988e-05, 1.75397963176e-05, 9.88404917734e-06, 1.32599670906e-05, 8.86152247404e-06, 6.94209575158e-06, 5.62362538403e-06, 7.07854724169e-06, 3.78172239834e-06, 3.18315073855e-06, 3.10804580295e-06, 2.32063825933e-06, 1.66974609783e-06, 1.1876179542e-06, 9.41975429214e-07, 7.03912576228e-07, 4.39822173348e-07, 2.7074518627e-08],
        "min": [5.88419040598e-24, 4.9422873297e-24, 8.3976680941e-24, 1.00070453149e-23, 1.38965027089e-23, 1.38190302571e-23, 1.15269806975e-23, 5.29436660133e-24, 1.06662222205e-23, 7.01185010949e-24, 4.01041185882e-24, 4.38283112003e-24, 9.34548526058e-24, 4.78785124143e-24, 9.79752938054e-24, 1.0932547973e-23, 8.49314077401e-24, 1.24390695647e-23, 9.2610897655e-24, 1.17212858159e-23, 9.16187315173e-24, 2.96056436949e-23, 1.65016211851e-23, 1.17072298923e-23, 1.29162389045e-23, 8.70415081097e-24, 9.64116058305e-24, 8.23497026556e-24, 1.10645741007e-23, 9.66484613173e-24, 5.94979326215e-24, 1.03756113851e-23, 1.89705002275e-23, 1.22479348783e-23, 1.11408198738e-23, 1.20588622742e-23, 1.04350638872e-23, 9.48683809074e-24, 8.40976448722e-24, 1.17515433648e-23],
        "stdev": [0.00162942195311, 0.00317507074215, 0.00274802884087, 0.00111889396794, 0.000520354369655, 0.000374384631868, 0.000448371312814, 0.000403948972235, 0.000273121113423, 0.00017138759722, 0.000170484330738, 0.000211976075661, 9.64542414295e-05, 0.000340717757354, 0.000203294854145, 0.000141184762469, 9.05684646568e-05, 0.00016096442414, 9.69844622887e-05, 8.51016520755e-05, 6.81227393216e-05, 4.78918882436e-05, 3.51350136043e-05, 2.0405932446e-05, 1.11742965601e-05, 1.58986167662e-05, 1.16900318972e-05, 9.10030939849e-06, 8.01714304544e-06, 1.00400693555e-05, 5.38129415872e-06, 5.56481700187e-06, 5.43869145986e-06, 5.694612355e-06, 3.33160051014e-06, 2.69749989457e-06, 1.86045417649e-06, 1.4417867078e-06, 8.69167081419e-07, 5.65846143274e-08]
    },
    "melbands128": {
        "max": [0.00728247314692, 0.0276219286025, 0.0244726315141, 0.0208607409149, 0.0406030379236, 0.0486570857465, 0.0491201542318, 0.0424062423408, 0.0456512533128, 0.0156509876251, 0.00736481044441, 0.00850238651037, 0.00811401754618, 0.00672692479566, 0.00619984604418, 0.0116715598851, 0.00231553171761, 0.00742834014818, 0.00496970256791, 0.0150644490495, 0.0031748355832, 0.00337289785966, 0.00379066239111, 0.00271050445735, 0.00333999632858, 0.00210345513187, 0.00394218647853, 0.00317944958806, 0.00166361918673, 0.00361826410517, 0.0015334271593, 0.00124091515318, 0.00182920054067, 0.000799907371402, 0.00624206196517, 0.00630666594952, 0.00722960801795, 0.000851099379361, 0.00402510212734, 0.00329969218001, 0.000831735203974, 0.00285641965456, 0.000992361921817, 0.000815205799881, 0.00302942562848, 0.00210485118441, 0.00276178587228, 0.00085764110554, 0.00112878531218, 0.00204551964998, 0.000779871013947, 0.000843565154355, 0.00133729865775, 0.000762488576584, 0.00204985588789, 0.00057492608903, 0.000228476041229, 0.000491359096486, 0.000428494939115, 0.000158712413395, 0.000446095160441, 0.000170461149537, 0.00018732281751, 7.9005912994e-05, 0.000277715327684, 0.000161279705935, 0.000197755696718, 0.000251246179687, 0.000283956469502, 9.83321515378e-05, 0.000102195284853, 0.000101219957287, 0.000116843017167, 7.68257086747e-05, 8.35669852677e-05, 0.000232030215557, 5.54848993488e-05, 5.538273399e-05, 5.90994422964e-05, 7.41348776501e-05, 8.723600331e-05, 9.49565437622e-05, 9.22775288927e-05, 5.93897202634e-05, 9.08809233806e-05, 0.00014810950961, 5.82353895879e-05, 4.52882086392e-05, 6.3216095441e-05, 3.24977736454e-05, 4.31931002822e-05, 3.68452128896e-05, 3.9338676288e-05, 2.03981762752e-05, 1.08211606857e-05, 4.89593294333e-05, 1.4622265553e-05, 1.63985678228e-05, 3.26563931594e-05, 5.53563131689e-06, 5.02552836679e-07, 2.72323674722e-08, 2.71969700094e-08, 2.66698734208e-08, 2.58320316249e-08, 2.49010501108e-08, 2.38726478585e-08, 2.29172503197e-08, 2.224930995e-08, 2.11980850651e-08, 1.98961593867e-08, 1.91144096107e-08, 1.81421864198e-08, 1.71433178764e-08, 1.65328195578e-08, 5.34860973289e-08, 1.24911252897e-07, 1.98912850635e-08, 1.81002146604e-08, 1.7070890479e-08, 1.64026641158e-08, 1.59130841837e-08, 1.54837138666e-08, 1.51384114133e-08, 1.49299239638e-08, 1.47126568706e-08, 1.45590624001e-08, 1.44627083642e-08],
        "mean": [0.000186569333891, 0.000732571003027, 0.000816759769805, 0.000923477578908, 0.00189609732479, 0.00218463130295, 0.00179867167026, 0.00120707973838, 0.000833741214592, 0.000573057564907, 0.000301012536511, 0.000336388882715, 0.000425058446126, 0.000205567455851, 0.000135519192554, 0.000173467153218, 0.000156807669555, 0.000330439914251, 0.000226429270697, 0.000194093896425, 9.87916282611e-05, 0.000213045830606, 0.000210860351217, 9.66016377788e-05, 0.000118933523481, 0.000105678162072, 0.000152010092279, 0.000102912592411, 8.5954889073e-05, 0.000238523527514, 0.000125011938508, 6.98417425156e-05, 8.9627734269e-05, 6.05858222116e-05, 0.000163498421898, 0.000285427260678, 0.000307781854644, 6.41517253825e-05, 0.000138184841489, 0.000120287273603, 6.76117633702e-05, 0.000105223509308, 6.60497607896e-05, 6.03822336416e-05, 0.000109346685349, 0.000129978783661, 0.000165665871464, 5.59082509426e-05, 7.63548086979e-05, 0.000103191174276, 5.1144099416e-05, 5.03872106492e-05, 7.01429744367e-05, 5.43914793525e-05, 7.79120382504e-05, 3.47139466612e-05, 2.64681002591e-05, 3.90726672777e-05, 2.66155238933e-05, 1.47302644109e-05, 2.20317724597e-05, 1.41192449519e-05, 8.94741970114e-06, 8.77880938788e-06, 1.11049785119e-05, 1.2176546079e-05, 1.8633376385e-05, 7.88948727859e-06, 6.89422631694e-06, 8.66849040904e-06, 7.47094281905e-06, 5.80542246098e-06, 5.12042197442e-06, 5.41310419067e-06, 5.38940184924e-06, 1.11435956569e-05, 5.16573982168e-06, 3.35080994773e-06, 3.93376694774e-06, 3.99375903726e-06, 3.13852137879e-06, 2.56180055658e-06, 3.60288481716e-06, 3.21735001307e-06, 2.74778426501e-06, 2.68930421043e-06, 2.14892520489e-06, 1.60489776135e-06, 1.91625531443e-06, 1.37426582114e-06, 1.299479095e-06, 1.14102101634e-06, 1.07522419057e-06, 9.92671516542e-07, 7.76921638135e-07, 7.76190574925e-07, 6.98971291513e-07, 5.70146596601e-07, 6.37591369923e-07, 2.65711861402e-07, 1.998321153e-08, 1.00055970453e-10, 4.85132559125e-11, 4.28196020308e-11, 3.9978659272e-11, 4.06535603792e-11, 4.52510771909e-11, 4.45623399292e-11, 4.74012114282e-11, 4.45473172239e-11, 5.15247393362e-11, 4.60398455471e-11, 4.64562728564e-11, 7.65361593547e-11, 2.20175336296e-10, 2.00252188165e-08, 4.42499903386e-08, 1.57977658732e-10, 6.99115487723e-11, 4.0210897112e-11, 4.99099719886e-11, 3.67158282943e-11, 3.06640615677e-11, 1.60497257845e-11, 1.56110974842e-11, 1.51848256191e-11, 1.4921440819e-11, 1.48102797387e-11],
        "min": [8.76445212742e-24, 6.16852585294e-24, 5.13641929316e-24, 4.46228992357e-24, 2.39199192542e-24, 7.84066445297e-24, 9.13128270354e-24, 9.56456297801e-24, 5.9063830354e-24, 6.82841864978e-24, 1.74432797145e-23, 9.3129636809e-24, 1.19154371065e-23, 2.05438296604e-23, 1.88484713341e-23, 6.09693080933e-24, 6.63614958135e-24, 1.63722022427e-23, 1.42834878923e-23, 2.75628828588e-24, 2.53554232485e-24, 5.08944814828e-24, 1.38021565223e-23, 1.3339667884e-23, 9.74393969267e-24, 3.57302674663e-24, 2.70172356593e-24, 3.79773219776e-24, 5.37249538538e-24, 4.63422334115e-24, 2.87158582921e-24, 6.48189453665e-24, 1.45360322448e-23, 7.30344071019e-24, 1.8447413661e-24, 6.64409341066e-24, 4.5799138177e-24, 7.49751705895e-24, 1.70424926207e-23, 1.13406801507e-23, 7.25800153319e-24, 1.27831351928e-23, 8.83676385116e-24, 5.83535833823e-24, 9.22332383852e-24, 1.73672540336e-23, 1.00570559409e-23, 1.23576117876e-23, 5.62253194904e-24, 8.35030094104e-24, 1.70290788299e-23, 1.12308683461e-23, 3.97075858213e-24, 1.11282809297e-23, 1.24355457231e-23, 4.74927712645e-23, 2.59171683381e-23, 1.43035470474e-23, 1.09786900251e-23, 2.43677997663e-23, 9.19297320405e-24, 5.28696511388e-24, 1.05006584603e-23, 1.88400888981e-23, 1.24525283206e-23, 5.513434458e-24, 7.69663896206e-24, 1.08523578954e-23, 9.20140218283e-24, 9.45148844472e-24, 8.2225922491e-24, 6.86302124452e-24, 1.07838232377e-23, 9.33948912884e-24, 1.61893442849e-23, 9.12574647771e-24, 8.26442475404e-24, 6.29267402119e-24, 5.23695803781e-24, 6.25329171822e-24, 6.13674422479e-24, 1.3498755885e-23, 1.72312086596e-23, 2.45485972195e-23, 1.51598697595e-23, 1.00302654357e-23, 1.31501992718e-23, 1.30613585455e-23, 7.67565368426e-24, 1.45911531116e-23, 8.48319797116e-24, 1.67967103839e-23, 8.8032853832e-24, 8.99934413942e-24, 1.27546431147e-23, 8.29609594166e-24, 9.2310988516e-24, 1.06547198397e-23, 5.05088468293e-24, 7.61650173815e-24, 1.6778011225e-23, 1.10539978425e-23, 8.33031515001e-24, 1.04379874057e-23, 1.01449516118e-23, 7.43852761818e-24, 6.72254247224e-24, 5.84764011366e-24, 9.46040257295e-24, 1.08227835001e-23, 1.09299557761e-23, 1.16336031374e-23, 1.27014186694e-23, 1.12005374331e-23, 1.01744786755e-23, 9.56828087946e-24, 8.50293369329e-24, 1.33077489941e-23, 1.35604810954e-23, 6.71618977537e-24, 1.40925235998e-23, 9.63399930375e-24, 9.53983455522e-24, 8.32602453555e-24, 9.00731321229e-24, 9.40227141284e-24, 1.31447616536e-23, 1.13184760828e-23],
        "stdev": [0.000626165186986, 0.00221271882765, 0.00191839167383, 0.00182767864317, 0.0041399137117, 0.00468420842662, 0.00390485115349, 0.00303378631361, 0.0025095238816, 0.00116173294373, 0.000580632593483, 0.000636442855466, 0.000699757540133, 0.000399526616093, 0.000383974955184, 0.000588524446357, 0.000257342820987, 0.000814767205156, 0.000473480817163, 0.000812438607682, 0.000200860973564, 0.000403732759878, 0.000416002323618, 0.000197321991436, 0.000256895989878, 0.000208669618587, 0.000355010211933, 0.000236945299548, 0.000131270848215, 0.000422824901761, 0.000182755975402, 0.000104667873529, 0.000147785336594, 9.31502436288e-05, 0.00040744637954, 0.000522090820596, 0.000648900982924, 8.76341655385e-05, 0.00033959504799, 0.000316727702739, 9.01627354324e-05, 0.000175658948137, 0.000101343706774, 0.00010269642371, 0.000263078836724, 0.000198204812477, 0.000286569498712, 9.21473911148e-05, 0.000118948955787, 0.000192738356418, 7.90702033555e-05, 7.77812310844e-05, 0.000114153102913, 6.77705320413e-05, 0.000134660309413, 4.97802138852e-05, 3.49129513779e-05, 6.23928281129e-05, 3.99394593842e-05, 2.04272855626e-05, 3.49979527527e-05, 1.93848245544e-05, 1.35305708682e-05, 1.20898212117e-05, 2.02848841582e-05, 1.81803497981e-05, 2.66829065367e-05, 1.45967005665e-05, 1.31094911922e-05, 1.31619672175e-05, 1.08173499029e-05, 9.53573908191e-06, 9.27718065213e-06, 9.03033469513e-06, 8.26742689242e-06, 2.01373277378e-05, 6.58856879454e-06, 4.8945294111e-06, 6.59040870232e-06, 7.03507612343e-06, 5.85092675465e-06, 5.92931837673e-06, 6.64137633066e-06, 5.39576558367e-06, 8.06780917628e-06, 7.8108996604e-06, 4.94095002068e-06, 3.55248698725e-06, 4.2448905333e-06, 2.43885574491e-06, 3.62663354281e-06, 2.55272448157e-06, 2.81377970168e-06, 1.95700977201e-06, 1.27255850657e-06, 2.21689242608e-06, 1.38548807627e-06, 1.266594154e-06, 1.41577663726e-06, 5.31643081558e-07, 4.32521929383e-08, 9.93591320331e-10, 9.029671455e-10, 8.28421276022e-10, 7.75509656492e-10, 7.64377616758e-10, 7.85460751995e-10, 7.28253457538e-10, 7.24225068804e-10, 6.53437581821e-10, 6.64621579993e-10, 6.43356978802e-10, 5.63228630401e-10, 5.06046315962e-10, 5.86608039921e-10, 1.22922392265e-08, 2.94003736911e-08, 7.28512639103e-10, 5.75703595906e-10, 4.96218066637e-10, 4.93585838868e-10, 4.60389559809e-10, 4.44804360011e-10, 4.27937879577e-10, 4.22049478699e-10, 4.15913387064e-10, 4.11574496706e-10, 4.08851064115e-10]
    },
    "mfcc": {
        "mean": [-640.098388672, 122.125053406, -31.4777679443, 16.103225708, -3.02853798866, 16.5036640167, -8.76469612122, 6.14241695404, -5.01598644257, 4.61590147018, -9.75503730774, 4.38709306717, -5.57462835312],
        "cov": [[7259.41943359, -1109.91430664, -1135.21691895, -154.358947754, -286.664855957, 9.26940727234, -122.985160828, 19.1324748993, -114.782752991, -206.81149292, -97.1777038574, 5.96235370636, -55.7150039673], [-1109.91430664, 1537.89489746, 691.370483398, 468.63861084, 287.757568359, 97.7106246948, 132.489486694, 61.4432601929, 89.8754653931, 124.40738678, 108.966133118, 51.6394195557, 39.243976593], [-1135.21691895, 691.370483398, 1326.48449707, 395.874237061, 255.731613159, 104.450469971, 221.081085205, 95.7715072632, 103.878005981, 111.862564087, 56.3017959595, 4.48654937744, 17.4921245575], [-154.358947754, 468.63861084, 395.874237061, 340.236328125, 140.602340698, 74.4677352905, 84.2509231567, 61.1952629089, 57.159702301, 59.5480651855, 38.5784454346, 26.2754116058, 16.9227237701], [-286.664855957, 287.757568359, 255.731613159, 140.602340698, 144.689025879, 55.6842041016, 53.2531509399, 22.3654613495, 36.064453125, 35.880405426, 27.9653511047, 5.99112033844, 5.92986249924], [9.26940727234, 97.7106246948, 104.450469971, 74.4677352905, 55.6842041016, 92.2140426636, 46.0230865479, 20.3881092072, 14.7739477158, 18.8627338409, 14.8684825897, 13.3773241043, 8.64420509338], [-122.985160828, 132.489486694, 221.081085205, 84.2509231567, 53.2531509399, 46.0230865479, 99.8324050903, 42.292137146, 22.9051952362, 20.2197952271, 16.0890846252, 7.78281927109, 7.69303035736], [19.1324748993, 61.4432601929, 95.7715072632, 61.1952629089, 22.3654613495, 20.3881092072, 42.292137146, 62.5279045105, 24.9695129395, 16.1079006195, 8.30721664429, 7.58802604675, 3.61952853203], [-114.782752991, 89.8754653931, 103.878005981, 57.159702301, 36.064453125, 14.7739477158, 22.9051952362, 24.9695129395, 61.5860824585, 31.3817024231, 9.93208122253, 0.695282399654, -1.1903758049], [-206.81149292, 124.40738678, 111.862564087, 59.5480651855, 35.880405426, 18.8627338409, 20.2197952271, 16.1079006195, 31.3817024231, 63.5827903748, 27.6414794922, 2.15003561974, -0.570919275284], [-97.1777038574, 108.966133118, 56.3017959595, 38.5784454346, 27.9653511047, 14.8684825897, 16.0890846252, 8.30721664429, 9.93208122253, 27.6414794922, 54.3540534973, 18.7309322357, 3.69062829018], [5.96235370636, 51.6394195557, 4.48654937744, 26.2754116058, 5.99112033844, 13.3773241043, 7.78281927109, 7.58802604675, 0.695282399654, 2.15003561974, 18.7309322357, 50.9386367798, 27.8368816376], [-55.7150039673, 39.243976593, 17.4921245575, 16.9227237701, 5.92986249924, 8.64420509338, 7.69303035736, 3.61952853203, -1.1903758049, -0.570919275284, 3.69062829018, 27.8368816376, 64.4034881592]],
        "icov": [[0.000197990608285, 0.000122177123558, 0.00016268370382, -0.000353193929186, 0.000208289697184, -0.000234746461501, 5.19290460943e-06, -0.000224453426199, 4.35802176071e-05, 0.00047135000932, -7.93528161012e-05, 1.72687896338e-06, 0.000178561065695], [0.000122177123558, 0.00148112466559, 4.25331963925e-05, -0.00148807209916, -0.00132818485145, 0.00063891580794, -0.00023782144126, 0.000509655859787, 0.000217646753299, -0.000350888003595, -0.000970883120317, -0.000336389086442, -0.00017912153271], [0.00016268370382, 4.25331963925e-05, 0.00188761833124, -0.00118205789477, -0.00115548574831, 0.000831530313008, -0.00291118700989, 0.000406192993978, -0.000196826586034, -0.000646245433018, 0.000421620090492, 0.000588326132856, -5.53844001843e-05], [-0.000353193929186, -0.00148807209916, -0.00118205789477, 0.00840212963521, -0.00269070081413, -0.00143815600313, 0.00102551863529, -0.00329666398466, -0.000732132524718, -0.001705867704, 0.00129718473181, -0.00204619951546, -5.18055344401e-07], [0.000208289697184, -0.00132818485145, -0.00115548574831, -0.00269070081413, 0.0173720736057, -0.00595102133229, -1.87066268609e-06, 0.00225679995492, -0.00355012831278, 0.00219353917055, -0.00305803492665, 0.00315988529474, -0.000153737913934], [-0.000234746461501, 0.00063891580794, 0.000831530313008, -0.00143815600313, -0.00595102133229, 0.0179613828659, -0.00687257666141, 0.00104225764517, 0.00135910499375, -0.00315829645842, 0.000954423972871, -0.00319008552469, -0.000219562149141], [5.19290460943e-06, -0.00023782144126, -0.00291118700989, 0.00102551863529, -1.87066268609e-06, -0.00687257666141, 0.0232131890953, -0.0104385931045, 0.000565806112718, 0.00265010842122, -0.00235725776292, 0.000995199312456, -0.000854056852404], [-0.000224453426199, 0.000509655859787, 0.000406192993978, -0.00329666398466, 0.00225679995492, 0.00104225764517, -0.0104385931045, 0.0273517742753, -0.00697568524629, -0.00128549849615, 0.00058822153369, -0.0021009456832, 0.00034725072328], [4.35802176071e-05, 0.000217646753299, -0.000196826586034, -0.000732132524718, -0.00355012831278, 0.00135910499375, 0.000565806112718, -0.00697568524629, 0.0261745695025, -0.0104093784466, 0.00334410974756, -0.000540702138096, 0.00105340429582], [0.00047135000932, -0.000350888003595, -0.000646245433018, -0.001705867704, 0.00219353917055, -0.00315829645842, 0.00265010842122, -0.00128549849615, -0.0104093784466, 0.0303753130138, -0.0127784647048, 0.00529426056892, -0.000256222236203], [-7.93528161012e-05, -0.000970883120317, 0.000421620090492, 0.00129718473181, -0.00305803492665, 0.000954423972871, -0.00235725776292, 0.00058822153369, 0.00334410974756, -0.0127784647048, 0.0306075252593, -0.0122575750574, 0.00396219268441], [1.72687896338e-06, -0.000336389086442, 0.000588326132856, -0.00204619951546, 0.00315988529474, -0.00319008552469, 0.000995199312456, -0.0021009456832, -0.000540702138096, 0.00529426056892, -0.0122575750574, 0.0328572206199, -0.0127416299656], [0.000178561065695, -0.00017912153271, -5.53844001843e-05, -5.18055344401e-07, -0.000153737913934, -0.000219562149141, -0.000854056852404, 0.00034725072328, 0.00105340429582, -0.000256222236203, 0.00396219268441, -0.0127416299656, 0.0212294477969]]
    },
    "spectral_contrast_coeffs": {
        "max": [-0.468209683895, -0.53948277235, -0.512880146503, -0.542883694172, -0.649853050709, -0.591559529305],
        "mean": [-0.712920546532, -0.785028636456, -0.754242122173, -0.778932094574, -0.782044410706, -0.70146805048],
        "min": [-0.953963875771, -0.952052414417, -0.959961950779, -0.958071708679, -0.959523439407, -0.96132671833],
        "stdev": [0.0649154484272, 0.0760341286659, 0.0789534896612, 0.0679029077291, 0.0497755967081, 0.0409968532622]
    },
    "spectral_contrast_valleys": {
        "max": [-4.76917076111, -4.9651799202, -5.52369880676, -5.45385980606, -6.08341264725, -8.78468894958],
        "mean": [-7.04514694214, -6.71527481079, -7.1010632515, -7.18979120255, -7.51206636429, -10.9442110062],
        "min": [-27.5340080261, -27.3033370972, -27.4905281067, -27.2713279724, -27.1770591736, -27.1798000336],
        "stdev": [1.28004360199, 0.881055951118, 1.02389371395, 1.17720651627, 1.12906348705, 1.02847230434]
    }
},
"rhythm": {
    "beats_count": 51,
    "beats_loudness": {
        "max": 0.136709064245,
        "mean": 0.0343902334571,
        "min": 0.000287868897431,
        "stdev": 0.02655993402
    },
    "bpm": 108.084136963,
    "bpm_histogram_first_peak_bpm": 108,
    "bpm_histogram_first_peak_weight": 0.414634168148,
    "bpm_histogram_second_peak_bpm": 94,
    "bpm_histogram_second_peak_spread": 0.25,
    "bpm_histogram_second_peak_weight": 0.0599999986589,
    "danceability": 0.933684825897,
    "onset_rate": 2.06801462173,
    "beats_loudness_band_ratio": {
        "max": [0.871956825256, 0.341730087996, 0.396440982819, 0.501106619835, 0.558278501034, 0.244836866856],
        "mean": [0.341742306948, 0.104702278972, 0.112129949033, 0.231523945928, 0.193185374141, 0.0486761257052],
        "min": [0.00235643796623, 0.00810908060521, 0.0291681867093, 0.015070175752, 0.00438875565305, 0.0011672899127],
        "stdev": [0.264038085938, 0.0798817873001, 0.0715955272317, 0.144387051463, 0.171853765845, 0.0395399108529]
    },
    "beats_position": [0.545668900013, 1.10294783115, 1.66022670269, 2.20589566231, 2.76317453384, 3.30884337425, 3.85451245308, 4.38857126236, 4.94585037231, 5.50312900543, 6.03718805313, 6.57124710083, 7.10530614853, 7.6277551651, 8.16181373596, 8.6958732605, 9.26476192474, 9.83365058899, 10.3909292221, 11.0294780731, 11.6680269241, 12.3065757751, 12.933514595, 13.5372333527, 14.1409521103, 14.7446708679, 15.3135595322, 15.8940582275, 16.4513378143, 17.0086174011, 17.5775051117, 18.1463947296, 18.7152824402, 19.272562027, 19.8298416138, 20.3987293243, 20.9560089111, 21.5016784668, 22.0589561462, 22.616235733, 23.1735134125, 23.7307929993, 24.2880725861, 24.8453502655, 25.4026298523, 25.9599094391, 26.5171871185, 27.0744667053, 27.6317462921, 28.1890239716, 28.7463035583],
