{
"metadata": {
    "version": {
        "essentia": "2.1-beta5",
        "essentia_git_sha": "Undefined",
        "extractor": "music 2.0"
    },
    "audio_properties": {
        "analysis": {
            "equal_loudness": 0,
            "length": 12.7477550507,
            "sample_rate": 44100,
            "start_time": 0,
            "downmix": "mix"
        },
        "bit_rate": 192000,
        "length": 209.072479248,
        "lossless": 0,
        "number_channels": 2,
        "replay_gain": -0.402442932129,
        "sample_rate": 44100,
        "codec": "mp3",
        "md5_encoded": "62172502438f3c489f445186b8c3936c"
    },
    "tags": {
        "file_name": "United KingdomUK_Mary Ann_Black Lace.mp3",
        "encoding": ["Lavf58.29.100"]
    }
},
"lowlevel": {
    "average_loudness": 0.90301668644,
    "barkbands_crest": {
        "max": 20.6944828033,
        "mean": 6.5803976059,
        "min": 2.45179748535,
        "stdev": 4.00701284409
    },
    "barkbands_flatness_db": {
        "max": 0.198067337275,
        "mean": 0.109414480627,
        "min": 0.0506638549268,
        "stdev": 0.0279490035027
    },
    "barkbands_kurtosis": {
        "max": 40.7487716675,
        "mean": 3.9589612484,
        "min": -1.49315297604,
        "stdev": 9.01553153992
    },
    "barkbands_skewness": {
        "max": 6.01387929916,
        "mean": 0.506843566895,
        "min": -1.90637385845,
        "stdev": 1.70049262047
    },
    "barkbands_spread": {
        "max": 42.3538894653,
        "mean": 15.6232833862,
        "min": 5.93366241455,
        "stdev": 5.26221847534
    },
    "dissonance": {
        "max": 0.499999850988,
        "mean": 0.489876031876,
        "min": 0.382971972227,
        "stdev": 0.0107664596289
    },
    "dynamic_complexity": 4.41606855392,
    "erbbands_crest": {
        "max": 12.3536043167,
        "mean": 6.73852682114,
        "min": 3.48478531837,
        "stdev": 1.61406195164
    },
    "erbbands_flatness_db": {
        "max": 0.26236847043,
        "mean": 0.189977094531,
        "min": 0.0627806037664,
        "stdev": 0.0512470342219
    },
    "erbbands_kurtosis": {
        "max": 3.98074293137,
        "mean": 0.925956785679,
        "min": -1.02987098694,
        "stdev": 0.881618082523
    },
    "erbbands_skewness": {
        "max": 1.50035464764,
        "mean": 0.196888715029,
        "min": -1.20629072189,
        "stdev": 0.365794509649
    },
    "erbbands_spread": {
        "max": 82.0358886719,
        "mean": 23.698764801,
        "min": 8.33036136627,
        "stdev": 17.8261451721
    },
    "hfc": {
        "max": 121.247444153,
        "mean": 31.0371055603,
        "min": 1.16041330017e-16,
        "stdev": 22.5612297058
    },
    "loudness_ebu128": {
        "integrated": -22.8158893585,
        "loudness_range": 5.93661689758,
        "momentary": {
            "max": -20.741060257,
            "mean": -26.0601425171,
            "min": -43.6962280273,
            "stdev": 6.61482906342
        },
        "short_term": {
            "max": -21.1725311279,
            "mean": -23.7201633453,
            "min": -33.5272064209,
            "stdev": 2.62640666962
        }
    },
    "melbands_crest": {
        "max": 27.9152679443,
        "mean": 7.773396492,
        "min": 2.92839884758,
        "stdev": 6.49212741852
    },
    "melbands_flatness_db": {
        "max": 0.316957503557,
        "mean": 0.122098177671,
        "min": 0.00870298873633,
        "stdev": 0.0697724297643
    },
    "melbands_kurtosis": {
        "max": 114.078155518,
        "mean": 8.64097595215,
        "min": -1.32091867924,
        "stdev": 20.9949607849
    },
    "melbands_skewness": {
        "max": 8.47981929779,
        "mean": 0.981322467327,
        "min": -0.688889205456,
        "stdev": 2.07122993469
    },
    "melbands_spread": {
        "max": 149.40687561,
        "mean": 31.1193084717,
        "min": 2.81057572365,
        "stdev": 13.5507411957
    },
    "pitch_salience": {
        "max": 0.962400078773,
        "mean": 0.748162925243,
        "min": 0.300478547812,
        "stdev": 0.127923503518
    },
    "silence_rate_20dB": {
        "max": 1,
        "mean": 1,
        "min": 1,
        "stdev": 0
    },
    "silence_rate_30dB": {
        "max": 1,
        "mean": 1,
        "min": 1,
        "stdev": 0
    },
    "silence_rate_60dB": {
        "max": 1,
        "mean": 0.190909087658,
        "min": 0,
        "stdev": 0.393017530441
    },
    "spectral_centroid": {
        "max": 10762.484375,
        "mean": 1916.24230957,
        "min": 389.099151611,
        "stdev": 684.658081055
    },
    "spectral_complexity": {
        "max": 58,
        "mean": 32.0109100342,
        "min": 0,
        "stdev": 15.8102407455
    },
    "spectral_decrease": {
        "max": -8.75543942567e-29,
        "mean": -3.94791221936e-09,
        "min": -1.40693998674e-08,
        "stdev": 2.56751708783e-09
    },
    "spectral_energy": {
        "max": 0.0640986859798,
        "mean": 0.0177154839039,
        "min": 1.08557495303e-20,
        "stdev": 0.0116969756782
    },
    "spectral_energyband_high": {
        "max": 0.00663476344198,
        "mean": 0.000946347194258,
        "min": 7.97305498391e-21,
        "stdev": 0.000893851625733
    },
    "spectral_energyband_low": {
        "max": 0.00154242990538,
        "mean": 0.000363545434084,
        "min": 1.20298713204e-22,
        "stdev": 0.000288052746328
    },
    "spectral_energyband_middle_high": {
        "max": 0.0566137656569,
        "mean": 0.0140827298164,
        "min": 1.59926384734e-21,
        "stdev": 0.0102242296562
    },
    "spectral_energyband_middle_low": {
        "max": 0.00866436678916,
        "mean": 0.00252378429286,
        "min": 3.34156355011e-22,
        "stdev": 0.00152915006038
    },
    "spectral_entropy": {
        "max": 9.79301357269,
        "mean": 7.89869689941,
        "min": 7.20861053467,
        "stdev": 0.170958578587
    },
    "spectral_flux": {
        "max": 0.171523571014,
        "mean": 0.0810048803687,
        "min": 1.0419092672e-10,
        "stdev": 0.038059361279
    },
    "spectral_kurtosis": {
        "max": 9.70398616791,
        "mean": 3.16987967491,
        "min": -1.23363447189,
        "stdev": 1.38762807846
    },
    "spectral_rms": {
        "max": 0.00790792703629,
        "mean": 0.00382466660812,
        "min": 3.25437788697e-12,
        "stdev": 0.00162951287348
    },
    "spectral_rolloff": {
        "max": 18109.4238281,
        "mean": 2120.23706055,
        "min": 107.666015625,
        "stdev": 1117.95666504
    },
    "spectral_skewness": {
        "max": 2.61154007912,
        "mean": 1.27517366409,
        "min": 0.0298228841275,
        "stdev": 0.224911868572
    },
    "spectral_spread": {
        "max": 41729044,
        "mean": 3399615.25,
        "min": 2228724,
        "stdev": 1860864.25
    },
    "spectral_strongpeak": {
        "max": 6.36608934402,
        "mean": 1.16862595081,
        "min": 0,
        "stdev": 0.959868609905
    },
    "zerocrossingrate": {
        "max": 0.4951171875,
        "mean": 0.0852539092302,
        "min": 0.02490234375,
        "stdev": 0.0258464794606
    },
    "barkbands": {
        "max": [0.000190898557776, 0.00122700911015, 0.000366999651305, 0.00100857648067, 0.00150027498603, 0.00177183770575, 0.00266666780226, 0.00378890265711, 0.00498672388494, 0.00549463462085, 0.00797577016056, 0.00651369197294, 0.00931530818343, 0.0181265473366, 0.0136251794174, 0.0121039869264, 0.0143967345357, 0.00712633039802, 0.00304572493769, 0.00389610161074, 0.00283037847839, 0.00272358790971, 0.00144648971036, 0.000791640719399, 9.58395467023e-05, 2.92511458611e-07, 8.81197865965e-06],
        "mean": [1.77952060767e-05, 0.00020944577409, 6.86695275363e-05, 0.000140196090797, 0.000362294551451, 0.000327824353008, 0.000385743274819, 0.000398505770136, 0.000665127648972, 0.000910513394047, 0.00110381329432, 0.00155234371778, 0.00187871349044, 0.00208211643621, 0.00242251693271, 0.00203682482243, 0.00113431829959, 0.000537250714842, 0.000368126144167, 0.00035572561319, 0.000317856785841, 0.000213794686715, 0.000133331661345, 8.10366109363e-05, 7.69689449953e-06, 5.80607739664e-08, 3.85269731851e-06],
        "min": [3.38366044968e-23, 4.84233431428e-23, 3.73203594046e-23, 1.14008899593e-23, 1.00246235025e-22, 8.14205807037e-23, 8.11194440972e-23, 3.60554872074e-23, 2.17107994861e-23, 1.4834915549e-22, 4.56639455616e-23, 2.11410005211e-23, 1.09742820281e-22, 1.80348080109e-22, 1.11648632497e-22, 1.32087362219e-22, 2.56791491237e-22, 1.63956282561e-22, 1.92462850533e-22, 3.7160157532e-22, 4.08668369586e-22, 6.06406642226e-22, 7.5899193029e-22, 1.02343517036e-21, 1.23242469472e-21, 1.65924312553e-21, 2.32980347066e-21],
        "stdev": [2.20093297685e-05, 0.000235476953094, 6.0553313233e-05, 0.000139152325573, 0.000252967525739, 0.000287934439257, 0.000349291629391, 0.000403483194532, 0.000637740420643, 0.000875052355696, 0.00109063868877, 0.00136557151563, 0.00161244149785, 0.00187786784954, 0.00212812772952, 0.00180269789416, 0.00128547858912, 0.000582725682762, 0.000357456563506, 0.000358862627763, 0.000327529065544, 0.000245207920671, 0.000144996796735, 8.59202773427e-05, 1.01070190794e-05, 4.83049511502e-08, 2.09175254895e-06]
    },
    "erbbands": {
        "max": [0.070144250989, 0.161741510034, 0.350502729416, 1.85639238358, 3.36264944077, 6.73229503632, 10.0277118683, 16.9688644409, 36.7405891418, 41.1131591797, 101.8645401, 105.112342834, 166.985534668, 290.227600098, 250.338592529, 294.943572998, 375.50982666, 751.821533203, 678.478942871, 748.362976074, 584.452331543, 851.784790039, 407.33972168, 136.623336792, 165.179321289, 192.010009766, 146.256256104, 157.625289917, 118.433876038, 42.7809944153, 33.925945282, 17.104801178, 11.961435318, 2.68782329559, 0.0658983513713, 0.00351070216857, 0.00221082591452, 0.0138733526692, 0.000356874428689, 9.11941533559e-05],
        "mean": [0.0106122521684, 0.02923575975, 0.0651006251574, 0.308522880077, 0.722440779209, 1.32479441166, 1.92160558701, 2.95393252373, 5.02731895447, 6.68045330048, 9.72865581512, 14.568778038, 24.101524353, 36.4824905396, 49.3813743591, 66.2647018433, 85.1951446533, 104.463798523, 120.26259613, 127.709587097, 99.0414276123, 63.4731025696, 33.9943580627, 20.6906929016, 18.4395561218, 16.8779621124, 14.3784093857, 11.3174142838, 8.23781490326, 5.22996997833, 3.60131430626, 2.08927798271, 1.11882090569, 0.194794297218, 0.00512656848878, 0.000352791452315, 0.00104395102244, 0.00614373292774, 0.000166324462043, 2.71672561212e-05],
        "min": [1.76150696383e-21, 9.9091447168e-21, 3.42244459792e-20, 5.87391292732e-20, 4.12530642675e-20, 2.65635948079e-19, 1.09330105583e-18, 5.34995863275e-19, 6.76396650425e-19, 1.45997853744e-18, 6.83553106892e-19, 5.7523204792e-19, 1.01629198836e-18, 6.39078128256e-18, 1.59340669936e-18, 1.39207610814e-18, 5.14267533965e-18, 8.06235820417e-18, 4.95457157322e-18, 8.09429812916e-18, 8.55842420778e-18, 1.4234271219e-17, 9.81242091742e-18, 7.46071252153e-18, 1.31131825814e-17, 1.852719136e-17, 1.21374254416e-17, 2.19920474595e-17, 2.26373178205e-17, 2.5261760072e-17, 1.93584996038e-17, 1.43909508075e-17, 2.19439469069e-17, 1.38341134987e-17, 8.56806003474e-18, 4.94641805393e-18, 3.25940635568e-18, 1.56370574549e-18, 3.24299467874e-19, 3.25554669217e-20],
        "stdev": [0.0122966691852, 0.0314709208906, 0.0526745393872, 0.273413538933, 0.627592861652, 1.02051985264, 1.61290633678, 2.69246482849, 4.5354719162, 5.88341379166, 9.78872680664, 13.7422618866, 22.6274814606, 36.9702606201, 43.7996444702, 58.1773414612, 70.9718933105, 90.3057174683, 104.683082581, 111.051879883, 85.9916534424, 72.2007217407, 37.0279922485, 19.7630786896, 18.0718898773, 17.42237854, 15.0516080856, 12.2074604034, 9.93679046631, 5.37140989304, 3.91120147705, 2.20472288132, 1.24697494507, 0.236844226718, 0.00603501405567, 0.000324645050569, 0.000490869046189, 0.00327894813381, 7.61409828556e-05, 1.57589074661e-05]
    },
    "gfcc": {
        "mean": [-21.1889457703, 74.3750457764, -173.235229492, 25.1820373535, -54.6114006042, 12.9618444443, -27.222278595, -17.5311584473, -0.798307180405, -12.2495183945, -3.10589504242, -6.44233894348, -4.29967260361],
        "cov": [[9188.06933594, -381.8125, -4507.32275391, -234.441467285, -1226.84790039, 231.374710083, -457.748687744, -130.617202759, 1.40798652172, -348.116668701, 77.351020813, -317.125366211, 251.378265381], [-381.8125, 223.031280518, 395.060211182, 3.3356359005, 141.557418823, -31.2968673706, 52.6969795227, -5.86658906937, 15.0779561996, 36.2402915955, -13.3368740082, 38.5287399292, -28.7714710236], [-4507.32275391, 395.060211182, 2867.24804688, 194.330993652, 750.775939941, -130.683746338, 269.560638428, 61.8587760925, -9.87913608551, 225.124099731, -62.3207969666, 200.846817017, -169.45980835], [-234.441467285, 3.3356359005, 194.330993652, 83.4380187988, 44.5170783997, 3.30898356438, 10.6610631943, 12.5452051163, -2.02259778976, 14.9228906631, 2.71253681183, 9.85264205933, -7.41983413696], [-1226.84790039, 141.557418823, 750.775939941, 44.5170783997, 260.434967041, -36.2117576599, 85.3478012085, 13.1341400146, 4.1715593338, 61.1830253601, -19.4157390594, 61.2965965271, -48.4155845642], [231.374710083, -31.2968673706, -130.683746338, 3.30898356438, -36.2117576599, 53.4318847656, -6.23904132843, 8.14113426208, 1.82098674774, -11.6687002182, 7.40991544724, -13.3223133087, 16.955286026], [-457.748687744, 52.6969795227, 269.560638428, 10.6610631943, 85.3478012085, -6.23904132843, 67.0590744019, 15.0867576599, 5.33924818039, 25.3694992065, -6.90017604828, 22.9784584045, -16.7662715912], [-130.617202759, -5.86658906937, 61.8587760925, 12.5452051163, 13.1341400146, 8.14113426208, 15.0867576599, 37.2439842224, 11.8734807968, 9.4795589447, 7.86775064468, 4.40976572037, 4.79966449738], [1.40798652172, 15.0779561996, -9.87913608551, -2.02259778976, 4.1715593338, 1.82098674774, 5.33924818039, 11.8734807968, 32.5386123657, 15.1779565811, 7.19858169556, 7.33681106567, 0.637715399265], [-348.116668701, 36.2402915955, 225.124099731, 14.9228906631, 61.1830253601, -11.6687002182, 25.3694992065, 9.4795589447, 15.1779565811, 49.9176101685, 13.4434843063, 22.9239749908, -9.23139858246], [77.351020813, -13.3368740082, -62.3207969666, 2.71253681183, -19.4157390594, 7.40991544724, -6.90017604828, 7.86775064468, 7.19858169556, 13.4434843063, 33.516418457, 10.9944734573, 12.9279556274], [-317.125366211, 38.5287399292, 200.846817017, 9.85264205933, 61.2965965271, -13.3223133087, 22.9784584045, 4.40976572037, 7.33681106567, 22.9239749908, 10.9944734573, 42.989566803, 1.36282670498], [251.378265381, -28.7714710236, -169.45980835, -7.41983413696, -48.4155845642, 16.955286026, -16.7662715912, 4.79966449738, 0.637715399265, -9.23139858246, 12.9279556274, 1.36282670498, 41.4523887634]],
        "icov": [[0.000892140902579, -0.00205733929761, 0.00175858661532, -0.00140509638004, 0.00182564149145, -0.00166742922738, 0.00141242321115, -0.00122264889069, 0.00267619336955, -0.00281995721161, 0.00329221319407, -0.0030778227374, 0.00203200406395], [-0.00205733929761, 0.0128149362281, -0.00455463444814, 0.00465170107782, -0.00785859208554, 0.00554438633844, -0.0056724618189, 0.00801772624254, -0.0121467616409, 0.00880889687687, -0.00910861883312, 0.0085916724056, -0.00637839268893], [0.00175858661532, -0.00455463444814, 0.00666295271367, -0.00482047861442, 0.000589800998569, -0.00410954840481, 0.00369289284572, -0.00785007327795, 0.0127321202308, -0.01433963608, 0.0148944128305, -0.0148984109983, 0.00977759622037], [-0.00140509638004, 0.00465170107782, -0.00482047861442, 0.0185994636267, -0.00379180675372, -3.841376747e-05, 0.000669803528581, 0.000146047663293, -0.00480892788619, 0.00669843144715, -0.0103386901319, 0.00877472758293, -0.0042850417085], [0.00182564149145, -0.00785859208554, 0.000589800998569, -0.00379180675372, 0.0244690980762, -0.00547724543139, -0.00124647526536, -0.00357451383024, 0.0070744920522, -0.00928403716534, 0.0139991519973, -0.0170822069049, 0.0099554779008], [-0.00166742922738, 0.00554438633844, -0.00410954840481, -3.841376747e-05, -0.00547724543139, 0.0317624174058, -0.0099285133183, 0.00449129892513, -0.0131257427856, 0.0164627954364, -0.0195821747184, 0.0234646182507, -0.0175679642707], [0.00141242321115, -0.0056724618189, 0.00369289284572, 0.000669803528581, -0.00124647526536, -0.0099285133183, 0.0355008691549, -0.0172901842743, 0.0123116308823, -0.016354734078, 0.0195705369115, -0.0191827788949, 0.0123759536073], [-0.00122264889069, 0.00801772624254, -0.00785007327795, 0.000146047663293, -0.00357451383024, 0.00449129892513, -0.0172901842743, 0.0546877086163, -0.0341964624822, 0.0248358268291, -0.0321928970516, 0.0321246944368, -0.0233825407922], [0.00267619336955, -0.0121467616409, 0.0127321202308, -0.00480892788619, 0.0070744920522, -0.0131257427856, 0.0123116308823, -0.0341964624822, 0.0731602609158, -0.0479342453182, 0.0376362912357, -0.0423868969083, 0.0269550792873], [-0.00281995721161, 0.00880889687687, -0.01433963608, 0.00669843144715, -0.00928403716534, 0.0164627954364, -0.016354734078, 0.0248358268291, -0.0479342453182, 0.083461008966, -0.0632217004895, 0.0418887585402, -0.0236110482365], [0.00329221319407, -0.00910861883312, 0.0148944128305, -0.0103386901319, 0.0139991519973, -0.0195821747184, 0.0195705369115, -0.0321928970516, 0.0376362912357, -0.0632217004895, 0.100933223963, -0.0672662258148, 0.0248298887163], [-0.0030778227374, 0.0085916724056, -0.0148984109983, 0.00877472758293, -0.0170822069049, 0.0234646182507, -0.0191827788949, 0.0321246944368, -0.0423868969083, 0.0418887585402, -0.0672662258148, 0.102663986385, -0.0481507517397], [0.00203200406395, -0.00637839268893, 0.00977759622037, -0.0042850417085, 0.0099554779008, -0.0175679642707, 0.0123759536073, -0.0233825407922, 0.0269550792873, -0.0236110482365, 0.0248298887163, -0.0481507517397, 0.0612718313932]]
    },
    "melbands": {
        "max": [0.000447311293101, 0.000185599143151, 0.000361228681868, 0.000279870029772, 0.000300869171042, 0.000375780364266, 0.000562133500353, 0.000437277805759, 0.000751541811042, 0.000743515498471, 0.00083171663573, 0.00115759554319, 0.00101476802956, 0.000902348023374, 0.00085089559434, 0.0010573923355, 0.00156219117343, 0.00123151286971, 0.00109972187784, 0.000945946318097, 0.000754734675866, 0.000851003860589, 0.000679885095451, 0.000195432978217, 0.000109169995994, 0.000142501492519, 8.28753618407e-05, 0.00015235527826, 0.000105737984995, 5.98516307946e-05, 0.000112664820335, 8.36814724607e-05, 3.07115951728e-05, 3.09417191602e-05, 2.1201754862e-05, 1.20571230582e-05, 9.37504137255e-06, 8.76975536812e-06, 8.06688240118e-06, 4.31466872897e-07],
        "mean": [7.1796195698e-05, 3.57188946509e-05, 6.42889572191e-05, 7.24434867152e-05, 6.78510041325e-05, 6.70142908348e-05, 7.78050671215e-05, 7.56807567086e-05, 8.11938807601e-05, 9.58418095252e-05, 0.000121073127957, 0.000143298108014, 0.00015714330948, 0.000170811923454, 0.00017600209685, 0.000194354419364, 0.000191895203898, 0.000188490303117, 0.000185247947229, 0.000156348614837, 0.000106382227386, 6.92014946253e-05, 4.14468522649e-05, 2.342319749e-05, 1.57553040481e-05, 1.38967143357e-05, 1.22878054754e-05, 1.0969169125e-05, 9.21811079024e-06, 7.66085213399e-06, 6.18549756837e-06, 4.95394397149e-06, 3.44467321156e-06, 2.69698693955e-06, 2.1669141006e-06, 1.6068943296e-06, 1.14469423806e-06, 8.47139745019e-07, 5.13119914558e-07, 4.09632185949e-08],
        "min": [1.71735902591e-23, 1.69309871317e-23, 8.8003011224e-24, 8.79010193976e-24, 3.54086054879e-23, 1.18804960904e-23, 1.28619700074e-23, 1.50405845243e-23, 4.99721019251e-24, 3.23421591822e-24, 4.91382404495e-24, 2.70747917398e-23, 5.54468281618e-24, 2.6631060636e-24, 6.59964307081e-24, 1.32805285597e-23, 1.57353011914e-23, 9.29151928606e-24, 8.45217286062e-24, 1.17575276636e-23, 9.63687391289e-24, 1.55576860031e-23, 1.08120881239e-23, 7.37963599616e-24, 5.35047906638e-24, 9.46126164248e-24, 1.22275104806e-23, 1.12542904152e-23, 8.67868401436e-24, 6.18276479228e-24, 1.45899587762e-23, 1.26501553323e-23, 1.21118958152e-23, 1.43956008041e-23, 1.13114291883e-23, 9.04860613637e-24, 8.41446136505e-24, 1.46045795243e-23, 1.51286876656e-23, 1.08009281087e-23],
        "stdev": [8.20049681352e-05, 2.6556688681e-05, 5.28349883098e-05, 5.27219199284e-05, 5.16211766808e-05, 5.90643430769e-05, 6.94057089277e-05, 6.7002583819e-05, 7.87684257375e-05, 9.36730648391e-05, 0.000114857437438, 0.000147609156556, 0.000146581805893, 0.000154414141434, 0.000151278189151, 0.000172856904101, 0.000171347186551, 0.000171723382664, 0.000167802165379, 0.000141102980706, 9.64163336903e-05, 7.7835022239e-05, 5.57442290301e-05, 2.42805799644e-05, 1.56483984028e-05, 1.44566665767e-05, 1.18506068247e-05, 1.23307418107e-05, 1.01545656435e-05, 7.79398305895e-06, 7.49404625822e-06, 6.42992881694e-06, 3.66002973351e-06, 2.97266956295e-06, 2.40773306359e-06, 1.78590460109e-06, 1.21539721931e-06, 9.50848345838e-07, 6.41367137177e-07, 5.69817224516e-08]
    },
    "melbands128": {
        "max": [0.000174920467543, 0.000705126556568, 0.000490629172418, 0.000202305469429, 0.000152434397023, 0.000202736642677, 0.000362844497431, 0.000534660648555, 0.00040686072316, 0.000474717438919, 0.000447242229711, 0.000398064788897, 0.000392402202124, 0.000602466869168, 0.000465732940938, 0.000767218065448, 0.000488732126541, 0.000769153586589, 0.00053613667842, 0.000698099494912, 0.000900567916688, 0.00109884468839, 0.00108219857793, 0.000597070786171, 0.00065580685623, 0.00115631567314, 0.000988300191239, 0.00108634855133, 0.000833758967929, 0.00117621629033, 0.00169786589686, 0.00152665702626, 0.00127689016517, 0.00148625858128, 0.00124905025586, 0.00130821939092, 0.00127565464936, 0.00130785186775, 0.00123588019051, 0.00106107559986, 0.00166204338893, 0.00224213465117, 0.00115219003055, 0.00314353662543, 0.00150408886839, 0.00164738611784, 0.00141462800093, 0.00155417027418, 0.00132643943653, 0.00129037280567, 0.00111916963942, 0.00128064490855, 0.00092909327941, 0.000905849679839, 0.000721213582437, 0.000768821279053, 0.0015348267043, 0.000804438488558, 0.00081406236859, 0.000266143848421, 0.000196453140234, 0.00028162196395, 0.000152179956785, 0.000121184137242, 0.000120270400657, 0.000148924664245, 0.000183186668437, 9.42250262597e-05, 9.48040833464e-05, 0.000108998625365, 0.000152492080815, 0.00019401856116, 0.000120115815662, 0.000133546156576, 0.000103634418338, 5.56886479899e-05, 5.78292929276e-05, 0.000107093444967, 0.000122852565255, 0.000132591711008, 9.15411219466e-05, 7.20524330973e-05, 4.48479149782e-05, 3.16953555739e-05, 3.13057607855e-05, 2.25818585022e-05, 5.60979206057e-05, 2.01612638193e-05, 2.00838694582e-05, 2.10525067814e-05, 1.70586790773e-05, 1.40805004776e-05, 1.54038625624e-05, 9.6993844636e-06, 7.74885029386e-06, 1.19340893434e-05, 8.32064324641e-06, 1.01442901723e-05, 1.22097198982e-05, 4.78052697872e-06, 4.30470919355e-07, 1.14257749928e-08, 4.31890034847e-09, 3.78737569084e-10, 1.98125557627e-10, 1.13080392272e-10, 1.40947323257e-10, 5.1998821915e-10, 5.45125111717e-10, 4.74387418237e-10, 4.27718638285e-10, 6.43376241172e-10, 1.17805376565e-09, 7.35644878347e-10, 2.60639021477e-09, 1.30036838186e-07, 3.00570746958e-07, 1.84247239687e-09, 3.13769288329e-10, 1.59613863793e-10, 1.03191698242e-10, 7.26039922627e-11, 5.79475946394e-11, 4.82052904538e-11, 4.48182671531e-11, 4.24364189622e-11, 3.89978951909e-11, 3.60519218645e-11],
        "mean": [1.69758732227e-05, 0.000102134297777, 8.48262789077e-05, 3.4256678191e-05, 2.47365533141e-05, 3.71167552657e-05, 6.12486401224e-05, 7.10483509465e-05, 7.29864259483e-05, 6.89642329235e-05, 7.57679736125e-05, 7.44587814552e-05, 6.54176910757e-05, 6.05533823546e-05, 6.28698180662e-05, 7.17460279702e-05, 7.94672378106e-05, 8.02868889878e-05, 7.42298871046e-05, 7.27334991097e-05, 7.76334345574e-05, 8.1293983385e-05, 8.17389372969e-05, 7.99052577349e-05, 8.77505372046e-05, 0.000101855301182, 0.000116237533803, 0.00012146703375, 0.000124919839436, 0.000138507224619, 0.000148804596392, 0.000156833659275, 0.000156929556397, 0.000159659452038, 0.000157861199114, 0.000180492468644, 0.000180187547812, 0.000168841725099, 0.000176753936103, 0.000193028565263, 0.000194789783563, 0.00020387431141, 0.000192784733372, 0.000189642305486, 0.000178636895726, 0.000191115555936, 0.000192879670067, 0.000191595972865, 0.000181286930456, 0.000170284882188, 0.000161197764101, 0.000132167100674, 0.000115399700007, 9.65544750215e-05, 8.00841517048e-05, 6.87801511958e-05, 5.82404900342e-05, 4.90648162668e-05, 3.45389562426e-05, 2.75623715424e-05, 2.39779346884e-05, 1.97422559722e-05, 1.60485542438e-05, 1.50802006829e-05, 1.42752160173e-05, 1.38794594022e-05, 1.39431194839e-05, 1.24778453028e-05, 1.21210441648e-05, 1.16423816507e-05, 1.10274031613e-05, 1.09180600703e-05, 9.45549345488e-06, 9.00966642803e-06, 8.82379481482e-06, 7.85607244325e-06, 7.09935738996e-06, 6.78085189065e-06, 6.07381025475e-06, 5.67747292735e-06, 5.16605814482e-06, 4.82952054881e-06, 3.97705161959e-06, 3.34114406542e-06, 2.92583035844e-06, 2.8373888199e-06, 2.66128631665e-06, 2.32207162298e-06, 2.20375363824e-06, 2.02120486392e-06, 1.75202990249e-06, 1.49942457028e-06, 1.33945843572e-06, 1.15696684588e-06, 1.0200003544e-06, 9.23309187328e-07, 8.317011293e-07, 7.00264649822e-07, 6.44383362669e-07, 3.90677371342e-07, 2.97642550606e-08, 1.26780155818e-10, 2.33308858344e-11, 1.14928700237e-11, 1.08932784668e-11, 9.56417757492e-12, 1.62159053546e-11, 1.91445748143e-11, 2.19784451055e-11, 2.11748084344e-11, 2.24085177497e-11, 2.3359425505e-11, 8.09318653761e-11, 6.87205570227e-11, 2.34444880176e-10, 5.95561289174e-08, 1.31080767574e-07, 6.31917851379e-11, 4.16948420234e-12, 3.66660478021e-12, 3.48227262997e-12, 3.38670758104e-12, 3.29330725017e-12, 3.19212733503e-12, 3.18664864461e-12, 3.18646714917e-12, 3.15013878698e-12, 3.10713022152e-12],
        "min": [2.35280210451e-23, 1.6751469211e-23, 1.48957922606e-23, 1.71153502362e-23, 1.53865063421e-23, 2.04817920611e-23, 1.42023409264e-23, 2.62126468398e-24, 4.09335742756e-24, 3.76193723976e-24, 9.75495297977e-24, 4.33497558319e-23, 4.63155036486e-23, 2.12790180474e-23, 1.24597045883e-23, 6.62969985459e-24, 2.77226666352e-24, 1.37310075796e-23, 2.62162049969e-23, 1.56922704067e-23, 1.20622819863e-23, 7.4830059626e-24, 2.10868337815e-24, 4.89817777776e-24, 4.33126959354e-24, 2.7164602765e-24, 4.1053322375e-25, 1.57646949375e-24, 7.87539405433e-24, 3.74142906503e-23, 3.41599680481e-23, 6.18451330247e-24, 3.30128585846e-24, 5.76469138948e-24, 2.08118171484e-24, 1.18885016481e-24, 4.38609266544e-24, 3.76920895958e-24, 9.35457293821e-24, 1.512007646e-23, 8.90158928491e-24, 2.09723909689e-23, 8.17686987103e-24, 2.23300316309e-23, 1.78679188066e-23, 3.18270113174e-24, 3.75571588823e-24, 6.27830215879e-24, 1.1997413954e-23, 1.20822496335e-23, 1.11988177164e-23, 1.42434090251e-23, 4.52029368263e-24, 1.1534163276e-23, 1.17279651012e-23, 1.7544845556e-23, 1.75224955489e-23, 1.11137824551e-23, 8.16967151527e-24, 1.08367510713e-23, 5.10171454093e-24, 8.46498396172e-24, 4.60797714997e-24, 3.68913011137e-24, 7.14229693763e-24, 1.2102793938e-23, 1.03824460759e-23, 3.69800361326e-24, 1.38530916933e-23, 2.30268088026e-23, 1.0444019825e-23, 4.99573699477e-24, 9.66387583282e-24, 1.29400238497e-23, 2.43787345617e-24, 4.13588136909e-24, 4.56655721928e-24, 1.91069715864e-23, 1.50781264148e-23, 1.08975746136e-23, 1.63437669625e-23, 9.16988482308e-24, 1.47850961429e-23, 1.15471195275e-23, 7.99533719952e-24, 2.41412988678e-23, 1.14546729181e-23, 5.9911828217e-24, 1.62551952378e-23, 1.09823574394e-23, 6.80611834085e-24, 1.10699872642e-23, 7.19858216322e-24, 7.93998914069e-24, 7.4786151628e-24, 1.42623700858e-23, 1.11529651763e-23, 2.55229114349e-23, 1.34018506337e-23, 1.3750542931e-23, 8.85972128123e-24, 1.40505451556e-23, 6.51758339286e-24, 1.12103335079e-23, 9.99533625253e-24, 9.29193974892e-24, 8.87464021866e-24, 6.43927435409e-24, 7.802450453e-24, 7.98342066669e-24, 1.32167649327e-23, 1.22598514111e-23, 7.11158184943e-24, 1.02176822207e-23, 1.3655411039e-23, 1.51982746638e-23, 1.45347748005e-23, 8.77890405921e-24, 7.6204697085e-24, 1.01525230988e-23, 1.09128603714e-23, 1.08597581996e-23, 7.84078751527e-24, 1.02098409433e-23, 1.00086601132e-23, 8.28686863565e-24, 7.91235613204e-24, 1.01293092889e-23],
        "stdev": [2.13449602597e-05, 0.000119737909699, 9.7086711321e-05, 3.76384341507e-05, 2.59049447777e-05, 3.45010957972e-05, 6.02627078479e-05, 7.63691496104e-05, 7.42467964301e-05, 6.6724154749e-05, 6.93231122568e-05, 6.75763367326e-05, 6.62458260194e-05, 6.69948203722e-05, 6.86995044816e-05, 8.22504298412e-05, 8.37892803247e-05, 8.98395883269e-05, 8.46379552968e-05, 7.97518223408e-05, 8.77851052792e-05, 0.000108161868411, 0.000100859841041, 8.64019457367e-05, 9.56685544224e-05, 0.00013140005467, 0.000135394308018, 0.000142169403262, 0.000139273819514, 0.000158518218086, 0.000187998623005, 0.000193224710529, 0.000173558320967, 0.000182416843018, 0.000171357140061, 0.000203183590202, 0.000200363021577, 0.000181307899766, 0.000183378710062, 0.000197670960915, 0.000212853774428, 0.00023756774317, 0.000196391629288, 0.000227040800382, 0.000197425571969, 0.000214936633711, 0.000204933487112, 0.000210337850149, 0.000192202976905, 0.000178637579666, 0.000174433167558, 0.000135174806928, 0.000127104169223, 0.000101637037005, 8.83346656337e-05, 8.25836177683e-05, 9.86780942185e-05, 7.58603055147e-05, 5.22817899764e-05, 3.11870207952e-05, 2.75212314591e-05, 2.59528933384e-05, 1.7791033315e-05, 1.68776041392e-05, 1.54284407472e-05, 1.66411664395e-05, 1.70978528331e-05, 1.31428651002e-05, 1.29509171529e-05, 1.34826959766e-05, 1.31834403874e-05, 1.49670368046e-05, 1.10749006126e-05, 1.13126206998e-05, 1.10562014015e-05, 8.75474052009e-06, 7.60645025366e-06, 8.0267800513e-06, 8.4720822997e-06, 8.45977956487e-06, 7.20483740224e-06, 6.63081755192e-06, 5.03538240082e-06, 3.75679701392e-06, 3.2177954381e-06, 3.2571790598e-06, 3.77956575903e-06, 2.6341724606e-06, 2.57934357251e-06, 2.56358066508e-06, 2.14912142837e-06, 1.83142560672e-06, 1.54891597504e-06, 1.34954166242e-06, 1.1327260836e-06, 1.10073040105e-06, 1.00397244296e-06, 8.94068023172e-07, 9.01463181435e-07, 5.19129969234e-07, 4.4870404281e-08, 6.53337661749e-10, 1.956445006e-10, 2.58117884705e-11, 1.76984572831e-11, 1.39041451963e-11, 2.65794851406e-11, 3.94798013725e-11, 4.56123715187e-11, 4.15470505222e-11, 4.30073303359e-11, 4.56706443497e-11, 1.59933802313e-10, 1.2776812941e-10, 3.6446987095e-10, 3.04974143717e-08, 7.16707333481e-08, 1.28581312264e-10, 1.40970846108e-11, 7.87989378609e-12, 5.91682475584e-12, 4.97903151001e-12, 4.56597433474e-12, 4.31256853145e-12, 4.1994580556e-12, 4.0959492742e-12, 4.02535860547e-12, 3.95625546212e-12]
    },
    "mfcc": {
        "mean": [-637.590454102, 94.7126464844, -45.111946106, 3.5437567234, -4.00592899323, 17.3212604523, -11.3567085266, 1.64545369148, -4.79496526718, 5.66338682175, -10.3291854858, 3.8470351696, -4.30886316299],
        "cov": [[10896.2695312, -1597.21948242, -3575.27392578, -1393.8338623, -1126.87109375, -348.282897949, -611.844726562, -108.122131348, -151.752868652, -281.992614746, -148.291809082, -19.4186515808, -226.817047119], [-1597.21948242, 504.889465332, 574.967468262, 237.26612854, 197.086242676, 79.6836166382, 97.6083908081, 14.2157344818, 32.8464317322, 58.2544670105, 17.4626140594, 4.14759206772, 37.3650054932], [-3575.27392578, 574.967468262, 1325.27294922, 494.414093018, 394.291137695, 129.098968506, 216.305160522, 32.0167198181, 52.3098602295, 101.753921509, 49.9145278931, 3.95659947395, 78.2020950317], [-1393.8338623, 237.26612854, 494.414093018, 247.485565186, 163.465942383, 52.0505485535, 82.6862411499, 13.1265068054, 18.4059467316, 39.6568260193, 22.1692905426, 6.83635187149, 28.5083827972], [-1126.87109375, 197.086242676, 394.291137695, 163.465942383, 167.962738037, 47.8994941711, 67.9685668945, 12.0516786575, 18.3586483002, 28.8711795807, 16.3521366119, 4.49447011948, 25.7319736481], [-348.282897949, 79.6836166382, 129.098968506, 52.0505485535, 47.8994941711, 50.2498283386, 27.9255313873, 5.63398694992, 7.30713701248, 13.0231161118, 2.47049069405, 1.82285487652, 6.23381090164], [-611.844726562, 97.6083908081, 216.305160522, 82.6862411499, 67.9685668945, 27.9255313873, 72.1221923828, 12.6062707901, 14.0147180557, 17.3757305145, 6.71415519714, -0.843548715115, 14.6483888626], [-108.122131348, 14.2157344818, 32.0167198181, 13.1265068054, 12.0516786575, 5.63398694992, 12.6062707901, 33.9154701233, 9.2421131134, 6.62815999985, -0.417968064547, -1.13103544712, -0.630784451962], [-151.752868652, 32.8464317322, 52.3098602295, 18.4059467316, 18.3586483002, 7.30713701248, 14.0147180557, 9.2421131134, 31.2204971313, 10.4631824493, 3.16732382774, -0.787744820118, 3.7534725666], [-281.992614746, 58.2544670105, 101.753921509, 39.6568260193, 28.8711795807, 13.0231161118, 17.3757305145, 6.62815999985, 10.4631824493, 37.9744300842, 11.0404529572, 4.08624219894, 5.11019659042], [-148.291809082, 17.4626140594, 49.9145278931, 22.1692905426, 16.3521366119, 2.47049069405, 6.71415519714, -0.417968064547, 3.16732382774, 11.0404529572, 30.1277008057, 9.45307159424, 4.99612951279], [-19.4186515808, 4.14759206772, 3.95659947395, 6.83635187149, 4.49447011948, 1.82285487652, -0.843548715115, -1.13103544712, -0.787744820118, 4.08624219894, 9.45307159424, 27.4195404053, 8.76178359985], [-226.817047119, 37.3650054932, 78.2020950317, 28.5083827972, 25.7319736481, 6.23381090164, 14.6483888626, -0.630784451962, 3.7534725666, 5.11019659042, 4.99612951279, 8.76178359985, 32.8101806641]],
        "icov": [[0.00090462010121, 3.89834603993e-05, 0.00181991653517, 0.000606022425927, 0.000911020499188, -0.000414014764829, 0.000538717897143, 0.00043938177987, 4.24585778092e-06, 0.000137340073707, 0.000312758405926, -0.00013607784058, 0.000443914352218], [3.89834603993e-05, 0.0045789917931, -0.000636743789073, -0.00115543813445, -0.00160678697284, -0.00216545304283, 0.000336091354256, 0.00080655264901, -0.00114487111568, -0.00217240815982, 0.00139797409065, 0.000192538747797, -0.000681494071614], [0.00181991653517, -0.000636743789073, 0.00853414554149, -0.00344818364829, -0.00202410644852, -0.000953572802246, -0.00256734946743, 0.0015486421762, 0.000297023943858, -0.00207060645334, -0.000251390534686, 0.00223297742195, -0.00136346113868], [0.000606022425927, -0.00115543813445, -0.00344818364829, 0.0184432677925, -0.0045711887069, 0.000110965149361, -0.000497931789141, -0.000214256404433, 0.00184831302613, -0.000194226304302, -0.00118045124691, -0.00302056618966, 0.00228610448539], [0.000911020499188, -0.00160678697284, -0.00202410644852, -0.0045711887069, 0.0245405938476, -0.0049367020838, -3.50697955582e-05, -0.000974529248197, -0.00178848707583, 0.00385398766957, -0.00144558714237, -0.00114086677786, -0.00125840643886], [-0.000414014764829, -0.00216545304283, -0.000953572802246, 0.000110965149361, -0.0049367020838, 0.0307972095907, -0.00536246364936, -0.000441526499344, 0.0001680272253, -0.00271778739989, 0.00350035144947, -0.00298629445024, 0.00285488693044], [0.000538717897143, 0.000336091354256, -0.00256734946743, -0.000497931789141, -3.50697955582e-05, -0.00536246364936, 0.0304751675576, -0.00530911469832, -0.00384473358281, 0.00079992285464, 0.000521945650689, 0.00252087740228, -0.0032057762146], [0.00043938177987, 0.00080655264901, 0.0015486421762, -0.000214256404433, -0.000974529248197, -0.000441526499344, -0.00530911469832, 0.0345410704613, -0.00784061662853, -0.00384113611653, 0.00329581601545, -0.000475109758554, 0.00361672369763], [4.24585778092e-06, -0.00114487111568, 0.000297023943858, 0.00184831302613, -0.00178848707583, 0.0001680272253, -0.00384473358281, -0.00784061662853, 0.0395432971418, -0.00696805166081, -0.00164190749638, 0.00289419526234, -0.00200558453798], [0.000137340073707, -0.00217240815982, -0.00207060645334, -0.000194226304302, 0.00385398766957, -0.00271778739989, 0.00079992285464, -0.00384113611653, -0.00696805166081, 0.0394969508052, -0.00970397982746, -0.00338929379359, 0.00261847674847], [0.000312758405926, 0.00139797409065, -0.000251390534686, -0.00118045124691, -0.00144558714237, 0.00350035144947, 0.000521945650689, 0.00329581601545, -0.00164190749638, -0.00970397982746, 0.043382935226, -0.0134362103418, 0.00117514515296], [-0.00013607784058, 0.000192538747797, 0.00223297742195, -0.00302056618966, -0.00114086677786, -0.00298629445024, 0.00252087740228, -0.000475109758554, 0.00289419526234, -0.00338929379359, -0.0134362103418, 0.0468488037586, -0.0137980999425], [0.000443914352218, -0.000681494071614, -0.00136346113868, 0.00228610448539, -0.00125840643886, 0.00285488693044, -0.0032057762146, 0.00361672369763, -0.00200558453798, 0.00261847674847, 0.00117514515296, -0.0137980999425, 0.0408592931926]]
    },
    "spectral_contrast_coeffs": {
        "max": [-0.601433694363, -0.723834753036, -0.717928528786, -0.727522015572, -0.688661694527, -0.551945269108],
        "mean": [-0.739126503468, -0.843288064003, -0.830393970013, -0.824657201767, -0.819814622402, -0.70750939846],
        "min": [-0.960613012314, -0.955857872963, -0.958065032959, -0.961381316185, -0.964488208294, -0.955894231796],
        "stdev": [0.0592191293836, 0.0354679264128, 0.0364881716669, 0.0303550604731, 0.0323378629982, 0.0464197322726]
    },
    "spectral_contrast_valleys": {
        "max": [-6.75169229507, -5.19288730621, -5.09718322754, -5.08210611343, -5.67247152328, -8.72064495087],
        "mean": [-7.69019603729, -6.71071577072, -6.68166446686, -6.51581954956, -7.10442256927, -10.5267019272],
        "min": [-27.1015911102, -27.2391281128, -27.2147369385, -27.1903934479, -27.1039829254, -27.376739502],
        "stdev": [0.90342271328, 1.22909796238, 1.47636425495, 1.60939502716, 1.45386505127, 1.1154487133]
    }
},
"rhythm": {
    "beats_count": 17,
    "beats_loudness": {
        "max": 0.0406066179276,
        "mean": 0.0168615952134,
        "min": 0.000624012609478,
        "stdev": 0.010207336396
    },
    "bpm": 81.4661865234,
    "bpm_histogram_first_peak_bpm": 81,
    "bpm_histogram_first_peak_weight": 0.111111104488,
    "bpm_histogram_second_peak_bpm": 86,
    "bpm_histogram_second_peak_spread": 0.285714268684,
    "bpm_histogram_second_peak_weight": 0.3125,
    "danceability": 0.769351780415,
    "onset_rate": 2.11609268188,
    "beats_loudness_band_ratio": {
        "max": [0.812942147255, 0.195705980062, 0.200614348054, 0.408007949591, 0.522195577621, 0.139084875584],
        "mean": [0.153411999345, 0.0642004534602, 0.119941189885, 0.268414586782, 0.356570720673, 0.0655343011022],
        "min": [0.00773647474125, 0.0152234826237, 0.0202332660556, 0.00966791156679, 0.00610979506746, 0.0146219255403],
        "stdev": [0.270408213139, 0.0544881634414, 0.0527931638062, 0.124111957848, 0.152854964137, 0.0332824885845]
    },
    "beats_position": [0.731428563595, 1.46285712719, 2.19428563118, 2.92571425438, 3.66875267029, 4.41179132462, 5.15482997894, 5.89786815643, 6.64090681076, 7.36072540283, 8.05732440948, 8.74231243134, 9.43891143799, 10.1239004135, 10.8204984665, 11.5170974731, 12.2136955261],
