{
"metadata": {
    "version": {
        "essentia": "2.1-beta5",
        "essentia_git_sha": "Undefined",
        "extractor": "music 2.0"
    },
    "audio_properties": {
        "analysis": {
            "equal_loudness": 0,
            "length": 23.9165534973,
            "sample_rate": 44100,
            "start_time": 175.240997314,
            "downmix": "mix"
        },
        "bit_rate": 192000,
        "length": 199.180770874,
        "lossless": 0,
        "number_channels": 2,
        "replay_gain": -4.90519714355,
        "sample_rate": 44100,
        "codec": "mp3",
        "md5_encoded": "4307ebd138df17e418f07910ec003529"
    },
    "tags": {
        "file_name": "Netherlands_Colorado_Xandra.mp3",
        "encoding": ["Lavf58.29.100"]
    }
},
"lowlevel": {
    "average_loudness": 0.926118731499,
    "barkbands_crest": {
        "max": 26.0712985992,
        "mean": 7.7521276474,
        "min": 2.7179787159,
        "stdev": 4.1595492363
    },
    "barkbands_flatness_db": {
        "max": 0.335283726454,
        "mean": 0.180604100227,
        "min": 0.0519160293043,
        "stdev": 0.0660969614983
    },
    "barkbands_kurtosis": {
        "max": 53.9512290955,
        "mean": 2.07722806931,
        "min": -1.75852608681,
        "stdev": 3.95758461952
    },
    "barkbands_skewness": {
        "max": 7.17659950256,
        "mean": -0.237646371126,
        "min": -2.74853348732,
        "stdev": 1.23691272736
    },
    "barkbands_spread": {
        "max": 60.5835914612,
        "mean": 13.28652668,
        "min": 1.99256455898,
        "stdev": 9.6340303421
    },
    "dissonance": {
        "max": 0.499992698431,
        "mean": 0.478920936584,
        "min": 0.227316781878,
        "stdev": 0.0345065630972
    },
    "dynamic_complexity": 4.74455499649,
    "erbbands_crest": {
        "max": 25.0177574158,
        "mean": 8.93785762787,
        "min": 4.0083656311,
        "stdev": 3.37462615967
    },
    "erbbands_flatness_db": {
        "max": 0.418374121189,
        "mean": 0.281368434429,
        "min": 0.149817794561,
        "stdev": 0.0714467614889
    },
    "erbbands_kurtosis": {
        "max": 10.7068920135,
        "mean": 1.06666719913,
        "min": -1.72249102592,
        "stdev": 1.41286849976
    },
    "erbbands_skewness": {
        "max": 2.8313536644,
        "mean": -0.24442705512,
        "min": -2.03168773651,
        "stdev": 0.779420375824
    },
    "erbbands_spread": {
        "max": 37.853805542,
        "mean": 13.4796390533,
        "min": 3.77026581764,
        "stdev": 6.95897245407
    },
    "hfc": {
        "max": 103.615905762,
        "mean": 18.7012367249,
        "min": 0.0107509056106,
        "stdev": 16.8118057251
    },
    "loudness_ebu128": {
        "integrated": -20.105052948,
        "loudness_range": 4.01665115356,
        "momentary": {
            "max": -15.8585777283,
            "mean": -22.6550064087,
            "min": -49.8331375122,
            "stdev": 6.84460544586
        },
        "short_term": {
            "max": -18.4865894318,
            "mean": -20.6813983917,
            "min": -31.841884613,
            "stdev": 2.23015999794
        }
    },
    "melbands_crest": {
        "max": 36.4020080566,
        "mean": 8.87900924683,
        "min": 2.75828433037,
        "stdev": 5.71987771988
    },
    "melbands_flatness_db": {
        "max": 0.385019481182,
        "mean": 0.183761164546,
        "min": 0.0353330411017,
        "stdev": 0.0838336646557
    },
    "melbands_kurtosis": {
        "max": 56.6122779846,
        "mean": 1.80527293682,
        "min": -1.6417299509,
        "stdev": 4.67983961105
    },
    "melbands_skewness": {
        "max": 6.66778469086,
        "mean": 0.200396358967,
        "min": -1.86397969723,
        "stdev": 1.21804380417
    },
    "melbands_spread": {
        "max": 102.047851562,
        "mean": 27.4722709656,
        "min": 2.63814783096,
        "stdev": 16.353515625
    },
    "pitch_salience": {
        "max": 0.875012636185,
        "mean": 0.718966722488,
        "min": 0.0619586855173,
        "stdev": 0.137131974101
    },
    "silence_rate_20dB": {
        "max": 1,
        "mean": 1,
        "min": 1,
        "stdev": 0
    },
    "silence_rate_30dB": {
        "max": 1,
        "mean": 0.997090220451,
        "min": 0,
        "stdev": 0.0538645945489
    },
    "silence_rate_60dB": {
        "max": 1,
        "mean": 0.139670222998,
        "min": 0,
        "stdev": 0.346644729376
    },
    "spectral_centroid": {
        "max": 3060.84155273,
        "mean": 1857.66796875,
        "min": 477.98840332,
        "stdev": 565.934997559
    },
    "spectral_complexity": {
        "max": 44,
        "mean": 21.3511161804,
        "min": 0,
        "stdev": 9.04117202759
    },
    "spectral_decrease": {
        "max": -3.32888057397e-12,
        "mean": -3.45773520927e-09,
        "min": -3.57021150421e-08,
        "stdev": 4.32252678095e-09
    },
    "spectral_energy": {
        "max": 0.144145876169,
        "mean": 0.0147465495393,
        "min": 1.39523608595e-05,
        "stdev": 0.017502643168
    },
    "spectral_energyband_high": {
        "max": 0.00200941064395,
        "mean": 0.000150637730258,
        "min": 2.24603866172e-07,
        "stdev": 0.000281970162177
    },
    "spectral_energyband_low": {
        "max": 0.000331050629029,
        "mean": 5.00994319736e-05,
        "min": 1.144577368e-06,
        "stdev": 4.07190236729e-05
    },
    "spectral_energyband_middle_high": {
        "max": 0.0596938580275,
        "mean": 0.00854917336255,
        "min": 4.04984484703e-06,
        "stdev": 0.00872339028865
    },
    "spectral_energyband_middle_low": {
        "max": 0.124232687056,
        "mean": 0.00606156559661,
        "min": 1.16327385058e-06,
        "stdev": 0.0153154330328
    },
    "spectral_entropy": {
        "max": 8.30529212952,
        "mean": 7.40856695175,
        "min": 6.14243888855,
        "stdev": 0.489206701517
    },
    "spectral_flux": {
        "max": 0.329562097788,
        "mean": 0.0718837156892,
        "min": 0.0021949459333,
        "stdev": 0.0437841042876
    },
    "spectral_kurtosis": {
        "max": 83.6056747437,
        "mean": 17.7694911957,
        "min": 1.74397134781,
        "stdev": 15.5114831924
    },
    "spectral_rms": {
        "max": 0.011858756654,
        "mean": 0.00327559560537,
        "min": 0.000116670729767,
        "stdev": 0.00191241980065
    },
    "spectral_rolloff": {
        "max": 5103.36914062,
        "mean": 2208.8972168,
        "min": 21.533203125,
        "stdev": 754.253601074
    },
    "spectral_skewness": {
        "max": 6.38000535965,
        "mean": 2.4719145298,
        "min": 1.01156914234,
        "stdev": 0.922864615917
    },
    "spectral_spread": {
        "max": 5225168,
        "mean": 2229615.5,
        "min": 649011.9375,
        "stdev": 1084352.375
    },
    "spectral_strongpeak": {
        "max": 7.78631782532,
        "mean": 1.30421864986,
        "min": 0,
        "stdev": 1.17714583874
    },
    "zerocrossingrate": {
        "max": 0.1357421875,
        "mean": 0.0791981741786,
        "min": 0,
        "stdev": 0.0265865325928
    },
    "barkbands": {
        "max": [0.000284962879959, 0.000236625608522, 3.66698186554e-05, 0.00116144015919, 0.00774137396365, 0.061842430383, 0.111278310418, 0.0978540554643, 0.0986871793866, 0.0383726805449, 0.0225656181574, 0.0120597276837, 0.00778672471642, 0.0107145011425, 0.0173950344324, 0.0159707926214, 0.00844082701951, 0.00421574851498, 0.000846207025461, 0.000765009317547, 0.000899095553905, 0.000635065836832, 0.000334608339472, 0.000342792336596, 0.000155098721734, 6.91484892741e-05, 6.9176718398e-07],
        "mean": [3.23069361912e-05, 2.65752969426e-05, 4.3066361286e-06, 2.3549040634e-05, 0.000215689011384, 0.00158927391749, 0.00148486497346, 0.00129236315843, 0.00130107905716, 0.000662081351038, 0.000570645963307, 0.000738638511393, 0.00104797864333, 0.00117935577873, 0.00165832496714, 0.00153922731988, 0.000870454299729, 0.000247871765168, 8.91425952432e-05, 5.12094302394e-05, 4.78289257444e-05, 3.16094265145e-05, 1.92409988813e-05, 1.25387477965e-05, 7.34640298106e-06, 3.05440607917e-06, 1.21894039307e-09],
        "min": [9.22331011566e-08, 3.80410767775e-07, 1.96365625982e-08, 6.26496543532e-09, 7.95247743213e-08, 1.10131203712e-07, 9.13667292934e-08, 2.6460179825e-08, 1.68404241663e-07, 2.07506445804e-07, 1.01103289296e-07, 1.86508358979e-07, 1.43675208619e-07, 3.61764392665e-07, 3.34986168582e-07, 3.04073921598e-07, 5.20809351201e-07, 1.40172318197e-07, 1.25951899577e-07, 6.89094363793e-08, 8.28514288287e-08, 2.88372863366e-08, 1.7488163806e-08, 1.29574688756e-08, 1.01886055148e-08, 4.50148598952e-11, 6.16028755784e-11],
        "stdev": [4.09897766076e-05, 2.38185148191e-05, 4.29042211181e-06, 0.000106395833427, 0.000649551628157, 0.004945543129, 0.00644715921953, 0.00618501054123, 0.00580619554967, 0.00206960854121, 0.00115790870041, 0.000989393680356, 0.00120537495241, 0.001377962064, 0.00206418894231, 0.00197013025172, 0.00108591350727, 0.000329718372086, 0.000118663927424, 0.000100245611975, 9.24374180613e-05, 6.51486625429e-05, 3.82583893952e-05, 2.59234166151e-05, 1.48901281136e-05, 6.65678953737e-06, 2.15412505611e-08]
    },
    "erbbands": {
        "max": [0.0107750277966, 0.0386537462473, 0.0575508028269, 1.41049873829, 5.32700681686, 29.3047962189, 200.036987305, 744.437194824, 1634.97363281, 1313.89978027, 2382.06835938, 3037.80004883, 1074.65039062, 2118.58984375, 300.648040771, 441.766387939, 386.911590576, 451.716705322, 575.530700684, 821.317810059, 800.771850586, 511.867370605, 259.147888184, 86.8777313232, 32.3731613159, 36.9671211243, 23.8322887421, 46.2206459045, 25.9577980042, 10.0397014618, 10.1400575638, 6.4890127182, 5.82018470764, 2.06383109093, 0.904242455959, 0.431198388338, 0.0966794714332, 0.00542312627658, 0.000128843807033, 0.000166537924088],
        "mean": [0.00097928289324, 0.00531153939664, 0.00710834702477, 0.0339134074748, 0.123603023589, 0.732250154018, 6.53013944626, 14.5370950699, 19.6962909698, 26.4077529907, 25.2801113129, 31.2121353149, 22.0962715149, 24.5962085724, 24.396314621, 31.640712738, 47.0778617859, 55.5106925964, 78.4720687866, 92.1638336182, 76.9061660767, 48.503528595, 19.1629047394, 6.0310959816, 3.19508695602, 2.44918465614, 2.03763413429, 1.82858979702, 1.20920014381, 0.77038872242, 0.521247625351, 0.307868927717, 0.184916913509, 0.0850520282984, 0.0509479492903, 0.0209546815604, 0.00437304470688, 0.000129209409351, 1.31182450787e-05, 1.88582562259e-05],
        "min": [1.76431203727e-05, 6.0440179368e-05, 4.48593164037e-05, 3.8765854697e-05, 9.50162575464e-05, 0.000209674995858, 0.00038538564695, 0.000578442588449, 0.000794673745986, 0.000514153682161, 0.00196065194905, 0.00394865078852, 0.00749439327046, 0.00459644431248, 0.00536378566176, 0.0084201041609, 0.00792961381376, 0.0135079650208, 0.0151335857809, 0.0269792638719, 0.0173637028784, 0.0274043399841, 0.00989366695285, 0.00765597354621, 0.00611650198698, 0.00409050285816, 0.00401420891285, 0.00209029996768, 0.0010871324921, 0.000779753376264, 0.000611545925494, 0.000268122239504, 0.000197967063286, 0.000119185897347, 5.95488636463e-05, 2.9434706903e-06, 2.89982011736e-07, 5.43542739706e-08, 2.08545891667e-08, 1.89432523001e-08],
        "stdev": [0.000994116766378, 0.0044391322881, 0.0065977377817, 0.132961511612, 0.458535730839, 2.11329388618, 19.9637756348, 50.7077293396, 92.3033676147, 101.856559753, 117.441833496, 155.262451172, 69.0287857056, 86.0115280151, 32.6997642517, 40.9561500549, 52.9120483398, 62.3689308167, 90.1623382568, 115.313735962, 96.9991607666, 58.5423698425, 23.307258606, 8.01916122437, 4.97243690491, 4.78529500961, 3.94466114044, 3.71547269821, 2.4797244072, 1.52759158611, 1.04354512691, 0.63520938158, 0.390373140574, 0.174196451902, 0.103663764894, 0.0442109294236, 0.0103971231729, 0.000352460396243, 1.36488633871e-05, 2.04393982131e-05]
    },
    "gfcc": {
        "mean": [-100.283226013, 85.1574707031, -205.613586426, -7.6599855423, -44.6868896484, 16.7970428467, -47.633518219, 12.0168085098, -2.74615550041, 4.63490533829, -4.78143405914, 5.72482967377, 4.31940078735],
        "cov": [[6153.31103516, -504.987304688, -140.81477356, -660.145935059, -366.033905029, -344.66494751, -259.584259033, -97.5169754028, -192.43347168, 110.168762207, -225.826522827, 121.532707214, -176.478668213], [-504.987304688, 1763.52062988, -343.718566895, -957.24798584, 344.252349854, -557.858093262, -189.416748047, -141.952301025, 434.83782959, -230.543289185, 369.062286377, -4.76580953598, 249.045578003], [-140.81477356, -343.718566895, 518.461120605, 454.755523682, -445.005889893, -22.2566394806, -96.2625732422, -100.41619873, -205.01739502, 111.84778595, -111.840003967, -8.40953540802, -18.1846847534], [-660.145935059, -957.24798584, 454.755523682, 925.64276123, -286.969726562, 332.177337646, 57.3503952026, -17.7416343689, -350.389190674, 125.481124878, -220.822601318, -37.0804634094, -111.340873718], [-366.033905029, 344.252349854, -445.005889893, -286.969726562, 604.245849609, 97.7744216919, 117.335319519, 92.9119338989, 150.121002197, -142.864349365, 100.222724915, -11.2820196152, 2.05945014954], [-344.66494751, -557.858093262, -22.2566394806, 332.177337646, 97.7744216919, 363.486724854, 177.19519043, 110.902992249, -115.760688782, 19.5855712891, -122.448440552, -26.9903488159, -88.1482162476], [-259.584259033, -189.416748047, -96.2625732422, 57.3503952026, 117.335319519, 177.19519043, 192.682525635, 129.431243896, 19.2945461273, -8.24709510803, -39.9739151001, -44.0625610352, -57.8445777893], [-97.5169754028, -141.952301025, -100.41619873, -17.7416343689, 92.9119338989, 110.902992249, 129.431243896, 142.3618927, 57.9307975769, 10.8538169861, -15.1327056885, -17.3306446075, -46.6769104004], [-192.43347168, 434.83782959, -205.01739502, -350.389190674, 150.121002197, -115.760688782, 19.2945461273, 57.9307975769, 241.763092041, -30.2753410339, 136.158355713, 7.65024852753, 56.4144172668], [110.168762207, -230.543289185, 111.84778595, 125.481124878, -142.864349365, 19.5855712891, -8.24709510803, 10.8538169861, -30.2753410339, 95.8934020996, -24.5203857422, 16.3738155365, -25.8860187531], [-225.826522827, 369.062286377, -111.840003967, -220.822601318, 100.222724915, -122.448440552, -39.9739151001, -15.1327056885, 136.158355713, -24.5203857422, 142.266616821, 30.5928993225, 65.2988128662], [121.532707214, -4.76580953598, -8.40953540802, -37.0804634094, -11.2820196152, -26.9903488159, -44.0625610352, -17.3306446075, 7.65024852753, 16.3738155365, 30.5928993225, 69.9945526123, 33.1574363708], [-176.478668213, 249.045578003, -18.1846847534, -111.340873718, 2.05945014954, -88.1482162476, -57.8445777893, -46.6769104004, 56.4144172668, -25.8860187531, 65.2988128662, 33.1574363708, 90.0957946777]],
        "icov": [[0.000566576200072, 0.000608651142102, 0.000414782989537, 0.00131639139727, 9.35322459554e-05, 0.000906137109268, 0.000243028698605, 0.000638544501271, 0.000756483932491, -0.000494740321301, 0.0013338039862, -0.000615736702457, 0.00115321134217], [0.000608651142102, 0.00980740599334, -0.00535336555913, 0.00596902891994, -0.00373716210015, 0.00426176004112, 0.000302792264847, 0.00596161792055, -0.00499083846807, 0.00823157280684, -0.00535453436896, 0.00857842620462, -0.00586972618476], [0.000414782989537, -0.00535336555913, 0.0156437307596, -0.00718423444778, 0.00715556368232, 0.0032445830293, 0.000316202029353, -0.00315061234869, 0.00590845383704, -0.00688054831699, 0.00583538040519, -0.00425827642903, 0.0031325025484], [0.00131639139727, 0.00596902891994, -0.00718423444778, 0.0123604135588, -0.00290712877177, -0.00227144453675, 0.00120489101391, 0.00442859716713, 0.0034606968984, -0.000317417318001, -0.00290255318396, 0.00601646117866, -0.00155282684136], [9.35322459554e-05, -0.00373716210015, 0.00715556368232, -0.00290712877177, 0.00926211662591, -0.00372752989642, 0.00103698205203, -0.00256379856728, 0.00178866973147, 0.00404778169468, -0.00201312801801, -0.00462505035102, 0.00704824272543], [0.000906137109268, 0.00426176004112, 0.0032445830293, -0.00227144453675, -0.00372752989642, 0.0188861060888, -0.00812452007085, 0.000703194120433, 0.00148292654194, -0.000362719438272, 0.00664245011285, -0.00157668301836, -0.00371335772797], [0.000243028698605, 0.000302792264847, 0.000316202029353, 0.00120489101391, 0.00103698205203, -0.00812452007085, 0.0243493821472, -0.0150830037892, 0.000313624768751, 0.00353139569052, -0.00258363969624, 0.00896896608174, 0.000428206170909], [0.000638544501271, 0.00596161792055, -0.00315061234869, 0.00442859716713, -0.00256379856728, 0.000703194120433, -0.0150830037892, 0.0354039520025, -0.0159685872495, 0.000921677041333, 0.00484273442999, -0.00354284234345, 0.00707105314359], [0.000756483932491, -0.00499083846807, 0.00590845383704, 0.0034606968984, 0.00178866973147, 0.00148292654194, 0.000313624768751, -0.0159685872495, 0.0308997221291, -0.0143976137042, -0.00801425240934, 0.00386164174415, -0.00501229800284], [-0.000494740321301, 0.00823157280684, -0.00688054831699, -0.000317417318001, 0.00404778169468, -0.000362719438272, 0.00353139569052, 0.000921677041333, -0.0143976137042, 0.0402228012681, -0.012104456313, -0.00250022439286, 0.00705829495564], [0.0013338039862, -0.00535453436896, 0.00583538040519, -0.00290255318396, -0.00201312801801, 0.00664245011285, -0.00258363969624, 0.00484273442999, -0.00801425240934, -0.012104456313, 0.0380014181137, -0.0156275182962, 0.00214901496656], [-0.000615736702457, 0.00857842620462, -0.00425827642903, 0.00601646117866, -0.00462505035102, -0.00157668301836, 0.00896896608174, -0.00354284234345, 0.00386164174415, -0.00250022439286, -0.0156275182962, 0.0395517610013, -0.0222231242806], [0.00115321134217, -0.00586972618476, 0.0031325025484, -0.00155282684136, 0.00704824272543, -0.00371335772797, 0.000428206170909, 0.00707105314359, -0.00501229800284, 0.00705829495564, 0.00214901496656, -0.0222231242806, 0.0402284115553]]
    },
    "melbands": {
        "max": [8.89677539817e-05, 3.28883543261e-05, 0.000438439048594, 0.000855720485561, 0.0051403506659, 0.0144945709035, 0.0251633040607, 0.0175501555204, 0.0161983706057, 0.0192932412028, 0.00575277628377, 0.00830723810941, 0.0015251316363, 0.00103723444045, 0.00159999844618, 0.000892987998668, 0.000973536982201, 0.000876838166732, 0.00129201728851, 0.00126764096785, 0.000889966613613, 0.000581338419579, 0.000273312296486, 0.000202839946724, 6.20489590801e-05, 3.18851525662e-05, 1.87016576092e-05, 2.72620800388e-05, 1.68292935996e-05, 1.38328541652e-05, 3.44156651408e-05, 1.4341179849e-05, 9.20352977118e-06, 5.43533178643e-06, 6.38889378024e-06, 4.32087472291e-06, 3.73173679691e-06, 3.79914536097e-06, 3.85430803362e-06, 1.78014408903e-06],
        "mean": [9.91580327536e-06, 4.94789173899e-06, 9.21228365769e-06, 2.19491139433e-05, 0.000187985235243, 0.00032780188485, 0.000299585110042, 0.000296842918033, 0.000190971026313, 0.0002020845277, 0.000107584448415, 9.90488115349e-05, 7.88024917711e-05, 8.11931968201e-05, 8.62745073391e-05, 0.000110918779683, 0.000101324694697, 0.000123612713651, 0.000128000581753, 0.000116250055726, 8.3027909568e-05, 5.33687125426e-05, 2.92585646093e-05, 8.43274665385e-06, 4.46939748144e-06, 2.97879978461e-06, 1.58955106144e-06, 1.63333356795e-06, 1.33013872983e-06, 1.09794984837e-06, 1.05585206711e-06, 7.10913866442e-07, 5.17247599419e-07, 3.90994301824e-07, 3.18502003438e-07, 2.25458904879e-07, 1.74301703737e-07, 1.38219448331e-07, 9.53967926876e-08, 6.52867200301e-08],
        "min": [2.14322923853e-07, 2.3844823005e-08, 9.46700406956e-09, 1.70743170713e-08, 1.24853656303e-08, 1.58982036425e-08, 1.31418449456e-08, 2.03441041791e-09, 1.70272755895e-08, 2.75242495462e-08, 3.47488153807e-08, 1.88758271236e-08, 1.48039305259e-08, 1.89464994804e-08, 2.26573444451e-08, 1.64214633003e-08, 2.23236380492e-08, 1.66178768524e-08, 2.78748188975e-08, 2.96468076755e-08, 1.88777899979e-08, 3.06390184335e-08, 1.46619703045e-08, 4.30148405783e-09, 5.36515498695e-09, 5.39067990246e-09, 2.92999402518e-09, 2.21856222282e-09, 2.22539586758e-09, 1.31492694511e-09, 8.18319412232e-10, 5.03916297578e-10, 6.86588119692e-10, 2.89642920759e-10, 3.60973223534e-10, 1.92854635039e-10, 1.5266116149e-10, 1.36041511389e-10, 7.97751656401e-11, 1.05902502046e-10],
        "stdev": [8.52553603181e-06, 4.10368875237e-06, 3.90975437767e-05, 6.41316219117e-05, 0.000553549616598, 0.00108976755291, 0.00134704401717, 0.00118697620928, 0.000852959405165, 0.00102731597144, 0.000345073349308, 0.000349283393007, 0.000120878379676, 0.000104055478005, 0.000113354588393, 0.000135163994855, 0.000120224838611, 0.000143632365507, 0.000167467907886, 0.000149477957166, 0.000106220919406, 6.69949949952e-05, 3.64921106666e-05, 1.29198569994e-05, 6.21969547865e-06, 4.54961764262e-06, 3.11492340188e-06, 3.31612659465e-06, 2.64998720922e-06, 2.13217708733e-06, 2.301834229e-06, 1.50288315126e-06, 1.0538846027e-06, 7.85922054547e-07, 6.46606110877e-07, 4.72563840503e-07, 3.61749130207e-07, 2.87653364239e-07, 2.19438405225e-07, 1.32827992161e-07]
    },
    "melbands128": {
        "max": [0.000103076301457, 0.000100234188722, 0.000100737983303, 5.72602257307e-05, 2.92273070954e-05, 2.19030207518e-05, 0.000127682011225, 0.000824760878459, 0.000610805756878, 0.000614980584942, 0.00171691621654, 0.00362250092439, 0.00913973711431, 0.0126904714853, 0.028773996979, 0.0218473356217, 0.0268933381885, 0.0462583713233, 0.0260863658041, 0.0154204340652, 0.0341140553355, 0.0376833826303, 0.014993019402, 0.0136908786371, 0.0305186416954, 0.0257199853659, 0.00823222752661, 0.00562088238075, 0.00663535576314, 0.00609873048961, 0.0175392776728, 0.00311527843587, 0.00179454998579, 0.00123390532099, 0.00133111525793, 0.00136014993768, 0.00169503805228, 0.00246030138806, 0.000915346550755, 0.00116432621144, 0.00181166955736, 0.00164975156076, 0.00114795437548, 0.00149848277215, 0.00144372589421, 0.00154442642815, 0.0019319242565, 0.00213420204818, 0.00161042972468, 0.0018042587908, 0.00183584797196, 0.00204532872885, 0.00154834846035, 0.00102089601569, 0.000900697021279, 0.000658143893816, 0.000659613637254, 0.000469946011435, 0.000308948569, 0.000433484412497, 0.000213560662814, 0.000128643529024, 7.02499964973e-05, 7.3391085607e-05, 5.29569588252e-05, 6.20524006081e-05, 2.7418080208e-05, 2.31789526879e-05, 2.54928618233e-05, 3.37818091793e-05, 3.44397994922e-05, 4.70980739919e-05, 2.93206267088e-05, 2.26980264415e-05, 2.00269205379e-05, 1.48680210259e-05, 1.48127610373e-05, 2.99311195704e-05, 5.40718028788e-05, 2.58710315393e-05, 1.2544587662e-05, 1.34969832288e-05, 1.87675086636e-05, 9.17816396395e-06, 7.90857757238e-06, 8.14904888102e-06, 7.08324432708e-06, 5.11337884745e-06, 9.06083459995e-06, 8.33692411106e-06, 5.47449690202e-06, 3.87586896977e-06, 6.62733918944e-06, 4.64752247353e-06, 3.23941480929e-06, 4.04881848226e-06, 4.78985430163e-06, 5.57161092729e-06, 4.2106012188e-06, 3.5145799302e-06, 9.4744461876e-07, 2.16350440496e-06, 2.05940887099e-06, 1.08406356958e-06, 1.10067981041e-06, 1.15625823582e-06, 1.28418309941e-06, 1.23569293464e-06, 6.4114055931e-07, 5.45449836409e-07, 5.27203212641e-07, 5.21152628608e-07, 3.39683452921e-07, 2.46878443022e-07, 9.46020293213e-08, 1.46639651533e-08, 3.52215612232e-09, 3.33410632436e-09, 3.20711590618e-09, 3.07922309872e-09, 2.96856716986e-09, 2.89301160805e-09, 2.80614198545e-09, 2.74630695962e-09, 2.69935340746e-09, 2.66065858234e-09, 2.62320942745e-09, 2.60140642361e-09],
        "mean": [1.44940931932e-05, 8.99799942999e-06, 9.43281247601e-06, 8.9552386271e-06, 4.41081556346e-06, 1.96938162844e-06, 3.9289320739e-06, 1.58506391017e-05, 1.12388306661e-05, 7.64940887166e-06, 2.9701852327e-05, 8.78004648257e-05, 0.000214692598092, 0.000335374119459, 0.00034739082912, 0.000301411229884, 0.00032883771928, 0.000295267120237, 0.000268579809926, 0.000304286484607, 0.000321226660162, 0.000252663623542, 0.000166087396792, 0.000132504239446, 0.000199885151233, 0.000266386312433, 0.00012657266052, 7.92289574747e-05, 9.58170057856e-05, 0.000103875885543, 0.000104787977762, 8.17523905425e-05, 7.56958397687e-05, 7.71871564211e-05, 7.70974802435e-05, 8.42705776449e-05, 8.46165785333e-05, 8.15287712612e-05, 8.64952089614e-05, 0.000111768473289, 0.000128107320052, 9.11243914743e-05, 9.52696063905e-05, 0.000104946404463, 0.000122566329082, 0.000130887638079, 0.000118384828966, 0.000129215957713, 0.000130410742713, 0.000130219137645, 0.000110292108729, 0.000111319990538, 9.105647041e-05, 7.15483038221e-05, 6.06635876466e-05, 5.48112293473e-05, 4.48645041615e-05, 3.5438904888e-05, 2.35479419644e-05, 1.61853113241e-05, 6.75666660754e-06, 3.54110579792e-06, 4.51598953077e-06, 4.84380325361e-06, 4.36879327026e-06, 3.30471561938e-06, 1.79327344085e-06, 1.58599129918e-06, 1.56793839778e-06, 1.56738985879e-06, 1.56214514391e-06, 1.8667110453e-06, 1.40839472351e-06, 1.26694692426e-06, 1.1343205415e-06, 1.10985024548e-06, 1.07030712115e-06, 1.08493679818e-06, 1.17528998089e-06, 8.81596122326e-07, 7.23620701137e-07, 6.61643184685e-07, 5.96686447807e-07, 5.08873313265e-07, 4.47333405873e-07, 4.1398973849e-07, 3.66304703903e-07, 3.51685031319e-07, 3.37755892588e-07, 2.76981495517e-07, 2.45263265697e-07, 2.12348723494e-07, 1.87579004773e-07, 1.73160117356e-07, 1.658094817e-07, 1.61153806744e-07, 1.27527513882e-07, 1.1588523563e-07, 1.05046517263e-07, 9.07838426656e-08, 3.90013425999e-08, 7.41173025176e-08, 7.23837487726e-08, 6.4842559766e-08, 5.91115139059e-08, 5.13340729924e-08, 4.60304896421e-08, 4.39572609423e-08, 3.68088244329e-08, 2.8427924903e-08, 2.46920315305e-08, 2.09323403055e-08, 1.47457548394e-08, 2.31468622047e-09, 3.70036057351e-10, 3.76176832739e-11, 6.0447809952e-12, 5.7682756141e-12, 5.58205565104e-12, 5.40929540743e-12, 5.25310177302e-12, 5.13363960716e-12, 5.00346162072e-12, 4.89768121892e-12, 4.82903907834e-12, 4.78173620491e-12, 4.73436914672e-12, 4.69601310962e-12],
        "min": [1.38210918266e-08, 6.56167458146e-08, 7.85753115906e-08, 4.12972305242e-08, 2.35017694195e-08, 6.6404735044e-09, 6.13349948608e-09, 2.38610131653e-09, 6.06779870793e-09, 3.03582359251e-09, 3.8652139267e-09, 7.74876873777e-09, 5.29477794942e-09, 7.01664149005e-09, 4.93777863042e-09, 1.13640052923e-09, 4.12714840081e-09, 9.45769329519e-09, 2.74994471638e-09, 1.99898497755e-09, 1.82891257694e-09, 1.74421899146e-09, 8.04421418366e-09, 7.4676576034e-09, 7.31846894197e-09, 7.62940910448e-09, 1.02065929042e-08, 4.1118140004e-09, 9.2880769742e-09, 8.13029110702e-09, 1.54889736592e-08, 1.03387334249e-08, 5.42037481566e-09, 8.4439939485e-09, 6.41335295981e-09, 6.8767063155e-09, 2.71061839641e-08, 2.08511892197e-08, 1.48736098993e-08, 8.45047143372e-09, 1.28126096399e-08, 1.43770426675e-08, 1.19981820035e-08, 1.70506737618e-08, 1.09931432846e-08, 6.94384461042e-09, 1.23197185786e-08, 1.7477814751e-08, 2.08513881716e-08, 2.93427078191e-08, 9.95317428476e-09, 1.87742639213e-08, 6.27832630329e-09, 9.20571441299e-09, 2.35917720914e-08, 2.0369148146e-08, 9.96299487355e-09, 9.39916144915e-09, 4.66426763879e-09, 5.95306248741e-09, 1.75394787583e-09, 4.27976720729e-09, 2.56746890415e-09, 2.5265483039e-09, 3.82250364694e-09, 3.10711323337e-09, 1.65874702862e-09, 3.57877449897e-10, 1.40532430137e-09, 1.17518283993e-09, 1.58276536322e-09, 1.69703140429e-09, 6.91768975436e-10, 1.60822877238e-09, 2.07215267167e-09, 5.71435176955e-10, 1.10295494959e-09, 9.93109705583e-10, 4.51793935596e-10, 3.59586554977e-10, 6.46029452156e-10, 3.62849084112e-10, 5.27600907407e-10, 6.86780465831e-10, 3.2877311984e-10, 3.09574699209e-10, 1.43514908291e-10, 2.24749954758e-10, 3.76239900346e-10, 2.80046597023e-10, 1.99513044974e-10, 1.74221442828e-10, 1.34108599226e-10, 1.81637357932e-10, 8.37431859968e-11, 1.03096288451e-10, 6.63229401954e-11, 1.18547907602e-10, 3.47987055838e-11, 2.10385398339e-12, 1.0473927281e-11, 1.28823243739e-10, 7.0297052901e-11, 4.06603483522e-12, 7.07208805406e-11, 1.17335550998e-11, 2.38659379802e-13, 1.96829504735e-13, 2.87086191408e-13, 2.48669818461e-13, 1.67718757719e-13, 1.59248997452e-13, 1.3497327713e-13, 1.64582865565e-13, 1.79021091029e-13, 1.99260977185e-13, 1.76288671161e-13, 1.28768333886e-13, 1.70320693855e-13, 1.80154814135e-13, 1.52190123026e-13, 1.51567709663e-13, 1.60432024653e-13, 1.57183199291e-13, 1.79270511738e-13, 1.7754596621e-13, 1.82356422172e-13, 1.79406213193e-13],
        "stdev": [1.46702768689e-05, 9.6344110716e-06, 9.31233807933e-06, 7.31281716071e-06, 3.82826374334e-06, 2.05036849366e-06, 1.30652961161e-05, 7.41999756428e-05, 5.04282979819e-05, 3.08480448439e-05, 0.000115380629722, 0.000290953845251, 0.000776850036345, 0.00121209060308, 0.00157856172882, 0.00140319881029, 0.00189785764087, 0.0018927740166, 0.00152939104009, 0.00143324141391, 0.00183241267223, 0.00171819352545, 0.000923181127291, 0.000669356959406, 0.0013547220733, 0.00166222837288, 0.000610324728768, 0.000288047333015, 0.000362277583918, 0.000385405466659, 0.00062312342925, 0.000196888824576, 0.000134533489472, 0.0001215971497, 0.000117593815958, 0.000130341664772, 0.000137623748742, 0.000142221600981, 0.000112988134788, 0.000148408638779, 0.000216068699956, 0.000130304266349, 0.000136885762913, 0.000145434343722, 0.000166494719451, 0.000181431794772, 0.000172492262209, 0.000200999638764, 0.000191241502762, 0.000193849089555, 0.000158822367666, 0.00017561428831, 0.000132707122248, 0.000102272832009, 8.83092579897e-05, 8.0506571976e-05, 6.38617639197e-05, 5.32996491529e-05, 3.31519549945e-05, 2.48590313277e-05, 1.38008072099e-05, 8.94287131814e-06, 7.26413327357e-06, 7.31813497623e-06, 6.10500683251e-06, 6.42717759547e-06, 3.61092202183e-06, 3.31529759023e-06, 3.43748479281e-06, 3.44960881193e-06, 3.52522602043e-06, 4.27066834163e-06, 3.06474203171e-06, 2.81009033642e-06, 2.45819637712e-06, 2.33735477195e-06, 2.14747933569e-06, 2.48775154432e-06, 2.94595224659e-06, 2.17363458432e-06, 1.59331409577e-06, 1.44777266087e-06, 1.36264509365e-06, 1.09111397251e-06, 9.57038992055e-07, 9.24775577005e-07, 7.93215235717e-07, 7.02162310517e-07, 7.68832251197e-07, 6.11650534665e-07, 5.53301902073e-07, 4.58282841009e-07, 4.47771441259e-07, 3.93373028373e-07, 3.47296293057e-07, 3.40298413448e-07, 2.9905228871e-07, 2.81851299633e-07, 2.43739293637e-07, 2.25589587899e-07, 8.2211798258e-08, 1.56060252721e-07, 1.55789109613e-07, 1.35377732136e-07, 1.2779598535e-07, 1.15730991013e-07, 1.02352508691e-07, 9.76609442205e-08, 8.14379674807e-08, 6.53915748217e-08, 5.63430617717e-08, 5.19519218756e-08, 4.06338891423e-08, 1.24131522838e-08, 4.80150674775e-09, 6.06400485381e-10, 1.09669669179e-10, 1.03819862429e-10, 9.98664345664e-11, 9.58855217448e-11, 9.24405343938e-11, 9.00881938493e-11, 8.73839473003e-11, 8.55214163376e-11, 8.40590444473e-11, 8.28540638875e-11, 8.16886280841e-11, 8.10101499771e-11]
    },
    "mfcc": {
        "mean": [-719.028137207, 124.431945801, -86.9253387451, -21.7618579865, 8.06748867035, 0.00146151741501, -19.8455219269, 3.84404420853, 4.00648355484, -0.39108517766, 3.06218123436, 6.89757061005, 3.13015890121],
        "cov": [[5952.67578125, -305.069152832, -192.038970947, -380.527832031, -356.394195557, -273.318389893, -246.604705811, -242.359466553, -154.981842041, -79.8787994385, -123.24005127, -101.821403503, -128.75592041], [-305.069152832, 2489.82006836, -945.695251465, -646.437561035, 278.73614502, -504.683197021, -531.843566895, -0.621914327145, -95.2842788696, -170.093292236, 118.113304138, 87.5551834106, 69.0322723389], [-192.038970947, -945.695251465, 1055.38806152, 489.301239014, -339.823852539, 85.8611526489, 48.2242622375, -268.195739746, -90.3276977539, 12.9093532562, -145.911132812, -78.9643936157, -48.8608512878], [-380.527832031, -646.437561035, 489.301239014, 376.436981201, -72.3184356689, 137.218276978, 121.708023071, -91.3901901245, -37.5568161011, 5.51649188995, -66.690284729, -54.7666015625, -41.4593772888], [-356.394195557, 278.73614502, -339.823852539, -72.3184356689, 248.272476196, 48.9710044861, 33.1490478516, 103.854011536, 12.232624054, -33.6356201172, 35.4968299866, 8.60562992096, 1.51082575321], [-273.318389893, -504.683197021, 85.8611526489, 137.218276978, 48.9710044861, 216.916259766, 193.728927612, 68.9818496704, 43.6610450745, 30.0919036865, -22.7546882629, -32.0116691589, -29.3293457031], [-246.604705811, -531.843566895, 48.2242622375, 121.708023071, 33.1490478516, 193.728927612, 259.268585205, 122.229721069, 79.9976425171, 64.002746582, 7.60427331924, -30.5113277435, -40.7976760864], [-242.359466553, -0.621914327145, -268.195739746, -91.3901901245, 103.854011536, 68.9818496704, 122.229721069, 191.719848633, 100.567474365, 51.1763076782, 62.7060775757, 21.4749794006, 4.23649692535], [-154.981842041, -95.2842788696, -90.3276977539, -37.5568161011, 12.232624054, 43.6610450745, 79.9976425171, 100.567474365, 102.876602173, 65.8704681396, 41.1733512878, 18.6807842255, 5.85434675217], [-79.8787994385, -170.093292236, 12.9093532562, 5.51649188995, -33.6356201172, 30.0919036865, 64.002746582, 51.1763076782, 65.8704681396, 88.8903656006, 44.7132644653, 18.1940326691, 4.83516836166], [-123.24005127, 118.113304138, -145.911132812, -66.690284729, 35.4968299866, -22.7546882629, 7.60427331924, 62.7060775757, 41.1733512878, 44.7132644653, 84.9168014526, 41.6844482422, 18.9429950714], [-101.821403503, 87.5551834106, -78.9643936157, -54.7666015625, 8.60562992096, -32.0116691589, -30.5113277435, 21.4749794006, 18.6807842255, 18.1940326691, 41.6844482422, 65.9293289185, 49.378993988], [-128.75592041, 69.0322723389, -48.8608512878, -41.4593772888, 1.51082575321, -29.3293457031, -40.7976760864, 4.23649692535, 5.85434675217, 4.83516836166, 18.9429950714, 49.378993988, 74.9375076294]],
        "icov": [[0.000478150643175, 0.000776400207542, 0.000919574871659, 0.000823157839477, 0.000666879524942, 0.00095674773911, 0.000263196183369, 0.000874725345057, 0.000602016109042, 0.000239827248151, 0.000273460085737, 0.000366061052773, 0.00124333263375], [0.000776400207542, 0.00340699683875, 0.00144023413304, 0.00273603037931, -0.00125409185421, 0.00440211221576, 0.00250699114986, 0.00114311359357, 0.000383272825275, 0.00220362376422, -0.0011831887532, 0.00183393387124, 0.002615213627], [0.000919574871659, 0.00144023413304, 0.00965974573046, -0.00601594150066, 0.00807976070791, 0.000641280319542, 0.00141385244206, 0.00465206103399, 0.00128015386872, -0.00137572106905, 0.0040091983974, -0.00026570254704, 0.0029684768524], [0.000823157839477, 0.00273603037931, -0.00601594150066, 0.0164194833487, -0.0067773819901, 0.00237230584025, -0.00398688670248, 0.0051577524282, 0.0018205010565, 0.00228429911658, -0.00376561982557, 0.00262746005319, 0.00158943934366], [0.000666879524942, -0.00125409185421, 0.00807976070791, -0.0067773819901, 0.0184250511229, -0.00788081251085, 0.0024518428836, -0.00253311614506, 0.00367786106654, 0.00473061669618, -0.00138658878859, -0.000390961999074, 0.00185737467837], [0.00095674773911, 0.00440211221576, 0.000641280319542, 0.00237230584025, -0.00788081251085, 0.0258143395185, -0.0107638835907, 0.00322201382369, -0.000947981723584, 0.000367276137695, 0.00652825413272, 0.000965962477494, 0.00130282831378], [0.000263196183369, 0.00250699114986, 0.00141385244206, -0.00398688670248, 0.0024518428836, -0.0107638835907, 0.026940042153, -0.0136222252622, 0.000418638868723, -0.00210817018524, -0.0027728965506, 0.00476643582806, 0.00569701753557], [0.000874725345057, 0.00114311359357, 0.00465206103399, 0.0051577524282, -0.00253311614506, 0.00322201382369, -0.0136222252622, 0.0319089666009, -0.0142704695463, 0.00388211989775, -0.00399725232273, 0.000313161232043, 9.70725523075e-05], [0.000602016109042, 0.000383272825275, 0.00128015386872, 0.0018205010565, 0.00367786106654, -0.000947981723584, 0.000418638868723, -0.0142704695463, 0.0365574806929, -0.0189943350852, 0.00598814105615, -0.00298381457105, 0.00193470891099], [0.000239827248151, 0.00220362376422, -0.00137572106905, 0.00228429911658, 0.00473061669618, 0.000367276137695, -0.00210817018524, 0.00388211989775, -0.0189943350852, 0.0410655625165, -0.0216193683445, 0.00283864350058, -0.000141167402035], [0.000273460085737, -0.0011831887532, 0.0040091983974, -0.00376561982557, -0.00138658878859, 0.00652825413272, -0.0027728965506, -0.00399725232273, 0.00598814105615, -0.0216193683445, 0.0393787696958, -0.0184985101223, 0.00655204523355], [0.000366061052773, 0.00183393387124, -0.00026570254704, 0.00262746005319, -0.000390961999074, 0.000965962477494, 0.00476643582806, 0.000313161232043, -0.00298381457105, 0.00283864350058, -0.0184985101223, 0.0466359145939, -0.0228208489716], [0.00124333263375, 0.002615213627, 0.0029684768524, 0.00158943934366, 0.00185737467837, 0.00130282831378, 0.00569701753557, 9.70725523075e-05, 0.00193470891099, -0.000141167402035, 0.00655204523355, -0.0228208489716, 0.0326941981912]]
    },
    "spectral_contrast_coeffs": {
        "max": [-0.33333325386, -0.409614235163, -0.526057720184, -0.668381094933, -0.431419104338, -0.669629395008],
        "mean": [-0.749574899673, -0.792336404324, -0.822144985199, -0.819565415382, -0.720279037952, -0.78769415617],
        "min": [-0.927013218403, -0.936218857765, -0.939334154129, -0.921683907509, -0.911500513554, -0.85284024477],
        "stdev": [0.126716241241, 0.106864027679, 0.0546441376209, 0.0342014320195, 0.0977501943707, 0.0292825307697]
    },
    "spectral_contrast_valleys": {
        "max": [-7.56084346771, -4.80326843262, -4.87969350815, -5.10134029388, -6.25624513626, -8.99214267731],
        "mean": [-8.95150947571, -7.31435823441, -6.98892688751, -6.58899068832, -8.37773799896, -11.3728551865],
        "min": [-11.3927764893, -10.936958313, -10.4380998611, -10.0558595657, -10.5418548584, -14.5811538696],
        "stdev": [0.561636209488, 0.869742393494, 0.916753590107, 0.936342895031, 0.954155981541, 0.999277710915]
    }
},
"rhythm": {
    "beats_count": 54,
    "beats_loudness": {
        "max": 0.114782787859,
        "mean": 0.0236256811768,
        "min": 4.39068207925e-05,
        "stdev": 0.0220706909895
    },
    "bpm": 142.153915405,
    "bpm_histogram_first_peak_bpm": 144,
    "bpm_histogram_first_peak_weight": 0.45454543829,
    "bpm_histogram_second_peak_bpm": 161,
    "bpm_histogram_second_peak_spread": 0.166666686535,
    "bpm_histogram_second_peak_weight": 0.0943396240473,
    "danceability": 1.14247894287,
    "onset_rate": 2.8836312294,
    "beats_loudness_band_ratio": {
        "max": [0.48230278492, 0.677161097527, 0.917652726173, 0.687838315964, 0.787085831165, 0.248368829489],
        "mean": [0.0297731868923, 0.093449562788, 0.233851984143, 0.258478283882, 0.365116685629, 0.0372277200222],
        "min": [0.000375845615054, 0.000727414269932, 0.0174584314227, 0.0197072960436, 0.0192535035312, 0.000144883990288],
        "stdev": [0.0797132775187, 0.135701864958, 0.278368115425, 0.152096763253, 0.222725093365, 0.0647199526429]
    },
    "beats_position": [0.580498874187, 1.16099774837, 1.74149656296, 2.32199549675, 2.90249419212, 3.43655323982, 3.95900225639, 4.45823097229, 4.94585037231, 5.44507932663, 5.93269824982, 6.37387752533, 6.81505680084, 7.26784563065, 7.66258478165, 8.05732440948, 8.46367359161, 8.85841274261, 9.22993183136, 9.61306095123, 9.98458003998, 10.3560991287, 10.71600914, 11.0759181976, 11.4474372864, 11.8189563751, 12.1556463242, 12.4923353195, 12.8290243149, 13.1657142639, 13.5952835083, 14.0248527527, 14.4776411057, 14.90721035, 15.3251695633, 15.7431287766, 16.1726989746, 16.5906581879, 17.0202255249, 17.4381847382, 17.8561439514, 18.2741031647, 18.6920623779, 19.1100215912, 19.5279808044, 19.9459400177, 20.363899231, 20.7818584442, 21.2114276886, 21.640996933, 22.0705661774, 22.5001354218, 22.9413146973, 23.3824939728],
