{
"metadata": {
    "version": {
        "essentia": "2.1-beta5",
        "essentia_git_sha": "Undefined",
        "extractor": "music 2.0"
    },
    "audio_properties": {
        "analysis": {
            "equal_loudness": 0,
            "length": 24.4390029907,
            "sample_rate": 44100,
            "start_time": 175.240997314,
            "downmix": "mix"
        },
        "bit_rate": 192000,
        "length": 199.703231812,
        "lossless": 0,
        "number_channels": 2,
        "replay_gain": -3.05757331848,
        "sample_rate": 48000,
        "codec": "mp3",
        "md5_encoded": "060e0c2986e634d34b4a36b4fa8748a2"
    },
    "tags": {
        "file_name": "Austria_Heute In Jerusalem_Christina Simon.mp3",
        "encoding": ["Lavf58.29.100"]
    }
},
"lowlevel": {
    "average_loudness": 0.778812587261,
    "barkbands_crest": {
        "max": 19.8431358337,
        "mean": 7.5780172348,
        "min": 2.90474247932,
        "stdev": 2.81884169579
    },
    "barkbands_flatness_db": {
        "max": 0.341786921024,
        "mean": 0.138142690063,
        "min": 0.050478823483,
        "stdev": 0.047431293875
    },
    "barkbands_kurtosis": {
        "max": 22.3890552521,
        "mean": 1.35974729061,
        "min": -1.78043448925,
        "stdev": 3.48223161697
    },
    "barkbands_skewness": {
        "max": 3.51271653175,
        "mean": 0.657506585121,
        "min": -1.36288177967,
        "stdev": 0.911376357079
    },
    "barkbands_spread": {
        "max": 50.7688865662,
        "mean": 20.3072280884,
        "min": 1.98634648323,
        "stdev": 9.62293720245
    },
    "dissonance": {
        "max": 0.499977767467,
        "mean": 0.467833340168,
        "min": 0.304651796818,
        "stdev": 0.0283110756427
    },
    "dynamic_complexity": 4.63884353638,
    "erbbands_crest": {
        "max": 27.1304130554,
        "mean": 8.98744010925,
        "min": 2.30285549164,
        "stdev": 3.46450924873
    },
    "erbbands_flatness_db": {
        "max": 0.333698451519,
        "mean": 0.19721698761,
        "min": 0.0672283247113,
        "stdev": 0.0366002991796
    },
    "erbbands_kurtosis": {
        "max": 13.0257110596,
        "mean": 0.390894055367,
        "min": -1.63027906418,
        "stdev": 1.60096681118
    },
    "erbbands_skewness": {
        "max": 2.49633598328,
        "mean": 0.0931693911552,
        "min": -2.07706999779,
        "stdev": 0.716771066189
    },
    "erbbands_spread": {
        "max": 80.795791626,
        "mean": 27.0673751831,
        "min": 4.70789909363,
        "stdev": 10.9516744614
    },
    "hfc": {
        "max": 153.690109253,
        "mean": 20.0281143188,
        "min": 0.0903415456414,
        "stdev": 20.0131244659
    },
    "loudness_ebu128": {
        "integrated": -21.5684719086,
        "loudness_range": 13.4972991943,
        "momentary": {
            "max": -15.7939319611,
            "mean": -24.7938327789,
            "min": -37.7695236206,
            "stdev": 5.65264320374
        },
        "short_term": {
            "max": -19.0402507782,
            "mean": -24.3472557068,
            "min": -35.5097351074,
            "stdev": 4.89074850082
        }
    },
    "melbands_crest": {
        "max": 24.1984825134,
        "mean": 9.79114723206,
        "min": 3.32431221008,
        "stdev": 3.78148531914
    },
    "melbands_flatness_db": {
        "max": 0.449259847403,
        "mean": 0.16495886445,
        "min": 0.0501440912485,
        "stdev": 0.0726937875152
    },
    "melbands_kurtosis": {
        "max": 50.8259544373,
        "mean": 3.59437704086,
        "min": -1.53429090977,
        "stdev": 5.38792657852
    },
    "melbands_skewness": {
        "max": 6.25392484665,
        "mean": 1.29178667068,
        "min": -0.785225212574,
        "stdev": 1.00406968594
    },
    "melbands_spread": {
        "max": 76.4526367188,
        "mean": 31.2673149109,
        "min": 2.66944122314,
        "stdev": 16.0664291382
    },
    "pitch_salience": {
        "max": 0.903553843498,
        "mean": 0.598765730858,
        "min": 0.2998239398,
        "stdev": 0.11930732429
    },
    "silence_rate_20dB": {
        "max": 1,
        "mean": 1,
        "min": 1,
        "stdev": 0
    },
    "silence_rate_30dB": {
        "max": 1,
        "mean": 1,
        "min": 1,
        "stdev": 0
    },
    "silence_rate_60dB": {
        "max": 1,
        "mean": 0.262808352709,
        "min": 0,
        "stdev": 0.440159082413
    },
    "spectral_centroid": {
        "max": 2865.43115234,
        "mean": 1664.92956543,
        "min": 255.5521698,
        "stdev": 680.493164062
    },
    "spectral_complexity": {
        "max": 46,
        "mean": 18.764705658,
        "min": 0,
        "stdev": 11.2133760452
    },
    "spectral_decrease": {
        "max": -5.12625011884e-11,
        "mean": -3.60972074454e-09,
        "min": -2.51918361727e-08,
        "stdev": 3.59453733445e-09
    },
    "spectral_energy": {
        "max": 0.108959540725,
        "mean": 0.0154405441135,
        "min": 0.000201670613023,
        "stdev": 0.0151861486956
    },
    "spectral_energyband_high": {
        "max": 0.00511369248852,
        "mean": 0.000646164931823,
        "min": 5.09527318115e-08,
        "stdev": 0.000745077151805
    },
    "spectral_energyband_low": {
        "max": 0.0308779031038,
        "mean": 0.00167644280009,
        "min": 5.24445056271e-07,
        "stdev": 0.00367219303735
    },
    "spectral_energyband_middle_high": {
        "max": 0.0973046645522,
        "mean": 0.00734366709366,
        "min": 6.63661967337e-06,
        "stdev": 0.00917436927557
    },
    "spectral_energyband_middle_low": {
        "max": 0.0811726301908,
        "mean": 0.00625822553411,
        "min": 2.81284665107e-05,
        "stdev": 0.00724876858294
    },
    "spectral_entropy": {
        "max": 8.41930770874,
        "mean": 7.3630862236,
        "min": 5.43547391891,
        "stdev": 0.495174527168
    },
    "spectral_flux": {
        "max": 0.305787324905,
        "mean": 0.0608670189977,
        "min": 0.00544962612912,
        "stdev": 0.042375780642
    },
    "spectral_kurtosis": {
        "max": 59.0212745667,
        "mean": 6.12048006058,
        "min": 0.616186141968,
        "stdev": 5.07296514511
    },
    "spectral_rms": {
        "max": 0.0103102857247,
        "mean": 0.00341148790903,
        "min": 0.00044356714352,
        "stdev": 0.00185086356942
    },
    "spectral_rolloff": {
        "max": 5060.30273438,
        "mean": 1981.93493652,
        "min": 215.33203125,
        "stdev": 908.25793457
    },
    "spectral_skewness": {
        "max": 5.68088531494,
        "mean": 1.65932095051,
        "min": 0.71501237154,
        "stdev": 0.608640909195
    },
    "spectral_spread": {
        "max": 9070934,
        "mean": 3475376.5,
        "min": 1224147.375,
        "stdev": 904616.5
    },
    "spectral_strongpeak": {
        "max": 18.3631954193,
        "mean": 1.34361469746,
        "min": 0,
        "stdev": 1.66236531734
    },
    "zerocrossingrate": {
        "max": 0.158203125,
        "mean": 0.0700201764703,
        "min": 0.01025390625,
        "stdev": 0.0285224262625
    },
    "barkbands": {
        "max": [0.000540216919035, 0.00893119908869, 0.0197486393154, 0.0465953499079, 0.0349073521793, 0.00883599091321, 0.0180403720587, 0.0188531801105, 0.0141899213195, 0.0123805841431, 0.0537813082337, 0.0796635001898, 0.0729507505894, 0.00912545528263, 0.0315107554197, 0.0100638093427, 0.0142672285438, 0.0134918224066, 0.00284381932579, 0.00257665617391, 0.00309087126516, 0.000818436499685, 0.000689988897648, 0.00113250094, 0.000596281024627, 0.000969086424448, 3.35316008204e-06],
        "mean": [3.815079981e-05, 0.000256436353084, 0.000957868352998, 0.0010127662681, 0.0014930665493, 0.000709728396032, 0.000821637688205, 0.000706614926457, 0.00136911275331, 0.000698653690051, 0.000818767701276, 0.000638182740659, 0.00063648482319, 0.000523237802554, 0.00126586435363, 0.000903801468667, 0.000717634684406, 0.000835865794215, 0.000270688877208, 0.000233801023569, 0.00029388393159, 7.8579512774e-05, 6.34737953078e-05, 5.27156335011e-05, 2.71367716778e-05, 1.6377232896e-05, 7.10232361811e-09],
        "min": [7.06898575231e-08, 1.62971957707e-07, 2.04517647262e-07, 2.38671475472e-07, 3.54645749212e-07, 3.85746989195e-06, 1.17991851312e-06, 1.29904515234e-06, 7.50728474941e-07, 9.74355998551e-07, 2.93829913289e-07, 1.66285403225e-07, 1.89923838434e-07, 4.91792206958e-07, 2.96997768601e-07, 1.35961073511e-07, 2.79703797901e-08, 3.16444257464e-08, 3.10378389656e-08, 2.70326072638e-08, 1.85396871188e-08, 7.04622404868e-09, 5.65293500898e-09, 1.4011662941e-09, 1.10958305044e-10, 8.26347185123e-11, 8.13880907113e-11],
        "stdev": [5.19419263583e-05, 0.000550257449504, 0.00235044700094, 0.00264408625662, 0.00278077810071, 0.00104054005351, 0.0014483476989, 0.00168668129481, 0.0024372250773, 0.00134193524718, 0.00262117618695, 0.00314085022546, 0.00313957128674, 0.000867987866513, 0.00223440816626, 0.00125251582358, 0.00135681510437, 0.00135495059658, 0.000338648591423, 0.000289809948299, 0.000385554478271, 0.000114456946903, 9.02747051441e-05, 9.57956144703e-05, 5.34029531991e-05, 5.38263557246e-05, 1.07485092826e-07]
    },
    "erbbands": {
        "max": [0.0829116553068, 2.66666316986, 19.1608390808, 88.0510406494, 208.734268188, 103.882667542, 103.053817749, 92.5373153687, 134.300048828, 478.57321167, 414.208099365, 263.33996582, 362.704040527, 759.038024902, 1739.11523438, 3104.52294922, 3305.17895508, 803.773376465, 458.472625732, 2031.74609375, 635.661193848, 584.075256348, 964.897827148, 191.109939575, 108.654914856, 131.897567749, 192.655578613, 96.1711120605, 28.8258934021, 24.7034034729, 23.8543510437, 16.1434574127, 23.6066951752, 7.98098278046, 5.57455158234, 3.88073396683, 2.28361535072, 0.144992873073, 0.00274423230439, 0.000200983224204],
        "mean": [0.00493965484202, 0.0795361027122, 0.820606470108, 2.46353578568, 4.68570232391, 5.12156391144, 3.87793254852, 7.18007850647, 11.2173442841, 11.1773786545, 19.1160755157, 23.5784416199, 31.3907985687, 34.7135887146, 22.3338260651, 25.1299495697, 29.6776847839, 27.5516166687, 40.1915779114, 67.4155426025, 57.6034126282, 38.776927948, 48.5688018799, 21.4630622864, 11.9396800995, 11.1832780838, 15.2383594513, 6.60759973526, 3.13266587257, 2.08116722107, 1.8368626833, 1.24786007404, 0.773690760136, 0.314906775951, 0.195422813296, 0.0859469175339, 0.030325692147, 0.0018123924965, 4.78251022287e-05, 2.21773116209e-05],
        "min": [4.65506718683e-06, 3.90457025787e-05, 0.000199115107534, 0.000569538155105, 0.00109279877506, 0.00100391788874, 0.00789099745452, 0.0401557087898, 0.0501588135958, 0.0475102066994, 0.0541349872947, 0.0240567885339, 0.0578405596316, 0.0327962189913, 0.0335556305945, 0.0112902922556, 0.00985623430461, 0.0137130301446, 0.0173471085727, 0.0127163594589, 0.0081824362278, 0.00219089956954, 0.00178646994755, 0.00163710466586, 0.00215830071829, 0.00120747066103, 0.000976237701252, 0.000490742735565, 0.000272383971605, 0.000207229022635, 0.00013399135787, 4.62161442556e-05, 3.48227913491e-05, 3.44679892805e-06, 1.55039776928e-06, 9.88775695987e-07, 5.48179627913e-07, 1.26228712816e-07, 1.40718228181e-07, 2.29399788054e-07],
        "stdev": [0.00891493447125, 0.17524895072, 1.9148170948, 5.95827531815, 11.3057594299, 11.0353507996, 7.63575649261, 10.5766115189, 16.9062995911, 23.1790561676, 44.3557281494, 39.9767913818, 51.6840362549, 76.3003158569, 77.3918380737, 128.237930298, 142.34602356, 52.5490875244, 56.4330368042, 126.395530701, 76.1212158203, 60.4698257446, 85.8939208984, 25.4696063995, 13.66248703, 13.619852066, 20.5036296844, 8.40116596222, 4.41228437424, 3.01694869995, 2.73117303848, 1.94823026657, 1.6444299221, 0.645122945309, 0.402013450861, 0.222517669201, 0.122201785445, 0.00877404492348, 0.000163094504387, 2.33287228184e-05]
    },
    "gfcc": {
        "mean": [-46.9769248962, 97.9393005371, -158.510757446, 32.5768280029, -62.061088562, 6.98141050339, -44.6570167542, 8.03726196289, -22.6124401093, -2.21015906334, -17.3810768127, -8.4309797287, -3.24379873276],
        "cov": [[9971.97265625, -3599.58618164, -1075.82800293, 163.462661743, -153.856216431, 512.325073242, -147.780593872, 602.782836914, -384.264068604, 218.278198242, -805.006652832, 570.563171387, -473.395812988], [-3599.58618164, 2298.16992188, 758.109313965, 75.9268875122, 74.4570846558, -453.592803955, 66.0627059937, -343.628845215, 106.475547791, -312.464874268, 315.223571777, -414.33505249, 182.102249146], [-1075.82800293, 758.109313965, 918.47442627, -17.6728496552, -6.90236663818, -125.721733093, -96.3837509155, -82.4288101196, -103.71647644, -124.623825073, -10.9881954193, -99.4865493774, -8.72535896301], [163.462661743, 75.9268875122, -17.6728496552, 273.868652344, 29.8675308228, -17.5975036621, -13.807513237, -49.229839325, 15.5385017395, -45.9613647461, 30.1802310944, -20.3528385162, -12.7076892853], [-153.856216431, 74.4570846558, -6.90236663818, 29.8675308228, 94.3915481567, 22.672044754, 14.2759208679, -19.9113941193, 11.8479528427, -8.0986328125, 14.3877620697, -6.89842367172, 7.62402057648], [512.325073242, -453.592803955, -125.721733093, -17.5975036621, 22.672044754, 245.603775024, 21.3056316376, 38.9963302612, -33.9050331116, 63.9248046875, -34.8923187256, 98.3526535034, -24.5643463135], [-147.780593872, 66.0627059937, -96.3837509155, -13.807513237, 14.2759208679, 21.3056316376, 97.6497268677, 4.58050775528, 25.0450305939, 3.12289857864, 30.2356204987, -13.5201978683, 18.333782196], [602.782836914, -343.628845215, -82.4288101196, -49.229839325, -19.9113941193, 38.9963302612, 4.58050775528, 150.307098389, 4.77004003525, 54.7159614563, -71.2531661987, 58.8653907776, -34.0541381836], [-384.264068604, 106.475547791, -103.71647644, 15.5385017395, 11.8479528427, -33.9050331116, 25.0450305939, 4.77004003525, 116.329162598, 18.7734718323, 55.6184539795, -22.1434612274, 27.002948761], [218.278198242, -312.464874268, -124.623825073, -45.9613647461, -8.0986328125, 63.9248046875, 3.12289857864, 54.7159614563, 18.7734718323, 130.371490479, -11.4949455261, 55.1794204712, -31.7113056183], [-805.006652832, 315.223571777, -10.9881954193, 30.1802310944, 14.3877620697, -34.8923187256, 30.2356204987, -71.2531661987, 55.6184539795, -11.4949455261, 148.840484619, -36.2289657593, 44.3610420227], [570.563171387, -414.33505249, -99.4865493774, -20.3528385162, -6.89842367172, 98.3526535034, -13.5201978683, 58.8653907776, -22.1434612274, 55.1794204712, -36.2289657593, 136.251739502, -10.151014328], [-473.395812988, 182.102249146, -8.72535896301, -12.7076892853, 7.62402057648, -24.5643463135, 18.333782196, -34.0541381836, 27.002948761, -31.7113056183, 44.3610420227, -10.151014328, 83.5547409058]],
        "icov": [[0.000495184154715, 0.000290953408694, 0.000475013570394, -0.000452256790595, 0.000257830164628, 0.000232136575505, -7.65863514971e-05, -0.000384133309126, 0.000726097088773, 0.000872391916346, 0.00125759560615, -0.000702266173903, 0.00140067085158], [0.000290953408694, 0.00708509748802, -0.0039394129999, 0.000537432031706, -0.00285438378341, 0.00480502704158, -0.00503262411803, 0.0033559363801, -0.00220582191832, 0.00469445995986, -0.00562612758949, 0.00795000884682, -0.00353016331792], [0.000475013570394, -0.0039394129999, 0.0047262692824, -0.00045625079656, 0.00176693650428, -0.00231001270004, 0.00452250335366, -0.00260567152873, 0.00373600935563, -0.000689457752742, 0.00455903401598, -0.00483327219263, 0.00432972842827], [-0.000452256790595, 0.000537432031706, -0.00045625079656, 0.00527285551652, -0.00173952255864, 0.000328671303578, 0.000578648876399, 0.00203547859564, -0.00219378899783, 0.00228718901053, -0.00269180722535, 0.0009185015806, 0.00109638087451], [0.000257830164628, -0.00285438378341, 0.00176693650428, -0.00173952255864, 0.0136563144624, -0.00394127843902, 0.000694132351782, -0.000277779676253, -0.000308629416395, -0.000933807983529, 0.00396416150033, -0.00346174347214, 0.00215149717405], [0.000232136575505, 0.00480502704158, -0.00231001270004, 0.000328671303578, -0.00394127843902, 0.0104511054233, -0.00586082227528, 0.00319875450805, 0.00054842379177, 0.00145014200825, -0.00313200592063, 0.000875851721503, -0.00118402962107], [-7.65863514971e-05, -0.00503262411803, 0.00452250335366, 0.000578648876399, 0.000694132351782, -0.00586082227528, 0.0183014497161, -0.00546971242875, 0.0020747911185, -0.00190595211461, 0.00108594365884, -0.0016857679002, 0.000888019858394], [-0.000384133309126, 0.0033559363801, -0.00260567152873, 0.00203547859564, -0.000277779676253, 0.00319875450805, -0.00546971242875, 0.0154441650957, -0.00631211837754, 5.36915240446e-06, 0.00186359963845, 0.000150420077262, 7.83116556704e-05], [0.000726097088773, -0.00220582191832, 0.00373600935563, -0.00219378899783, -0.000308629416395, 0.00054842379177, 0.0020747911185, -0.00631211837754, 0.0177157633007, -0.00392244942486, -0.000830635777675, -0.000632881186903, -0.000710572698154], [0.000872391916346, 0.00469445995986, -0.000689457752742, 0.00228718901053, -0.000933807983529, 0.00145014200825, -0.00190595211461, 5.36915240446e-06, -0.00392244942486, 0.018397860229, -0.00375412777066, 0.000552806770429, 0.00622966326773], [0.00125759560615, -0.00562612758949, 0.00455903401598, -0.00269180722535, 0.00396416150033, -0.00313200592063, 0.00108594365884, 0.00186359963845, -0.000830635777675, -0.00375412777066, 0.0220677163452, -0.0100887641311, 0.00459413928911], [-0.000702266173903, 0.00795000884682, -0.00483327219263, 0.0009185015806, -0.00346174347214, 0.000875851721503, -0.0016857679002, 0.000150420077262, -0.000632881186903, 0.000552806770429, -0.0100887641311, 0.0261416733265, -0.0117192128673], [0.00140067085158, -0.00353016331792, 0.00432972842827, 0.00109638087451, 0.00215149717405, -0.00118402962107, 0.000888019858394, 7.83116556704e-05, -0.000710572698154, 0.00622966326773, 0.00459413928911, -0.0117192128673, 0.0262403655797]]
    },
    "melbands": {
        "max": [0.00156668701675, 0.00748371426016, 0.0157961230725, 0.0091833230108, 0.00437351828441, 0.00185981951654, 0.0026558090467, 0.00451830681413, 0.00309189455584, 0.00212601874955, 0.00177479640115, 0.00282331230119, 0.00801095273346, 0.00474011106417, 0.0103594409302, 0.00948220025748, 0.00113642134238, 0.000668403634336, 0.00255786604248, 0.00126659928355, 0.00105171441101, 0.000671444751788, 0.000616059347522, 0.00062723638257, 0.000162247888511, 8.72968666954e-05, 7.5651674706e-05, 9.02835890884e-05, 0.000124492376926, 0.000124821061036, 4.17185910919e-05, 1.90071368706e-05, 1.33760931931e-05, 1.54796707648e-05, 1.39433241202e-05, 1.33796911541e-05, 9.86996928987e-06, 1.83645952347e-05, 1.31568895085e-05, 5.33097363586e-06],
        "mean": [5.76864949835e-05, 0.000331441580784, 0.000505540752783, 0.000343891471857, 0.000154651890625, 0.000158268550877, 0.000173723863554, 0.000127164152218, 0.000156136782607, 0.00017237663269, 0.000157316491823, 0.00013708404731, 9.18712321436e-05, 6.02756990702e-05, 7.03560945112e-05, 6.77189673297e-05, 4.70614286314e-05, 5.22888294654e-05, 0.000109204898763, 6.50462025078e-05, 6.85527920723e-05, 4.08253727073e-05, 3.79943849111e-05, 4.24397403549e-05, 1.44930518218e-05, 9.5080349638e-06, 8.18187800178e-06, 6.69624023431e-06, 1.07987634692e-05, 6.13289421381e-06, 3.05541220769e-06, 1.80481606549e-06, 1.28242970732e-06, 1.11505300993e-06, 1.08427309442e-06, 8.74606996604e-07, 7.29775308628e-07, 5.7754516547e-07, 3.94139050286e-07, 2.22415252438e-07],
        "min": [4.75583838977e-08, 8.90337332748e-08, 1.1510297071e-07, 7.23669586478e-08, 2.21019647029e-07, 8.82597703367e-07, 7.53832807732e-07, 3.2441155895e-07, 3.86697422528e-07, 8.22659629307e-08, 3.03637449406e-07, 1.45577516264e-07, 8.84186164285e-08, 3.1195256156e-08, 1.21014824828e-08, 2.28689565063e-08, 2.51070861879e-08, 2.47629792227e-08, 1.46510661381e-08, 1.25624834979e-08, 3.17748249934e-09, 1.95735960773e-09, 1.59909685493e-09, 1.45872469659e-09, 1.25159538289e-09, 1.30693589284e-09, 8.81846928813e-10, 6.72257027823e-10, 5.67407898444e-10, 4.34508651281e-10, 2.20449186683e-10, 1.28528562793e-10, 1.26482671559e-10, 9.70157496005e-11, 7.16807446732e-11, 7.82921505404e-11, 6.23077284212e-12, 2.71691367321e-11, 1.87293518368e-12, 9.87065355666e-13],
        "stdev": [0.000106525585579, 0.000746509933379, 0.00113382586278, 0.000679072109051, 0.000293263874482, 0.000223680210183, 0.00026076118229, 0.000262858986389, 0.000383205479011, 0.000304432702251, 0.000264073547442, 0.000290639058221, 0.000326223846059, 0.000233984872466, 0.000448995298939, 0.000331107759848, 8.51144941407e-05, 8.16011015559e-05, 0.000199354661163, 0.000113019254059, 0.000106115374365, 7.41602198104e-05, 6.89093722031e-05, 7.47702652006e-05, 1.84949585673e-05, 1.19513979371e-05, 1.06758843685e-05, 8.92810840014e-06, 1.59574119607e-05, 8.65181755216e-06, 4.44420993517e-06, 2.7011083148e-06, 1.85102658179e-06, 1.6517781205e-06, 1.60089371093e-06, 1.36774531256e-06, 1.18765899515e-06, 1.21616187698e-06, 9.41715711633e-07, 4.48805565156e-07]
    },
    "melbands128": {
        "max": [0.000314685399644, 0.00060610397486, 0.00144201575313, 0.00545072555542, 0.00927123427391, 0.0115771899, 0.0181468613446, 0.0236400868744, 0.0256726499647, 0.0083506796509, 0.00774105172604, 0.00841546244919, 0.00368678569794, 0.00383512536064, 0.00222615641542, 0.00304753286764, 0.00325305061415, 0.00320564955473, 0.00619380129501, 0.00831495504826, 0.00366339925677, 0.00772348418832, 0.0054930257611, 0.00432262336835, 0.00128377333749, 0.00489391107112, 0.00521244527772, 0.00175731559284, 0.00391343608499, 0.0016933165025, 0.00578406685963, 0.00862285960466, 0.0146108372137, 0.00701984623447, 0.00877269916236, 0.00772864837199, 0.0126097127795, 0.0202914457768, 0.0131231816486, 0.0123596666381, 0.0140496473759, 0.00473119365051, 0.000916713906918, 0.00179585185833, 0.00119168334641, 0.000803290051408, 0.00168296264019, 0.00384313496761, 0.00692119682208, 0.0027781301178, 0.00112091843039, 0.00115329446271, 0.00105597323272, 0.00285910931416, 0.00236285151914, 0.0009355446673, 0.00128124246839, 0.000781141105108, 0.00123470847029, 0.00238202116452, 0.0014405741822, 0.000516081810929, 0.000445608049631, 0.000320884399116, 0.000319806626067, 9.67947780737e-05, 0.000109688626253, 0.000169533930602, 0.000126363447635, 0.000138847884955, 9.65904982877e-05, 0.000134533751407, 0.000100221572211, 0.000237694417592, 0.00022264906147, 0.000159398463438, 0.000157821079483, 7.62211857364e-05, 7.70684782765e-05, 3.25279543176e-05, 2.42401983996e-05, 3.06635956804e-05, 2.30578170886e-05, 1.36962762554e-05, 1.70041766978e-05, 1.90709797607e-05, 1.62598371389e-05, 1.41308082675e-05, 1.6227390006e-05, 2.70643777185e-05, 1.59660921781e-05, 1.45436715684e-05, 1.50892947204e-05, 9.92839522951e-06, 1.33827434183e-05, 1.63407694345e-05, 2.04399020731e-05, 2.18574750761e-05, 1.37069691846e-05, 1.01162304418e-05, 5.14301018484e-06, 5.72517592445e-06, 5.04228182763e-06, 5.71746568312e-06, 6.42864370093e-06, 9.81179437076e-06, 8.82152016857e-06, 5.10789141117e-06, 6.7837968345e-06, 6.24768335911e-06, 7.39084362067e-06, 9.63867569226e-06, 8.23556729301e-06, 8.03300372354e-06, 3.0576293284e-06, 2.84732095679e-07, 1.80202484046e-08, 1.56191362066e-08, 1.52471422155e-08, 1.48566341451e-08, 1.45070382374e-08, 1.41653790919e-08, 1.38898199609e-08, 1.36722633215e-08, 1.35041986482e-08, 1.33614408426e-08, 1.32338389136e-08, 1.31666944014e-08],
        "mean": [2.25565891014e-05, 3.34639735229e-05, 5.67843599129e-05, 0.000131642227643, 0.000317709083902, 0.000517089327332, 0.000474350177683, 0.000545000017155, 0.000509053294081, 0.000286904949462, 0.000314565637382, 0.000182535135536, 0.000125952414237, 9.09969749046e-05, 0.000146823207615, 0.000203584990231, 0.000190347418538, 0.000159881092259, 0.000176842178917, 9.30413007154e-05, 0.000121192206279, 0.00017529350589, 0.00017231835227, 0.000135232447064, 7.27856677258e-05, 0.000237843254581, 0.00028723073774, 9.27142464207e-05, 0.000127157923998, 8.24159142212e-05, 0.00017790205311, 0.000172312618815, 7.45451252442e-05, 3.72086142306e-05, 7.23352859495e-05, 5.35974941158e-05, 6.41359511064e-05, 9.2565693194e-05, 5.27948650415e-05, 6.20852515567e-05, 7.39541064831e-05, 7.13201443432e-05, 4.1287032218e-05, 3.58203651558e-05, 5.32595186087e-05, 3.88465632568e-05, 6.85535705998e-05, 0.000131771390443, 0.000114254136861, 9.14662596188e-05, 4.33598543168e-05, 5.06161450176e-05, 9.2142552603e-05, 6.47956840112e-05, 5.17138032592e-05, 3.93772934331e-05, 2.98751947412e-05, 2.89598701784e-05, 4.10121174355e-05, 5.58760984859e-05, 5.05228308612e-05, 2.81949942291e-05, 1.01943742266e-05, 1.3190118807e-05, 1.71240735654e-05, 6.79037202644e-06, 7.48115962779e-06, 7.8937946455e-06, 8.75917703524e-06, 8.14159920992e-06, 5.84397912462e-06, 6.47611250315e-06, 7.93149865785e-06, 1.55400048243e-05, 8.06105072115e-06, 7.20231810192e-06, 4.62926800537e-06, 3.38522636412e-06, 3.34528340318e-06, 2.00243925974e-06, 1.92908510144e-06, 1.65526364526e-06, 1.51765379997e-06, 1.30689522848e-06, 1.03493448478e-06, 1.05267304207e-06, 1.26649888443e-06, 9.95239815893e-07, 1.05785147753e-06, 1.14848728572e-06, 1.02372541733e-06, 7.18020373824e-07, 7.95111816387e-07, 7.37742311685e-07, 7.30369436042e-07, 5.63502567275e-07, 6.08118796208e-07, 4.68733816206e-07, 4.50763707249e-07, 3.62503783435e-07, 1.47095249758e-07, 2.19626514308e-07, 2.52172213777e-07, 2.73531526318e-07, 2.20926864358e-07, 2.06045029927e-07, 1.66628964848e-07, 1.74970651301e-07, 1.40641148505e-07, 1.24419770486e-07, 1.26761037222e-07, 1.20427188222e-07, 1.06485771312e-07, 7.73083002059e-08, 4.03861299958e-08, 2.81967249549e-09, 1.36591515876e-10, 1.81878036937e-11, 1.76345379271e-11, 1.71489662748e-11, 1.67067488316e-11, 1.63237878076e-11, 1.60072493455e-11, 1.57304464593e-11, 1.54122426627e-11, 1.5037629128e-11, 1.47876693529e-11, 1.4695036854e-11],
        "min": [7.25148163738e-09, 3.93432557644e-08, 4.72396486373e-08, 6.75107472148e-08, 9.02120973478e-08, 1.04424039193e-07, 1.12762897686e-07, 1.22051517337e-07, 1.17232119123e-07, 7.59689200436e-08, 3.32788800961e-08, 5.62414186334e-08, 1.3800726606e-07, 1.51541001969e-07, 3.80780932119e-07, 5.53991924335e-07, 3.66620668046e-07, 5.77116949785e-08, 1.40691751582e-08, 5.87706026067e-08, 1.62317164154e-07, 1.07799088767e-07, 6.94491006925e-08, 4.74431587349e-08, 4.00437478731e-08, 1.74254140006e-08, 4.97404322175e-08, 9.30648837993e-08, 7.13715522238e-08, 4.83664237549e-08, 1.43440921363e-08, 2.62342538804e-08, 1.69101515013e-08, 9.3501455467e-09, 2.38300010835e-08, 8.22580048521e-09, 2.15247597524e-09, 1.92679117106e-09, 5.60335688959e-09, 7.55457651991e-09, 1.0093705427e-08, 1.06185407134e-08, 1.20302452444e-08, 1.04087565234e-08, 1.7558896559e-08, 1.4405683757e-08, 5.2085589175e-09, 3.8276293246e-09, 4.92040097555e-09, 2.77911249569e-09, 1.35443878335e-09, 5.4927978832e-10, 7.12838721384e-09, 1.64112401446e-09, 4.95115726196e-10, 9.59326840189e-10, 2.1458114452e-10, 7.96120946944e-11, 2.05334504955e-09, 1.67807689966e-09, 1.30408772669e-09, 1.6122148061e-09, 5.50776091401e-10, 5.83135872922e-10, 1.44417999781e-09, 1.05943032125e-09, 1.10696807276e-09, 3.89568100001e-10, 5.80713144238e-10, 3.62702201606e-10, 6.50785259015e-10, 2.0763174513e-10, 3.12551096115e-10, 5.97268012825e-10, 4.01844085784e-10, 3.43463590902e-10, 2.00857983024e-10, 1.5161671918e-10, 1.636670105e-10, 1.08832262646e-10, 4.11685581458e-11, 9.31845850483e-11, 1.244642861e-10, 1.35390643141e-10, 1.07753743428e-10, 4.87828701046e-11, 8.61070451053e-11, 8.02982264014e-11, 3.96341952313e-11, 3.2598732741e-11, 7.32704522055e-11, 4.65788171922e-11, 8.21587676364e-12, 6.28146894308e-13, 6.33590998677e-13, 1.66847135066e-12, 4.38314037843e-11, 1.04436750047e-12, 6.89345715926e-13, 6.91004003149e-13, 7.57304321249e-13, 7.50599289754e-13, 9.04637855511e-13, 8.21207956237e-13, 5.69305616104e-13, 9.81934368885e-13, 4.60960805117e-13, 3.20731099014e-13, 2.62948246076e-13, 3.06533959457e-13, 2.12204995871e-13, 2.44733893524e-13, 2.45247263253e-13, 2.5334834057e-13, 2.57760582626e-13, 2.28185254979e-13, 2.39203595083e-13, 2.49433747311e-13, 2.13915799137e-13, 2.46765281819e-13, 2.49336413061e-13, 2.1436269372e-13, 1.96631881784e-13, 2.36030379269e-13, 1.344470325e-13, 7.23534594868e-14, 1.10142319934e-14, 2.66840286448e-16],
        "stdev": [3.04995883198e-05, 6.70062217978e-05, 0.000115576040116, 0.000326089037117, 0.000786071876064, 0.0013221076224, 0.00130872929003, 0.0015056572156, 0.0013508804841, 0.000666403386276, 0.000792346021626, 0.000434173794929, 0.000298638246022, 0.000234695820836, 0.000247486023, 0.000355150463292, 0.000360127975, 0.000282231427263, 0.000474163796753, 0.000312981341267, 0.000349908630596, 0.000553888618015, 0.000561186228879, 0.000470976840006, 0.000144329853356, 0.000557679042686, 0.00063415808836, 0.000197969711735, 0.000334587530233, 0.00019379267178, 0.000518159708008, 0.000569189316593, 0.000497508095577, 0.000233935847064, 0.000318037258694, 0.000256099563558, 0.000497065950185, 0.000811347155832, 0.000438358081738, 0.000432254339103, 0.000480315648019, 0.000198448309675, 8.67263224791e-05, 0.00010909588309, 0.000114510890853, 8.04314113338e-05, 0.000153861619765, 0.000295327859931, 0.000323398242472, 0.00026163860457, 0.000107112413389, 9.98653049464e-05, 0.000169963313965, 0.000186863850104, 0.000165352335898, 8.89132570592e-05, 8.13037404441e-05, 7.86097953096e-05, 9.71459085122e-05, 0.000181865543709, 0.00011961794371, 5.783677625e-05, 2.68501462415e-05, 2.39227920247e-05, 3.3517000702e-05, 1.11036433736e-05, 1.18824182209e-05, 1.27129460452e-05, 1.4475936041e-05, 1.4560472664e-05, 9.50182766246e-06, 1.1154999811e-05, 1.23714007714e-05, 3.21043589793e-05, 1.5932293536e-05, 1.37908027682e-05, 8.99597034731e-06, 5.39312077308e-06, 6.73815475238e-06, 3.48763796865e-06, 3.13201758217e-06, 3.14444173455e-06, 2.41855855165e-06, 1.97105578081e-06, 1.80082849965e-06, 1.91835692931e-06, 1.97583290173e-06, 1.4682004803e-06, 1.66496101883e-06, 2.18586751544e-06, 1.73563455519e-06, 1.18560944884e-06, 1.50880418914e-06, 1.22484129861e-06, 1.3744008811e-06, 1.17348179174e-06, 1.33048649786e-06, 1.37288134283e-06, 1.14794249839e-06, 8.33416265777e-07, 3.45298275306e-07, 4.70947895792e-07, 4.87267868721e-07, 5.54916198325e-07, 4.83658993744e-07, 5.26304518189e-07, 4.25014661687e-07, 4.17289442112e-07, 3.96044356421e-07, 3.70268253391e-07, 4.20814501467e-07, 4.82441180338e-07, 4.62190939743e-07, 4.53897712305e-07, 2.26071051657e-07, 1.66673554958e-08, 1.07568820518e-09, 4.80862460961e-10, 4.69399963343e-10, 4.57372695273e-10, 4.46607667515e-10, 4.36087138622e-10, 4.27601287711e-10, 4.20903922826e-10, 4.15731393755e-10, 4.11343320517e-10, 4.07414990633e-10, 4.05349337429e-10]
    },
    "mfcc": {
        "mean": [-674.917114258, 119.922523499, -31.1678314209, 20.3346099854, -1.25641655922, -2.09798336029, -7.12736082077, -1.50376844406, 0.245390862226, 1.86939394474, -8.08390808105, -0.668006360531, -7.76384115219],
        "cov": [[10507.1328125, -3547.26586914, -1218.24975586, -391.717529297, -162.711593628, 105.493011475, -57.0237159729, 429.49105835, 272.788848877, 36.544128418, -276.733276367, 142.131912231, -32.7040786743], [-3547.26586914, 1933.46655273, 701.159606934, 326.731170654, 63.2935142517, -161.066238403, 38.4547309875, -176.107040405, -139.179473877, -12.8210687637, 8.37151050568, -126.278388977, -85.4584579468], [-1218.24975586, 701.159606934, 728.557128906, 147.285202026, 108.057357788, -56.9718170166, 22.4295635223, -61.3818092346, -83.0261764526, -46.3002204895, -45.7323646545, -121.750022888, -50.0516853333], [-391.717529297, 326.731170654, 147.285202026, 312.241790771, 46.7197685242, -48.027557373, -29.5701828003, -29.1645240784, -54.8422813416, -14.4327735901, -20.6570072174, 10.5980739594, -25.3160133362], [-162.711593628, 63.2935142517, 108.057357788, 46.7197685242, 115.779899597, 20.9660949707, -4.31304931641, 3.59135437012, -16.524433136, -15.5280752182, -19.243309021, -15.2974004745, 2.30543279648], [105.493011475, -161.066238403, -56.9718170166, -48.027557373, 20.9660949707, 162.966766357, 38.9348258972, 18.0786266327, -11.1430549622, -20.1592483521, 15.775141716, 5.9895658493, 8.8433265686], [-57.0237159729, 38.4547309875, 22.4295635223, -29.5701828003, -4.31304931641, 38.9348258972, 86.1029663086, 17.1317405701, -9.54793834686, -4.39245080948, -0.215859144926, -15.0993099213, -4.28132295609], [429.49105835, -176.107040405, -61.3818092346, -29.1645240784, 3.59135437012, 18.0786266327, 17.1317405701, 89.9009246826, 31.334072113, -9.08653259277, -18.5188579559, 9.75620746613, 11.3221921921], [272.788848877, -139.179473877, -83.0261764526, -54.8422813416, -16.524433136, -11.1430549622, -9.54793834686, 31.334072113, 90.9987869263, 23.571144104, -5.40683746338, 4.315305233, -4.72865200043], [36.544128418, -12.8210687637, -46.3002204895, -14.4327735901, -15.5280752182, -20.1592483521, -4.39245080948, -9.08653259277, 23.571144104, 76.2125244141, 21.2406597137, 9.54165935516, 7.03462076187], [-276.733276367, 8.37151050568, -45.7323646545, -20.6570072174, -19.243309021, 15.775141716, -0.215859144926, -18.5188579559, -5.40683746338, 21.2406597137, 94.6602096558, 37.9105491638, 10.510720253], [142.131912231, -126.278388977, -121.750022888, 10.5980739594, -15.2974004745, 5.9895658493, -15.0993099213, 9.75620746613, 4.315305233, 9.54165935516, 37.9105491638, 96.2780609131, 30.2119655609], [-32.7040786743, -85.4584579468, -50.0516853333, -25.3160133362, 2.30543279648, 8.8433265686, -4.28132295609, 11.3221921921, -4.72865200043, 7.03462076187, 10.510720253, 30.2119655609, 92.7472381592]],
        "icov": [[0.000397925672587, 0.000780333590228, 1.72218751686e-05, -0.000193453641259, 0.000277427112451, 0.000349561974872, -0.000146827282151, -0.000542616588064, 0.000397158844862, -0.000482722709421, 0.00103194080293, -9.58752934821e-05, 0.000806196068879], [0.000780333590228, 0.0027029691264, -0.000631137227174, -0.00119354377966, 0.000602699583396, 0.00155034544878, -0.00142883579247, 0.000268342264462, 0.000925435160752, -0.000898827565834, 0.00125755707268, 0.000511020771228, 0.00164418260101], [1.72218751686e-05, -0.000631137227174, 0.00298920529895, -0.000234053572058, -0.00195304804947, 0.00078008743003, -0.000481909548398, 0.000155149915372, 0.000854306737892, 0.000917174329516, -0.00012381754641, 0.00238501676358, 0.000117890238471], [-0.000193453641259, -0.00119354377966, -0.000234053572058, 0.00542883854359, -0.0014387544943, 0.000255191203905, 0.00203026807867, -0.000577784783673, 0.00237173587084, -0.000275871803751, 0.00146555458196, -0.00312256300822, 0.00135617388878], [0.000277427112451, 0.000602699583396, -0.00195304804947, -0.0014387544943, 0.0121332844719, -0.00278035411611, 0.0021900262218, -0.00195922842249, 0.000449871819001, -0.000573118915781, 0.00225075171329, 8.42342778924e-05, -0.000705864280462], [0.000349561974872, 0.00155034544878, 0.00078008743003, 0.000255191203905, -0.00278035411611, 0.00971157103777, -0.00466097891331, 0.000126221755636, 0.00169826985803, 0.00212177797221, -0.00163781025913, 0.000790829828475, 0.000808617915027], [-0.000146827282151, -0.00142883579247, -0.000481909548398, 0.00203026807867, 0.0021900262218, -0.00466097891331, 0.0167540647089, -0.00548572512344, 0.00294143334031, -0.00169808010105, 0.000125041551655, 0.00111077039037, 0.000661594734993], [-0.000542616588064, 0.000268342264462, 0.000155149915372, -0.000577784783673, -0.00195922842249, 0.000126221755636, -0.00548572512344, 0.0186856370419, -0.00656865211204, 0.00397837301716, 0.00113709282596, -0.00131226447411, -0.00285373488441], [0.000397158844862, 0.000925435160752, 0.000854306737892, 0.00237173587084, 0.000449871819001, 0.00169826985803, 0.00294143334031, -0.00656865211204, 0.0181206054986, -0.00578646222129, 0.00238501932472, 0.000133196750539, 0.00391478836536], [-0.000482722709421, -0.000898827565834, 0.000917174329516, -0.000275871803751, -0.000573118915781, 0.00212177797221, -0.00169808010105, 0.00397837301716, -0.00578646222129, 0.0178605336696, -0.0051656961441, 0.00123229611199, -0.00279655377381], [0.00103194080293, 0.00125755707268, -0.00012381754641, 0.00146555458196, 0.00225075171329, -0.00163781025913, 0.000125041551655, 0.00113709282596, 0.00238501932472, -0.0051656961441, 0.018742416054, -0.0076518021524, 0.00270492490381], [-9.58752934821e-05, 0.000511020771228, 0.00238501676358, -0.00312256300822, 8.42342778924e-05, 0.000790829828475, 0.00111077039037, -0.00131226447411, 0.000133196750539, 0.00123229611199, -0.0076518021524, 0.019106913358, -0.00443771714345], [0.000806196068879, 0.00164418260101, 0.000117890238471, 0.00135617388878, -0.000705864280462, 0.000808617915027, 0.000661594734993, -0.00285373488441, 0.00391478836536, -0.00279655377381, 0.00270492490381, -0.00443771714345, 0.0148851228878]]
    },
    "spectral_contrast_coeffs": {
        "max": [-0.472538560629, -0.548249006271, -0.534037530422, -0.565035641193, -0.539337456226, -0.642856240273],
        "mean": [-0.710289716721, -0.748146295547, -0.742186546326, -0.75020468235, -0.753006458282, -0.758111774921],
        "min": [-0.908082604408, -0.943263411522, -0.908141136169, -0.947501063347, -0.892122685909, -0.880503416061],
        "stdev": [0.0711326301098, 0.0695097818971, 0.0729876682162, 0.0659736692905, 0.062295909971, 0.0434235967696]
    },
    "spectral_contrast_valleys": {
        "max": [-5.27562093735, -4.89562368393, -5.37252283096, -5.32582950592, -5.91399717331, -8.47182846069],
        "mean": [-7.56752872467, -7.1039147377, -7.66098165512, -7.78131866455, -7.99231147766, -10.9280700684],
        "min": [-9.57615756989, -9.21269226074, -10.2428770065, -10.961356163, -11.4688472748, -15.8891878128],
        "stdev": [0.752584576607, 0.764470458031, 0.998337447643, 1.13229751587, 1.26681661606, 1.34682118893]
    }
},
"rhythm": {
    "beats_count": 54,
    "beats_loudness": {
        "max": 0.0627312138677,
        "mean": 0.014457042329,
        "min": 0.000456921261502,
        "stdev": 0.0140523612499
    },
    "bpm": 117.834228516,
    "bpm_histogram_first_peak_bpm": 117,
    "bpm_histogram_first_peak_weight": 0.400000035763,
    "bpm_histogram_second_peak_bpm": 178,
    "bpm_histogram_second_peak_spread": 0,
    "bpm_histogram_second_peak_weight": 0.150943398476,
    "danceability": 0.83380651474,
    "onset_rate": 2.82201504707,
    "beats_loudness_band_ratio": {
        "max": [0.683664858341, 0.563731074333, 0.685082495213, 0.434417724609, 0.645555138588, 0.174525409937],
        "mean": [0.229906052351, 0.178632348776, 0.182915300131, 0.165726482868, 0.224934741855, 0.0621927008033],
        "min": [0.00489990832284, 0.00407288037241, 0.0394482538104, 0.0113125164062, 0.00264238310046, 0.000209654885111],
        "stdev": [0.19896890223, 0.154201179743, 0.147568389773, 0.122352734208, 0.174179211259, 0.0454330742359]
    },
    "beats_position": [0.49922901392, 1.02167797089, 1.53251695633, 2.04335594177, 2.55419492722, 3.05342388153, 3.54104304314, 4.04027223587, 4.55111122131, 5.06195020676, 5.5727891922, 6.07201814651, 6.57124710083, 7.08208608627, 7.59292507172, 8.10376358032, 8.62621307373, 9.16027164459, 9.70594120026, 10.2632198334, 10.8785486221, 11.505487442, 12.051156044, 12.5852155685, 13.1192741394, 13.6533327103, 14.1873922348, 14.7214508057, 15.1742401123, 15.6386394501, 16.0914287567, 16.4513378143, 16.8112468719, 17.1711559296, 17.5310649872, 17.8793640137, 18.2160549164, 18.5643539429, 18.9010429382, 19.2377319336, 19.5860309601, 19.9343299866, 20.2710208893, 20.6077098846, 20.94439888, 21.2694778442, 21.5945568085, 21.9196376801, 22.2447166443, 22.5697956085, 22.8948745728, 23.219953537, 23.5566444397, 23.8933334351],
