{
"metadata": {
    "version": {
        "essentia": "2.1-beta5",
        "essentia_git_sha": "Undefined",
        "extractor": "music 2.0"
    },
    "audio_properties": {
        "analysis": {
            "equal_loudness": 0,
            "length": 48.7502937317,
            "sample_rate": 44100,
            "start_time": 191.4949646,
            "downmix": "mix"
        },
        "bit_rate": 192000,
        "length": 263.6277771,
        "lossless": 0,
        "number_channels": 1,
        "replay_gain": -6.48398780823,
        "sample_rate": 48000,
        "codec": "mp3",
        "md5_encoded": "db7926382f59d7c8717ddff03fd97e60"
    },
    "tags": {
        "file_name": "Switzerland_Trödler Und Co._Peter, Sue and Marc and Pfuri, Gorps and Kniri.mp3",
        "encoding": ["Lavf58.29.100"]
    }
},
"lowlevel": {
    "average_loudness": 0.73563170433,
    "barkbands_crest": {
        "max": 24.0963096619,
        "mean": 9.46560955048,
        "min": 2.64921808243,
        "stdev": 4.42687606812
    },
    "barkbands_flatness_db": {
        "max": 0.341413617134,
        "mean": 0.178812384605,
        "min": 0.0635986253619,
        "stdev": 0.041714143008
    },
    "barkbands_kurtosis": {
        "max": 81.0179977417,
        "mean": 2.66924738884,
        "min": -1.68514871597,
        "stdev": 6.33131790161
    },
    "barkbands_skewness": {
        "max": 7.72489738464,
        "mean": 1.19653522968,
        "min": -1.21080839634,
        "stdev": 1.13218438625
    },
    "barkbands_spread": {
        "max": 46.8408851624,
        "mean": 15.9957256317,
        "min": 1.48584604263,
        "stdev": 8.15927600861
    },
    "dissonance": {
        "max": 0.499968260527,
        "mean": 0.45950999856,
        "min": 0.313650876284,
        "stdev": 0.0291928518564
    },
    "dynamic_complexity": 3.43473958969,
    "erbbands_crest": {
        "max": 28.3047218323,
        "mean": 9.80892753601,
        "min": 2.81352138519,
        "stdev": 4.41518211365
    },
    "erbbands_flatness_db": {
        "max": 0.353821545839,
        "mean": 0.229661270976,
        "min": 0.141692712903,
        "stdev": 0.0407693460584
    },
    "erbbands_kurtosis": {
        "max": 16.0287265778,
        "mean": -0.00254016532563,
        "min": -1.76346361637,
        "stdev": 1.50411319733
    },
    "erbbands_skewness": {
        "max": 3.08482909203,
        "mean": 0.34480676055,
        "min": -1.89405822754,
        "stdev": 0.648415386677
    },
    "erbbands_spread": {
        "max": 90.4602050781,
        "mean": 30.2537937164,
        "min": 4.96464395523,
        "stdev": 13.0837469101
    },
    "hfc": {
        "max": 96.3861160278,
        "mean": 14.3033533096,
        "min": 0.282180547714,
        "stdev": 12.9419288635
    },
    "loudness_ebu128": {
        "integrated": -22.0042705536,
        "loudness_range": 5.8128452301,
        "momentary": {
            "max": -16.0613441467,
            "mean": -23.0613040924,
            "min": -36.8941879272,
            "stdev": 3.12481951714
        },
        "short_term": {
            "max": -18.3616466522,
            "mean": -22.5825881958,
            "min": -26.2223510742,
            "stdev": 2.14179229736
        }
    },
    "melbands_crest": {
        "max": 29.9738712311,
        "mean": 11.92486763,
        "min": 3.03927993774,
        "stdev": 5.33679485321
    },
    "melbands_flatness_db": {
        "max": 0.434105336666,
        "mean": 0.202023461461,
        "min": 0.0838942155242,
        "stdev": 0.0542947351933
    },
    "melbands_kurtosis": {
        "max": 164.261581421,
        "mean": 7.84393405914,
        "min": -1.4026055336,
        "stdev": 14.0155115128
    },
    "melbands_skewness": {
        "max": 10.4532613754,
        "mean": 1.92639422417,
        "min": -0.864493250847,
        "stdev": 1.49606263638
    },
    "melbands_spread": {
        "max": 84.5007171631,
        "mean": 22.2856693268,
        "min": 1.19327318668,
        "stdev": 12.8133115768
    },
    "pitch_salience": {
        "max": 0.874250590801,
        "mean": 0.570046842098,
        "min": 0.11030831933,
        "stdev": 0.125508725643
    },
    "silence_rate_20dB": {
        "max": 1,
        "mean": 1,
        "min": 1,
        "stdev": 0
    },
    "silence_rate_30dB": {
        "max": 1,
        "mean": 1,
        "min": 1,
        "stdev": 0
    },
    "silence_rate_60dB": {
        "max": 1,
        "mean": 0.0804378837347,
        "min": 0,
        "stdev": 0.271969377995
    },
    "spectral_centroid": {
        "max": 3070.91943359,
        "mean": 1387.9251709,
        "min": 219.042144775,
        "stdev": 610.792480469
    },
    "spectral_complexity": {
        "max": 44,
        "mean": 15.7553548813,
        "min": 0,
        "stdev": 6.8484749794
    },
    "spectral_decrease": {
        "max": -4.03765423873e-11,
        "mean": -4.40407932345e-09,
        "min": -2.8461203172e-08,
        "stdev": 4.32451141563e-09
    },
    "spectral_energy": {
        "max": 0.113397479057,
        "mean": 0.0179193820804,
        "min": 0.000177985333721,
        "stdev": 0.0172981340438
    },
    "spectral_energyband_high": {
        "max": 0.00157262559514,
        "mean": 0.000243310758378,
        "min": 7.30181545805e-06,
        "stdev": 0.000228827993851
    },
    "spectral_energyband_low": {
        "max": 0.0588340498507,
        "mean": 0.00217993091792,
        "min": 1.37626898322e-06,
        "stdev": 0.00688968598843
    },
    "spectral_energyband_middle_high": {
        "max": 0.062367271632,
        "mean": 0.00535301072523,
        "min": 6.36641198071e-05,
        "stdev": 0.00739828543738
    },
    "spectral_energyband_middle_low": {
        "max": 0.0748636871576,
        "mean": 0.0107864411548,
        "min": 4.022788562e-05,
        "stdev": 0.0125489374623
    },
    "spectral_entropy": {
        "max": 8.19477081299,
        "mean": 7.30683374405,
        "min": 6.2776632309,
        "stdev": 0.312049627304
    },
    "spectral_flux": {
        "max": 0.23752464354,
        "mean": 0.0730784982443,
        "min": 0.0097124800086,
        "stdev": 0.043905980885
    },
    "spectral_kurtosis": {
        "max": 20.8326911926,
        "mean": 5.05268764496,
        "min": -0.262825965881,
        "stdev": 3.07516860962
    },
    "spectral_rms": {
        "max": 0.0105181597173,
        "mean": 0.00374958710745,
        "min": 0.000416706403485,
        "stdev": 0.00185011234134
    },
    "spectral_rolloff": {
        "max": 5103.36914062,
        "mean": 1591.06066895,
        "min": 129.19921875,
        "stdev": 937.430175781
    },
    "spectral_skewness": {
        "max": 3.22094964981,
        "mean": 1.39177381992,
        "min": 0.0508698299527,
        "stdev": 0.497498691082
    },
    "spectral_spread": {
        "max": 8625312,
        "mean": 3065847,
        "min": 1779843,
        "stdev": 546784.1875
    },
    "spectral_strongpeak": {
        "max": 10.8598594666,
        "mean": 1.30212879181,
        "min": 0.0174905993044,
        "stdev": 1.38412928581
    },
    "zerocrossingrate": {
        "max": 0.1220703125,
        "mean": 0.0553231239319,
        "min": 0.009765625,
        "stdev": 0.0204088054597
    },
    "barkbands": {
        "max": [0.000112759698823, 0.00733344024047, 0.0495616495609, 0.0184084810317, 0.0281253419816, 0.0678102746606, 0.0440887659788, 0.0400340259075, 0.0499683506787, 0.0523593313992, 0.0245044995099, 0.0303677618504, 0.0369400009513, 0.0382518805563, 0.00928158313036, 0.0178120750934, 0.00368536054157, 0.00227570394054, 0.00139391899575, 0.00173917901702, 0.00134723668452, 0.000762824027333, 7.07244544174e-05, 3.32876038556e-06, 3.87434238291e-06, 1.3909975678e-06, 5.44798695046e-07],
        "mean": [2.68452345153e-06, 0.000249869801337, 0.00145880144555, 0.000793873914517, 0.00133131048642, 0.00275950087234, 0.0018353771884, 0.00235500303097, 0.00138887902722, 0.00112421694212, 0.000668971741106, 0.000736839079764, 0.000661627738737, 0.000696288770996, 0.000345411826856, 0.000488392950501, 0.00033802332473, 0.000187832702068, 0.0001691182988, 0.000148995153722, 0.000117734532978, 5.37770429219e-05, 3.0029887057e-06, 1.60422735007e-06, 2.11223618862e-06, 1.25465348333e-07, 2.16086992744e-09],
        "min": [7.49245387954e-10, 1.70081165152e-07, 4.84582542981e-08, 6.24959170636e-07, 1.58754551194e-06, 2.61803552348e-06, 3.03835190607e-06, 2.88433966489e-07, 4.85908321934e-06, 1.2048329836e-06, 6.25609857252e-07, 2.53196435551e-06, 3.07872142002e-06, 1.97089070753e-06, 6.34335890481e-07, 2.17637830247e-06, 1.03133231732e-06, 1.78981929366e-06, 9.22110928059e-07, 1.48492540575e-06, 9.05614058411e-07, 5.25750408542e-07, 1.87898521631e-07, 3.07952490175e-08, 2.60275232478e-08, 2.26258012326e-10, 1.00943024772e-10],
        "stdev": [6.00290650254e-06, 0.000753305735998, 0.00537569774315, 0.0016425884096, 0.0023301653564, 0.00559471128508, 0.00395418098196, 0.00588526763022, 0.00307436380535, 0.00307363411412, 0.00194156041835, 0.00208570016548, 0.00186410627794, 0.00217799469829, 0.000709022744559, 0.00105797639117, 0.000437163776951, 0.000223105584155, 0.000187240118976, 0.000158517766977, 0.000142516350024, 7.07721555955e-05, 4.67173185825e-06, 4.4136396582e-07, 6.02613795309e-07, 1.59306608793e-07, 1.93887252919e-08]
    },
    "erbbands": {
        "max": [0.0491133965552, 2.91517996788, 43.1854438782, 71.3669204712, 103.517417908, 81.9993057251, 263.230163574, 850.744262695, 734.698547363, 1033.71020508, 933.270568848, 1316.64306641, 1691.6673584, 908.00793457, 737.632324219, 1445.14953613, 1033.61193848, 2238.55224609, 1393.88037109, 612.537780762, 608.516418457, 243.412063599, 94.0626678467, 98.7450637817, 65.9770202637, 103.870857239, 79.3094558716, 56.5443992615, 27.595281601, 14.9473457336, 0.767274737358, 0.0833364352584, 0.0653602182865, 0.0493508055806, 0.0343929827213, 0.0101715950295, 0.000400226883357, 0.000869393115863, 5.81070380576e-05, 0.000130058120703],
        "mean": [0.00175259960815, 0.0991234108806, 1.3074991703, 2.54641342163, 3.44274234772, 4.05757713318, 10.426861763, 27.8276920319, 31.1484909058, 30.0405387878, 48.2080688477, 33.6111106873, 35.8930587769, 30.7412776947, 26.7230167389, 28.3810882568, 28.7326431274, 32.4884643555, 27.44389534, 21.1058292389, 24.8122882843, 21.9836502075, 12.2864723206, 9.22456455231, 7.52758598328, 6.96468544006, 5.82923078537, 3.64932465553, 2.27835226059, 0.766452729702, 0.0641129910946, 0.0337300002575, 0.0281459242105, 0.0246695596725, 0.0139764454216, 0.00174610572867, 5.48285242985e-05, 7.57835050536e-06, 1.01512277979e-05, 2.12619543163e-05],
        "min": [6.19187676421e-06, 6.68960637995e-05, 0.000470314495033, 0.00176271586679, 0.00298010790721, 0.0052708084695, 0.0214085057378, 0.0345288738608, 0.0507957004011, 0.018730705604, 0.0320565141737, 0.175635546446, 0.0569056794047, 0.0908536463976, 0.096323184669, 0.134991005063, 0.156027883291, 0.161868467927, 0.0819469243288, 0.234819084406, 0.260672479868, 0.0838673040271, 0.109065264463, 0.111550152302, 0.0873429402709, 0.0736912786961, 0.0553794167936, 0.028058975935, 0.019608348608, 0.0136210843921, 0.0023125114385, 0.000858671613969, 0.000433166569564, 0.00039275540621, 8.80880834302e-05, 2.40962745011e-05, 8.39030599309e-06, 1.78503341886e-06, 5.82593031595e-07, 4.36774286072e-07],
        "stdev": [0.00476955110207, 0.315570145845, 4.66569948196, 6.4970407486, 7.36636304855, 6.42248344421, 21.5836544037, 57.7330284119, 64.2597122192, 74.0492935181, 120.258605957, 79.7780075073, 98.4395904541, 77.8767547607, 62.3093070984, 81.6256332397, 68.7053451538, 103.178199768, 71.5704040527, 37.9175949097, 47.4703140259, 28.0593414307, 13.3372631073, 10.5869817734, 7.50792646408, 7.67752695084, 7.07527542114, 4.48722553253, 3.08475422859, 1.11332345009, 0.055722925812, 0.0107619687915, 0.00829674117267, 0.00704475538805, 0.00538429198787, 0.00137616915163, 3.77885589842e-05, 3.08437083731e-05, 8.7461721705e-06, 1.98928137252e-05]
    },
    "gfcc": {
        "mean": [-60.3279685974, 122.897850037, -176.332565308, 29.1841564178, -72.8396453857, -12.3401174545, -40.1080513, -4.59538078308, -22.1335868835, -2.09858298302, -14.2902212143, -16.2832984924, 1.87962603569],
        "cov": [[1326.31848145, 482.774810791, -231.609024048, 14.4354143143, 60.6542320251, -193.70640564, 270.774780273, -158.935897827, 113.029281616, -97.4886627197, 71.5453338623, -84.0109176636, 28.2651062012], [482.774810791, 608.319641113, 411.761383057, 10.2070789337, 123.081970215, -23.1250972748, -2.51772928238, -39.6734085083, -17.4792194366, -118.53604126, 38.3622894287, -61.8526573181, 21.0209827423], [-231.609024048, 411.761383057, 994.493225098, 293.327850342, 113.389221191, 65.9911651611, -221.321044922, 85.5655059814, -108.356941223, -34.9375114441, -68.5262298584, -25.3969554901, -60.8174247742], [14.4354143143, 10.2070789337, 293.327850342, 521.776672363, 99.4684371948, 3.48507547379, 5.84438657761, -14.1668720245, 24.1076526642, -16.3606586456, -90.9224395752, -37.3762397766, -80.5429916382], [60.6542320251, 123.081970215, 113.389221191, 99.4684371948, 181.628509521, 69.8595123291, -4.7566576004, 5.78546094894, 4.39683103561, -32.337020874, -8.50820827484, -20.512096405, -9.04809951782], [-193.70640564, -23.1250972748, 65.9911651611, 3.48507547379, 69.8595123291, 265.754333496, 100.913978577, 27.4813289642, -82.7475128174, -16.3387641907, -42.289691925, -18.1371974945, -45.3156166077], [270.774780273, -2.51772928238, -221.321044922, 5.84438657761, -4.7566576004, 100.913978577, 286.131469727, -21.6656360626, 3.1805100441, -36.00233078, -0.0310388263315, -39.2713813782, -28.8551311493], [-158.935897827, -39.6734085083, 85.5655059814, -14.1668720245, 5.78546094894, 27.4813289642, -21.6656360626, 120.522109985, 10.9267530441, 26.3062343597, -13.2069292068, 2.90070366859, -10.8027114868], [113.029281616, -17.4792194366, -108.356941223, 24.1076526642, 4.39683103561, -82.7475128174, 3.1805100441, 10.9267530441, 146.698394775, 35.3783493042, 10.933555603, -17.0206737518, -1.99361300468], [-97.4886627197, -118.53604126, -34.9375114441, -16.3606586456, -32.337020874, -16.3387641907, -36.00233078, 26.3062343597, 35.3783493042, 106.089546204, 14.3890275955, 9.04932975769, -17.1876373291], [71.5453338623, 38.3622894287, -68.5262298584, -90.9224395752, -8.50820827484, -42.289691925, -0.0310388263315, -13.2069292068, 10.933555603, 14.3890275955, 95.3646392822, 29.6515617371, 31.1853504181], [-84.0109176636, -61.8526573181, -25.3969554901, -37.3762397766, -20.512096405, -18.1371974945, -39.2713813782, 2.90070366859, -17.0206737518, 9.04932975769, 29.6515617371, 82.5378417969, 37.2969360352], [28.2651062012, 21.0209827423, -60.8174247742, -80.5429916382, -9.04809951782, -45.3156166077, -28.8551311493, -10.8027114868, -1.99361300468, -17.1876373291, 31.1853504181, 37.2969360352, 93.0307769775]],
        "icov": [[0.00480230292305, -0.00663124024868, 0.00315317045897, -0.00109589355998, -0.00122647208627, 0.00472772074863, -0.00441896030679, 0.00123757589608, 0.00126549694687, -0.00408530700952, 0.0031579202041, -0.00194246601313, 0.00110107567161], [-0.00663124024868, 0.0198561232537, -0.012294601649, 0.00674487976357, -0.00400661444291, -0.00195463513955, 9.06902059796e-05, 0.00432577822357, -0.00542042497545, 0.0121828597039, -0.00857743993402, 0.00819250568748, -0.003755671205], [0.00315317045897, -0.012294601649, 0.0103624444455, -0.00611020298675, 0.0035023347009, -0.00103561021388, 0.00399048533291, -0.00552140455693, 0.00520483963192, -0.00619505345821, 0.0038508141879, -0.00380571908318, 0.00293896114454], [-0.00109589355998, 0.00674487976357, -0.00611020298675, 0.00701955053955, -0.00493363570422, 0.0032683534082, -0.00404720986262, 0.00453992420807, -0.00300777610391, 0.00301634543575, 0.00137604458723, 0.000743127893656, 0.00100942025892], [-0.00122647208627, -0.00400661444291, 0.0035023347009, -0.00493363570422, 0.0129130175337, -0.00859469734132, 0.00702984491363, -0.00397655274719, -0.00133190094493, 0.00140950269997, -0.00273791467771, 0.000364256906323, -0.000912126037292], [0.00472772074863, -0.00195463513955, -0.00103561021388, 0.0032683534082, -0.00859469734132, 0.0160913839936, -0.0114775756374, 0.00284918211401, 0.00457636872306, -0.00414112070575, 0.00605716090649, -0.00175853492692, 0.002938560443], [-0.00441896030679, 9.06902059796e-05, 0.00399048533291, -0.00404720986262, 0.00702984491363, -0.0114775756374, 0.0156042547897, -0.00545429531485, 2.47108382609e-05, 0.00434895511717, -0.00473308749497, 0.00253818300553, 0.00109943887219], [0.00123757589608, 0.00432577822357, -0.00552140455693, 0.00453992420807, -0.00397655274719, 0.00284918211401, -0.00545429531485, 0.0149195156991, -0.00453598843887, -0.000288034323603, 0.00136993906926, 0.000307656853693, -0.000723654637113], [0.00126549694687, -0.00542042497545, 0.00520483963192, -0.00300777610391, -0.00133190094493, 0.00457636872306, 2.47108382609e-05, -0.00453598843887, 0.0141280116513, -0.00708803255111, 0.00223958701827, 0.000655536947306, 0.00119908933993], [-0.00408530700952, 0.0121828597039, -0.00619505345821, 0.00301634543575, 0.00140950269997, -0.00414112070575, 0.00434895511717, -0.000288034323603, -0.00708803255111, 0.0226684696972, -0.00985761918128, 0.00466057704762, 0.00195744843222], [0.0031579202041, -0.00857743993402, 0.0038508141879, 0.00137604458723, -0.00273791467771, 0.00605716090649, -0.00473308749497, 0.00136993906926, 0.00223958701827, -0.00985761918128, 0.0223285406828, -0.00987979397178, 0.000765437493101], [-0.00194246601313, 0.00819250568748, -0.00380571908318, 0.000743127893656, 0.000364256906323, -0.00175853492692, 0.00253818300553, 0.000307656853693, 0.000655536947306, 0.00466057704762, -0.00987979397178, 0.0232381857932, -0.00823316816241], [0.00110107567161, -0.003755671205, 0.00293896114454, 0.00100942025892, -0.000912126037292, 0.002938560443, 0.00109943887219, -0.000723654637113, 0.00119908933993, 0.00195744843222, 0.000765437493101, -0.00823316816241, 0.0190896000713]]
    },
    "melbands": {
        "max": [0.001098733861, 0.0156146716326, 0.0102056944743, 0.00631925929338, 0.00706975115463, 0.0163893401623, 0.0102910539135, 0.0101335281506, 0.00623406842351, 0.00918113067746, 0.0084842145443, 0.00361144077033, 0.00298980507068, 0.00354573037475, 0.00400054687634, 0.00440978165716, 0.00381934386678, 0.0029896562919, 0.00102378905285, 0.0018533404218, 0.000704229460098, 0.000319166691042, 0.000142084129038, 0.000137915601954, 9.86332815955e-05, 7.61852279538e-05, 5.80995110795e-05, 5.95380843151e-05, 4.98165645695e-05, 2.25056392082e-05, 3.89647611883e-05, 1.9257013264e-05, 1.20175145639e-05, 5.89679621044e-06, 8.68317400204e-08, 8.3833640474e-08, 4.62505695964e-08, 4.6010203647e-08, 5.54428112309e-08, 5.0466724133e-08],
        "mean": [3.79289340344e-05, 0.000497415603604, 0.000460262584966, 0.000270904740319, 0.000328141526552, 0.000609729322605, 0.000437777285697, 0.000386746571166, 0.000353041134076, 0.00020871583547, 0.000181301176781, 0.000129659907543, 8.83939792402e-05, 8.06986718089e-05, 7.15057321941e-05, 6.83942853357e-05, 5.82218344789e-05, 4.93929401273e-05, 2.80124968413e-05, 3.16851983371e-05, 2.63176825683e-05, 2.27963282668e-05, 1.33662751978e-05, 9.32928196562e-06, 7.35394269213e-06, 6.04892056799e-06, 5.41133204024e-06, 4.25647249358e-06, 4.05678974857e-06, 2.26045744967e-06, 2.01297007152e-06, 1.37817096402e-06, 7.88251099948e-07, 2.45064853743e-07, 1.94104217144e-08, 1.97818756931e-08, 1.93212663646e-08, 1.87316597788e-08, 2.00131413663e-08, 2.16346514037e-08],
        "min": [4.37288285582e-08, 2.12817411693e-07, 3.23623225995e-07, 2.88239590418e-07, 5.72080011807e-07, 4.8993922519e-07, 7.37790742278e-07, 1.46987915173e-07, 3.52468362053e-07, 8.14902023194e-07, 2.47951362553e-07, 1.08546643673e-07, 1.29083758793e-07, 2.57332573028e-07, 1.9976344845e-07, 1.57673596846e-07, 1.79664624511e-07, 1.46530226175e-07, 5.29016901396e-08, 2.39914612621e-07, 1.87133963436e-07, 4.95216774254e-08, 4.41085141745e-08, 9.39055624372e-08, 5.19344780514e-08, 3.83037530582e-08, 3.4907287727e-08, 3.35517427175e-08, 3.35808962859e-08, 1.81374950614e-08, 1.63500963879e-08, 6.9519656698e-09, 6.12060713223e-09, 7.11148251398e-09, 6.58434196055e-10, 5.08049921577e-11, 9.19045811676e-11, 1.3161963186e-10, 2.99997388042e-10, 2.46763609546e-10],
        "stdev": [0.000110360480903, 0.00171658128966, 0.00102346588392, 0.000498201523442, 0.000624425825663, 0.0012084498303, 0.000880048668478, 0.000942495127674, 0.000842993147671, 0.000524193863384, 0.000497007451486, 0.000320285646012, 0.00023160422279, 0.000211037477129, 0.000232534221141, 0.000229216762818, 0.00018318813818, 0.000153302098624, 6.05635650572e-05, 8.37747720652e-05, 5.16768086527e-05, 3.13073287543e-05, 1.5144370991e-05, 1.14947388283e-05, 9.58099735726e-06, 7.7505610534e-06, 6.65593961457e-06, 4.85810505779e-06, 5.04226591147e-06, 2.53070811596e-06, 2.75791558124e-06, 1.98411930796e-06, 1.04915523025e-06, 4.1259809791e-07, 1.00784340873e-08, 8.00683963575e-09, 6.81844891659e-09, 6.83151446523e-09, 6.64372779013e-09, 7.19715487207e-09]
    },
    "melbands128": {
        "max": [3.40976257576e-05, 6.98354560882e-05, 0.000631391943898, 0.00500327767804, 0.0190022177994, 0.0248668156564, 0.0172171704471, 0.00648713298142, 0.0137046677992, 0.00765065010637, 0.00421144906431, 0.00493560405448, 0.0120536694303, 0.0173335410655, 0.0279902368784, 0.0167010147125, 0.0163396764547, 0.0153321009129, 0.00800000876188, 0.0201908890158, 0.0143887223676, 0.0167347472161, 0.00972964707762, 0.00770556228235, 0.00978883635253, 0.0177756175399, 0.00788656435907, 0.0168083049357, 0.00799409672618, 0.00531918276101, 0.00725083146244, 0.00816894415766, 0.00527175562456, 0.00325374607928, 0.00364168453962, 0.00633256975561, 0.00896241609007, 0.00918011646718, 0.00327933370136, 0.0023487911094, 0.0100433556363, 0.0120219960809, 0.00430734688416, 0.00371976732276, 0.00513938767835, 0.00499645061791, 0.00167672813404, 0.00217323098332, 0.000870592019055, 0.0011060758261, 0.0042095403187, 0.0011517101666, 0.00189709058031, 0.000439947325503, 0.000290692376439, 0.000682059151586, 0.000632897834294, 0.000288449315121, 0.000192219085875, 0.000253242091276, 0.000143234123243, 0.0003512276744, 0.000173095002538, 0.000118085990835, 0.000198100795387, 0.000156142690685, 9.90116604953e-05, 8.06023163022e-05, 0.000132864326588, 0.000262984656729, 6.84073747834e-05, 8.59490246512e-05, 7.90253398009e-05, 0.000109327935206, 9.22401522985e-05, 3.54621515726e-05, 2.17078886635e-05, 6.3246829086e-05, 5.66003946005e-05, 2.25142957788e-05, 3.49480797013e-05, 4.6557168389e-05, 1.75118620973e-05, 1.06180214061e-05, 1.68478254636e-05, 1.05858362076e-05, 1.64166772265e-06, 1.74899795979e-07, 1.235414544e-07, 1.083093224e-07, 1.30826705913e-07, 7.87165177485e-08, 9.99818468017e-08, 5.9683813447e-08, 7.24750961467e-08, 6.59967227534e-08, 6.7830576711e-08, 7.9014853327e-08, 8.3103856241e-08, 8.10653162375e-08, 6.6952402733e-08, 8.68455813929e-08, 7.93356065287e-08, 8.9369024181e-08, 6.08068972952e-08, 5.36469997314e-08, 4.69643168799e-08, 6.28431422456e-08, 1.78434547138e-08, 1.08151763101e-08, 4.52428761122e-09, 2.27930563312e-09, 2.05750763649e-10, 2.09261191708e-10, 1.86568746563e-10, 8.38426572614e-09, 1.84329103092e-08, 1.54592255663e-10, 1.50659623666e-10, 1.41468878279e-10, 1.4651518887e-10, 1.30514973828e-10, 1.23920831929e-10, 1.1529846522e-10, 1.21231316652e-10, 1.13657333545e-10, 1.11924643165e-10, 1.10638123663e-10],
        "mean": [1.44548971548e-06, 2.63951960733e-06, 1.74410906766e-05, 0.000168501850567, 0.000561393622775, 0.000739118957426, 0.000544389011338, 0.000354809453711, 0.000356542965164, 0.000291655160254, 0.000181334486115, 0.000242915222771, 0.000314535951475, 0.00049072492402, 0.000691794033628, 0.000608494388871, 0.000597962527536, 0.000430858723121, 0.00020281689649, 0.000267424969934, 0.000528039468918, 0.000615769822616, 0.000276223756373, 0.000183870870387, 0.000190810009371, 0.000261922221398, 0.000143490571645, 0.000171693041921, 0.000224898816668, 0.000124745551147, 0.00010683103028, 0.000111651446787, 7.39564493415e-05, 8.44289461384e-05, 9.42588449107e-05, 7.52016494516e-05, 6.03226726525e-05, 9.9120210507e-05, 5.30043944309e-05, 4.48522187071e-05, 8.78781647771e-05, 7.90940102888e-05, 4.77036373923e-05, 5.0345875934e-05, 7.1979520726e-05, 5.05194657308e-05, 1.96261044039e-05, 3.40236401826e-05, 2.81561060547e-05, 1.9825041818e-05, 3.82482103305e-05, 3.49894799001e-05, 3.5455392208e-05, 1.94159056264e-05, 1.04546707007e-05, 2.83514837065e-05, 3.07896043523e-05, 1.07297992145e-05, 8.60619002196e-06, 1.3526570001e-05, 9.27847031562e-06, 6.59464421915e-06, 7.63892785471e-06, 6.28663065072e-06, 8.99728001968e-06, 6.58004637444e-06, 3.94487369704e-06, 4.7608418754e-06, 6.34909838482e-06, 5.69887242818e-06, 3.71048804482e-06, 4.1243679334e-06, 3.52588494934e-06, 4.81981714984e-06, 3.73240663976e-06, 1.8704474769e-06, 1.44229579746e-06, 2.8938777632e-06, 2.12646364162e-06, 1.22257597468e-06, 1.32481216042e-06, 1.709972139e-06, 9.31643057811e-07, 6.54183679671e-07, 7.2396807127e-07, 3.57003557383e-07, 6.23520364229e-08, 1.81714039371e-08, 1.76813976793e-08, 1.99299154957e-08, 1.80965180618e-08, 1.93679827731e-08, 2.33484840351e-08, 1.76207706204e-08, 2.02174561537e-08, 1.54503112526e-08, 2.06219148424e-08, 1.95475919895e-08, 1.96183052026e-08, 2.0770631437e-08, 1.96729086355e-08, 2.29322463241e-08, 2.03232861651e-08, 2.34087735862e-08, 1.56561750231e-08, 1.35740210183e-08, 8.5496356661e-09, 4.70370453698e-09, 7.80046915949e-10, 1.38991804177e-10, 2.36262572006e-11, 8.74939877493e-12, 7.87201814151e-12, 7.86224470944e-12, 7.20528194401e-12, 2.45643349411e-11, 4.54897300384e-11, 5.15168420076e-12, 4.81044024059e-12, 4.43738535499e-12, 4.30345342695e-12, 4.21551725818e-12, 4.02994564802e-12, 4.26719944102e-12, 3.49255108341e-12, 2.62511800492e-12, 2.44194074683e-12, 2.41441372104e-12],
        "min": [1.7784690387e-10, 3.75620035076e-10, 2.08130988e-08, 4.88471840754e-08, 6.82773659832e-08, 2.80184799806e-08, 1.11321284635e-07, 1.62790527725e-07, 2.51155711339e-07, 7.86648755025e-08, 1.61970092449e-07, 7.9066644787e-08, 3.26020085595e-07, 1.05193514344e-07, 1.31370228473e-07, 1.83535973974e-07, 1.65206898828e-07, 2.54744747963e-07, 9.93859998744e-08, 9.85154500199e-08, 2.71197215795e-08, 4.91567391236e-08, 1.62151593486e-07, 3.37158638786e-07, 1.50545361066e-07, 3.28383364945e-08, 1.0735471534e-07, 7.81827225182e-08, 1.13282538905e-07, 5.00991532704e-08, 3.58610918738e-08, 2.24365397372e-08, 1.83832007394e-08, 4.19425489895e-08, 4.03084179368e-08, 2.12897397489e-08, 5.21062268888e-08, 1.07063897303e-07, 1.13525061352e-07, 3.70383972381e-08, 3.83759406475e-08, 5.2976357523e-08, 1.15775753429e-08, 4.68234304662e-08, 2.22362963598e-08, 5.72634100138e-08, 5.31353485655e-08, 3.51206104199e-08, 1.94170475254e-08, 5.07471860089e-08, 5.17000273703e-08, 8.21961023689e-08, 3.82698033263e-08, 1.77515815381e-08, 2.0512430865e-08, 1.85930488783e-08, 2.41215243335e-08, 1.84658119906e-08, 2.69004836184e-08, 3.98442026039e-08, 3.98483308572e-08, 3.32030367645e-08, 2.76811871203e-08, 2.95774000847e-08, 2.90936572611e-08, 2.40291377906e-08, 1.59736366356e-08, 2.21681570878e-08, 1.02083124176e-08, 7.1758798903e-09, 1.52558854438e-08, 1.67798823725e-08, 1.6202314157e-08, 1.55170774008e-08, 1.73995182706e-08, 1.09975442086e-08, 7.33322469415e-09, 1.49215537704e-08, 1.53607260245e-08, 6.36458707959e-09, 5.62158586348e-09, 4.1179379906e-09, 6.90306523055e-09, 4.22683621437e-09, 3.3120752807e-09, 2.69441757794e-09, 1.59619328866e-09, 4.97821894818e-10, 6.45290626489e-11, 2.38053101537e-11, 4.02608259231e-11, 2.56183581293e-11, 3.24297776133e-11, 1.7569013952e-11, 4.60350230158e-11, 1.96947874676e-11, 2.56831795414e-11, 5.22579549078e-11, 2.69002042863e-11, 2.09296469045e-10, 1.09320512712e-11, 5.18403410477e-11, 7.5011941103e-12, 2.49254111274e-12, 5.49349845128e-13, 4.01496706975e-13, 2.65314869683e-13, 4.33800727544e-13, 3.5723247277e-13, 2.50437149317e-13, 2.57526069697e-13, 2.73620779897e-13, 2.87522718308e-13, 2.11014596096e-13, 1.9442529997e-13, 2.58854379988e-13, 2.92179068483e-13, 3.06961379058e-13, 2.39776135145e-13, 1.83139893767e-13, 2.25266840229e-13, 1.6425978687e-13, 2.53136866937e-13, 1.81874223256e-13, 1.8513013659e-13, 6.88751288533e-14, 7.36911633738e-15, 1.75422614489e-16],
        "stdev": [2.87269790533e-06, 4.6457857934e-06, 4.60211667814e-05, 0.000517786073033, 0.00201829802245, 0.00274717318825, 0.00149407924619, 0.000700552598573, 0.000913837226108, 0.000546847295482, 0.000317485741107, 0.000437377399066, 0.000766280165408, 0.00124897318892, 0.00167473533656, 0.001447105431, 0.0013822580222, 0.00114718207624, 0.000578007253353, 0.00108056818135, 0.00150658702478, 0.00193968671374, 0.000892108248081, 0.000525215291418, 0.000652844959404, 0.000821776106022, 0.000438881106675, 0.000781538023148, 0.000660624180455, 0.00038677584962, 0.000435236928752, 0.000481134280562, 0.000278253020952, 0.000251439545536, 0.000293956778478, 0.000280186766759, 0.000317350029945, 0.000437139358837, 0.000186236764421, 0.000138177638291, 0.000425389414886, 0.000477912952192, 0.000212617902434, 0.000178941118065, 0.000293208897347, 0.000200076799956, 6.23949308647e-05, 0.00011320446356, 5.91783609707e-05, 5.8806312154e-05, 0.000160696625244, 9.21830942389e-05, 0.000100105396996, 3.84484737879e-05, 2.16740081669e-05, 5.06041324115e-05, 5.03793962707e-05, 2.07455341297e-05, 1.65923411259e-05, 2.30528239626e-05, 1.56362129928e-05, 1.47543951243e-05, 1.62841661222e-05, 1.06669185698e-05, 1.61202933668e-05, 1.23219897432e-05, 6.47677143206e-06, 7.24291112419e-06, 1.28292131194e-05, 1.25687320178e-05, 5.78200297241e-06, 6.28637735645e-06, 5.32406556886e-06, 9.340116776e-06, 7.10024960426e-06, 2.84727798316e-06, 2.0866889372e-06, 5.0614603424e-06, 3.76109073841e-06, 2.10852203963e-06, 2.40839585786e-06, 3.67163738701e-06, 1.4046618162e-06, 1.04676178125e-06, 1.34344463731e-06, 7.66482969539e-07, 1.06351613738e-07, 1.52453960567e-08, 1.2798054172e-08, 1.33943141023e-08, 1.25894539238e-08, 1.04871036299e-08, 1.14026237341e-08, 9.12271502784e-09, 1.13195923745e-08, 9.37968991366e-09, 1.02227328824e-08, 9.61269552846e-09, 9.73789138214e-09, 1.03983701649e-08, 9.84360415401e-09, 1.11863123209e-08, 1.00712025386e-08, 1.10657518704e-08, 1.03083213077e-08, 9.48867384665e-09, 8.56698267881e-09, 6.03231642415e-09, 2.00122896032e-09, 8.09560085635e-10, 1.62094934697e-10, 5.1045421362e-11, 9.32770961165e-12, 9.48738396872e-12, 8.66619883494e-12, 2.99579083762e-10, 6.55953014128e-10, 8.07619162518e-12, 6.97967074761e-12, 6.68964623279e-12, 6.60304450006e-12, 6.33407562511e-12, 6.13065284302e-12, 6.03013255648e-12, 5.8532415026e-12, 5.69236324743e-12, 5.6379809675e-12, 5.60093941712e-12]
    },
    "mfcc": {
        "mean": [-682.27947998, 140.511856079, -44.1742210388, 29.2195396423, -19.6257076263, -7.59674787521, -10.5767240524, -16.519985199, 2.45796895027, -12.2880144119, 1.99276018143, -5.36367321014, -3.79359316826],
        "cov": [[1559.77709961, 281.23260498, -491.553222656, 132.003082275, -318.273742676, 56.3310928345, 14.4775342941, -6.36195993423, 48.432144165, -57.2448959351, 74.3329162598, -9.59198093414, 31.6694908142], [281.23260498, 650.653137207, 255.77041626, -66.2118682861, 133.640701294, -47.2644004822, 62.2042160034, 26.6768379211, -55.2444992065, -20.1958637238, -86.6990280151, 3.33475804329, -37.8737754822], [-491.553222656, 255.77041626, 807.915283203, 247.389663696, 295.552978516, 12.8348703384, 27.6600322723, 43.8969230652, -38.8989524841, 27.9716777802, -40.4503746033, -3.38387823105, -45.3704795837], [132.003082275, -66.2118682861, 247.389663696, 474.329620361, 134.180938721, 51.6910057068, -67.8700408936, 4.41196680069, 34.9964103699, -2.85183191299, 46.8602905273, -7.10676383972, 20.9328269958], [-318.273742676, 133.640701294, 295.552978516, 134.180938721, 350.474578857, 7.22540664673, -37.2684249878, 10.2252454758, -12.3346624374, 13.1914510727, -45.4407272339, 4.9320640564, -13.2174358368], [56.3310928345, -47.2644004822, 12.8348703384, 51.6910057068, 7.22540664673, 211.01751709, 109.880691528, 61.1801376343, 37.0343666077, 10.9822645187, 41.2457695007, -28.7481765747, -20.185508728], [14.4775342941, 62.2042160034, 27.6600322723, -67.8700408936, -37.2684249878, 109.880691528, 221.451644897, 95.1458816528, 6.93101882935, 11.3753814697, -2.12276268005, -14.3033695221, -34.63073349], [-6.36195993423, 26.6768379211, 43.8969230652, 4.41196680069, 10.2252454758, 61.1801376343, 95.1458816528, 121.714630127, 35.9323692322, 7.79713487625, 3.13028550148, -11.9349403381, -13.0051307678], [48.432144165, -55.2444992065, -38.8989524841, 34.9964103699, -12.3346624374, 37.0343666077, 6.93101882935, 35.9323692322, 94.7922439575, 38.159362793, 29.4250679016, -6.75535345078, 0.823225855827], [-57.2448959351, -20.1958637238, 27.9716777802, -2.85183191299, 13.1914510727, 10.9822645187, 11.3753814697, 7.79713487625, 38.159362793, 91.7197036743, 37.9986953735, 5.67688465118, -3.88361859322], [74.3329162598, -86.6990280151, -40.4503746033, 46.8602905273, -45.4407272339, 41.2457695007, -2.12276268005, 3.13028550148, 29.4250679016, 37.9986953735, 107.881797791, 28.3156280518, 15.3068609238], [-9.59198093414, 3.33475804329, -3.38387823105, -7.10676383972, 4.9320640564, -28.7481765747, -14.3033695221, -11.9349403381, -6.75535345078, 5.67688465118, 28.3156280518, 86.9622650146, 33.6291427612], [31.6694908142, -37.8737754822, -45.3704795837, 20.9328269958, -13.2174358368, -20.185508728, -34.63073349, -13.0051307678, 0.823225855827, -3.88361859322, 15.3068609238, 33.6291427612, 81.8194885254]],
        "icov": [[0.00411510514095, -0.00495934486389, 0.00396524369717, -0.00467042019591, 0.00400777859613, -0.00150059815496, 0.000572570133954, 0.000174888016772, -0.000422799115768, 0.000262424291577, -0.00105271628127, 1.5903987105e-06, 0.000265589420451], [-0.00495934486389, 0.00816339440644, -0.00536041613668, 0.00610782764852, -0.00535154622048, 0.00244428706355, -0.00144711707253, -0.000286411843263, 0.000722858123481, 0.000119541327877, 0.00195068283938, -0.000326510431478, 1.14431168186e-05], [0.00396524369717, -0.00536041613668, 0.00638443604112, -0.00590175064281, 0.00267129787244, -0.00118586327881, 0.000161460018717, -0.000656226591673, 0.00134106958285, -0.00132891139947, -0.000470180268167, -0.000354423798854, 0.00129415839911], [-0.00467042019591, 0.00610782764852, -0.00590175064281, 0.00913622509688, -0.00543075148016, 0.00108096306212, 0.000406528037274, 7.14425550541e-05, -0.00137565622572, 0.00203170790337, -0.00119908771012, 0.00127629877534, -0.00159220024943], [0.00400777859613, -0.00535154622048, 0.00267129787244, -0.00543075148016, 0.00925790611655, -0.00335490307771, 0.00302094710059, -0.00101618701592, 0.000474296306493, -0.00196364428848, 0.00252365251072, -0.00195954670198, 0.000862520420924], [-0.00150059815496, 0.00244428706355, -0.00118586327881, 0.00108096306212, -0.00335490307771, 0.010101779364, -0.00575331039727, 0.000406674429541, -0.00214519537985, 0.00249176449142, -0.00454025249928, 0.00362675520591, -0.000143535638927], [0.000572570133954, -0.00144711707253, 0.000161460018717, 0.000406528037274, 0.00302094710059, -0.00575331039727, 0.0116630000994, -0.00707732792944, 0.00342162093148, -0.00284312199801, 0.00256619113497, -0.00221696472727, 0.00223593693227], [0.000174888016772, -0.000286411843263, -0.000656226591673, 7.14425550541e-05, -0.00101618701592, 0.000406674429541, -0.00707732792944, 0.0158747490495, -0.00717282993719, 0.00320384930819, -0.0011510431068, 0.00129394547548, -0.0012107786024], [-0.000422799115768, 0.000722858123481, 0.00134106958285, -0.00137565622572, 0.000474296306493, -0.00214519537985, 0.00342162093148, -0.00717282993719, 0.0186689291149, -0.00834150705487, 0.000989073188975, 0.000139401716297, 0.000623247236945], [0.000262424291577, 0.000119541327877, -0.00132891139947, 0.00203170790337, -0.00196364428848, 0.00249176449142, -0.00284312199801, 0.00320384930819, -0.00834150705487, 0.0183193869889, -0.00805066619068, 0.00181847426575, 1.26293343783e-05], [-0.00105271628127, 0.00195068283938, -0.000470180268167, -0.00119908771012, 0.00252365251072, -0.00454025249928, 0.00256619113497, -0.0011510431068, 0.000989073188975, -0.00805066619068, 0.019258517772, -0.00762011483312, 0.000684259401169], [1.5903987105e-06, -0.000326510431478, -0.000354423798854, 0.00127629877534, -0.00195954670198, 0.00362675520591, -0.00221696472727, 0.00129394547548, 0.000139401716297, 0.00181847426575, -0.00762011483312, 0.0176389385015, -0.00656870100647], [0.000265589420451, 1.14431168186e-05, 0.00129415839911, -0.00159220024943, 0.000862520420924, -0.000143535638927, 0.00223593693227, -0.0012107786024, 0.000623247236945, 1.26293343783e-05, 0.000684259401169, -0.00656870100647, 0.0166735183448]]
    },
    "spectral_contrast_coeffs": {
        "max": [-0.3711348176, -0.391074061394, -0.512050747871, -0.575736761093, -0.63041305542, -0.49028211832],
        "mean": [-0.680566906929, -0.72119563818, -0.744822263718, -0.760390222073, -0.777265548706, -0.69731760025],
        "min": [-0.916761517525, -0.928761541843, -0.90668797493, -0.904323875904, -0.892846763134, -0.862521290779],
        "stdev": [0.0715071186423, 0.0896988511086, 0.0736853629351, 0.0592944957316, 0.0444334261119, 0.0652121976018]
    },
    "spectral_contrast_valleys": {
        "max": [-4.91937494278, -4.87109375, -5.31118679047, -5.92804002762, -6.38308811188, -11.0027580261],
        "mean": [-7.59346103668, -6.73407459259, -7.5881896019, -7.73087024689, -7.74954319, -11.6322040558],
        "min": [-9.87551212311, -8.84093856812, -9.72615814209, -9.53977203369, -9.44331550598, -13.679104805],
        "stdev": [0.884629309177, 0.563249588013, 0.744899630547, 0.631483435631, 0.571190357208, 0.307880848646]
    }
},
"rhythm": {
    "beats_count": 96,
    "beats_loudness": {
        "max": 0.0995424315333,
        "mean": 0.0233645886183,
        "min": 0.000520292087458,
        "stdev": 0.0185400489718
    },
    "bpm": 118.465736389,
    "bpm_histogram_first_peak_bpm": 117,
    "bpm_histogram_first_peak_weight": 0.518987357616,
    "bpm_histogram_second_peak_bpm": 123,
    "bpm_histogram_second_peak_spread": 0,
    "bpm_histogram_second_peak_weight": 0.0631578937173,
    "danceability": 1.03673446178,
    "onset_rate": 3.4248046875,
    "beats_loudness_band_ratio": {
        "max": [0.805211961269, 0.885687053204, 0.726873397827, 0.67025488615, 0.560644030571, 0.224513858557],
        "mean": [0.201849743724, 0.23025675118, 0.270283550024, 0.192085191607, 0.129346981645, 0.0429179705679],
        "min": [0.000711428292561, 0.0168688055128, 0.0383853279054, 0.00491501158103, 0.0112733319402, 0.00326208909974],
        "stdev": [0.202082261443, 0.190075546503, 0.159292295575, 0.1906901896, 0.122976146638, 0.0430164858699]
    },
