{
"metadata": {
    "version": {
        "essentia": "2.1-beta5",
        "essentia_git_sha": "Undefined",
        "extractor": "music 2.0"
    },
    "audio_properties": {
        "analysis": {
            "equal_loudness": 0,
            "length": 12.7477550507,
            "sample_rate": 44100,
            "start_time": 0,
            "downmix": "mix"
        },
        "bit_rate": 192000,
        "length": 199.180770874,
        "lossless": 0,
        "number_channels": 2,
        "replay_gain": -1.89134216309,
        "sample_rate": 44100,
        "codec": "mp3",
        "md5_encoded": "4307ebd138df17e418f07910ec003529"
    },
    "tags": {
        "file_name": "Netherlands_Colorado_Xandra.mp3",
        "encoding": ["Lavf58.29.100"]
    }
},
"lowlevel": {
    "average_loudness": 0.175610780716,
    "barkbands_crest": {
        "max": 24.6430988312,
        "mean": 7.38167572021,
        "min": 2.2836894989,
        "stdev": 4.25075817108
    },
    "barkbands_flatness_db": {
        "max": 0.223710551858,
        "mean": 0.100693620741,
        "min": 0.0486331395805,
        "stdev": 0.0309695713222
    },
    "barkbands_kurtosis": {
        "max": 30.4546165466,
        "mean": 0.0779861211777,
        "min": -1.77879714966,
        "stdev": 2.61849284172
    },
    "barkbands_skewness": {
        "max": 5.4805765152,
        "mean": 0.40805259347,
        "min": -2.64494991302,
        "stdev": 0.910205423832
    },
    "barkbands_spread": {
        "max": 90.5326766968,
        "mean": 31.5378723145,
        "min": 5.17268800735,
        "stdev": 11.5288524628
    },
    "dissonance": {
        "max": 0.499930232763,
        "mean": 0.480952531099,
        "min": 0.347436010838,
        "stdev": 0.0205405019224
    },
    "dynamic_complexity": 18.5826702118,
    "erbbands_crest": {
        "max": 27.5129528046,
        "mean": 8.18692779541,
        "min": 3.11082839966,
        "stdev": 4.34687376022
    },
    "erbbands_flatness_db": {
        "max": 0.304850518703,
        "mean": 0.169430270791,
        "min": 0.0921198651195,
        "stdev": 0.0350819081068
    },
    "erbbands_kurtosis": {
        "max": 14.6152458191,
        "mean": 0.791647315025,
        "min": -1.37535238266,
        "stdev": 1.7857105732
    },
    "erbbands_skewness": {
        "max": 2.05034732819,
        "mean": -0.357429951429,
        "min": -2.66876220703,
        "stdev": 0.570105910301
    },
    "erbbands_spread": {
        "max": 75.4841766357,
        "mean": 26.9171276093,
        "min": 4.89131546021,
        "stdev": 10.2124195099
    },
    "hfc": {
        "max": 165.491287231,
        "mean": 11.8853111267,
        "min": 1.21139925729e-16,
        "stdev": 24.4921188354
    },
    "loudness_ebu128": {
        "integrated": -22.2687244415,
        "loudness_range": 11.9025344849,
        "momentary": {
            "max": -18.0669116974,
            "mean": -40.1557807922,
            "min": -56.9273605347,
            "stdev": 15.0718851089
        },
        "short_term": {
            "max": -20.7768917084,
            "mean": -38.4956817627,
            "min": -55.1000823975,
            "stdev": 14.328379631
        }
    },
    "melbands_crest": {
        "max": 32.7638778687,
        "mean": 10.4817409515,
        "min": 2.12804818153,
        "stdev": 5.02111625671
    },
    "melbands_flatness_db": {
        "max": 0.256693869829,
        "mean": 0.12796266377,
        "min": 0.00858120899647,
        "stdev": 0.0386489070952
    },
    "melbands_kurtosis": {
        "max": 37.582736969,
        "mean": 2.09093952179,
        "min": -1.78366553783,
        "stdev": 4.78244686127
    },
    "melbands_skewness": {
        "max": 5.59181642532,
        "mean": 1.20602238178,
        "min": -1.36915719509,
        "stdev": 1.0529102087
    },
    "melbands_spread": {
        "max": 248.903091431,
        "mean": 46.1406517029,
        "min": 6.91820240021,
        "stdev": 22.9704456329
    },
    "pitch_salience": {
        "max": 0.915157794952,
        "mean": 0.603731453419,
        "min": 0.13875028491,
        "stdev": 0.132680684328
    },
    "silence_rate_20dB": {
        "max": 1,
        "mean": 1,
        "min": 1,
        "stdev": 0
    },
    "silence_rate_30dB": {
        "max": 1,
        "mean": 1,
        "min": 1,
        "stdev": 0
    },
    "silence_rate_60dB": {
        "max": 1,
        "mean": 0.596363663673,
        "min": 0,
        "stdev": 0.490626692772
    },
    "spectral_centroid": {
        "max": 10682.8867188,
        "mean": 2092.27929688,
        "min": 639.65625,
        "stdev": 683.705322266
    },
    "spectral_complexity": {
        "max": 55,
        "mean": 9.2654542923,
        "min": 0,
        "stdev": 12.8808097839
    },
    "spectral_decrease": {
        "max": 3.54050388622e-19,
        "mean": -1.94153648714e-09,
        "min": -2.34803252397e-08,
        "stdev": 3.57430374187e-09
    },
    "spectral_energy": {
        "max": 0.0953856483102,
        "mean": 0.00840584468096,
        "min": 1.0797997137e-20,
        "stdev": 0.0154653759673
    },
    "spectral_energyband_high": {
        "max": 0.00870756618679,
        "mean": 0.000423366727773,
        "min": 7.62873297599e-21,
        "stdev": 0.00119262735825
    },
    "spectral_energyband_low": {
        "max": 0.0151695972309,
        "mean": 0.000590345589444,
        "min": 5.17109462088e-23,
        "stdev": 0.00136793113779
    },
    "spectral_energyband_middle_high": {
        "max": 0.0598861835897,
        "mean": 0.00463168276474,
        "min": 1.59408952564e-21,
        "stdev": 0.00981449801475
    },
    "spectral_energyband_middle_low": {
        "max": 0.0759937018156,
        "mean": 0.00303169246763,
        "min": 3.32818043019e-22,
        "stdev": 0.00749663962051
    },
    "spectral_entropy": {
        "max": 9.79239940643,
        "mean": 7.77578496933,
        "min": 6.9141368866,
        "stdev": 0.316984772682
    },
    "spectral_flux": {
        "max": 0.245001226664,
        "mean": 0.0335326120257,
        "min": 1.03913412597e-10,
        "stdev": 0.0446003526449
    },
    "spectral_kurtosis": {
        "max": 17.0611000061,
        "mean": 4.42682361603,
        "min": -1.24252295494,
        "stdev": 1.99694550037
    },
    "spectral_rms": {
        "max": 0.00964671839029,
        "mean": 0.00178052345291,
        "min": 3.2457096906e-12,
        "stdev": 0.00224289065227
    },
    "spectral_rolloff": {
        "max": 19207.6171875,
        "mean": 2334.82641602,
        "min": 21.533203125,
        "stdev": 1475.48144531
    },
    "spectral_skewness": {
        "max": 3.00424575806,
        "mean": 1.42791724205,
        "min": 0.0276844482869,
        "stdev": 0.375391155481
    },
    "spectral_spread": {
        "max": 41649652,
        "mean": 3784921.25,
        "min": 2449673.75,
        "stdev": 1782717.625
    },
    "spectral_strongpeak": {
        "max": 12.5512428284,
        "mean": 0.885666489601,
        "min": 0,
        "stdev": 1.79624557495
    },
    "zerocrossingrate": {
        "max": 0.5107421875,
        "mean": 0.078861862421,
        "min": 0.0078125,
        "stdev": 0.0284267105162
    },
    "barkbands": {
        "max": [0.00182674732059, 0.00255364086479, 0.0113042294979, 0.0218800529838, 0.0426081717014, 0.00878759007901, 0.00450723990798, 0.00513741467148, 0.00711201131344, 0.00591613305733, 0.0158763621002, 0.0479571484029, 0.00471730809659, 0.0134014878422, 0.00961703620851, 0.00741738174111, 0.0179387982935, 0.0068883234635, 0.00512189883739, 0.00814737658948, 0.00301891076379, 0.00168826873414, 0.00146978616249, 0.000837734492961, 0.000832098012324, 0.000462956377305, 8.32327998523e-07],
        "mean": [6.36946715531e-05, 8.45189424581e-05, 0.000270884047495, 0.000546617549844, 0.00116520863958, 0.000323962158291, 0.000271005352261, 0.000315509154461, 0.000242789363256, 0.000288308801828, 0.00044627249008, 0.00113455858082, 0.000241108675255, 0.000741795869544, 0.000365394720575, 0.000207952791243, 0.000617992365733, 0.000254828948528, 0.00023295635765, 0.000228976656217, 0.000150868887431, 8.88547147042e-05, 5.12528131367e-05, 2.95265090244e-05, 2.72229135589e-05, 1.37795368573e-05, 1.88082438513e-09],
        "min": [1.47911987709e-23, 4.11745002847e-23, 7.60358325335e-25, 5.19670443797e-24, 3.12006510255e-23, 2.24422707605e-23, 9.33772823353e-23, 3.91438019207e-23, 1.39160945428e-22, 6.55653474112e-23, 7.1643236696e-23, 2.09178759472e-23, 1.13560099269e-22, 1.29900488329e-22, 2.30132157826e-22, 1.8965578051e-22, 1.45880500484e-22, 1.97584286991e-22, 2.10984850204e-22, 3.48582058747e-22, 6.18729381628e-22, 3.55180747691e-22, 5.31954126696e-22, 7.92183158213e-22, 1.31955290496e-21, 1.81002748832e-21, 2.35503429688e-21],
        "stdev": [0.000188620528206, 0.000258596293861, 0.000821872090455, 0.00177413644269, 0.00440530478954, 0.000843943213113, 0.000635322008748, 0.000653710623737, 0.00067073298851, 0.000688978238031, 0.00164319667965, 0.00452715950087, 0.000613636395428, 0.00183319265489, 0.0009185578092, 0.000649233465083, 0.00150314916391, 0.000733221590053, 0.00055817689281, 0.000713614339475, 0.000408111547586, 0.000248838274274, 0.000161829142598, 9.04951011762e-05, 9.51351903495e-05, 5.07374061272e-05, 3.54473108644e-08]
    },
    "erbbands": {
        "max": [0.0250325333327, 0.964950919151, 10.9009113312, 34.3855438232, 193.647399902, 80.0846328735, 24.387834549, 93.4882354736, 92.3235473633, 120.487640381, 141.079742432, 127.215110779, 223.977798462, 162.931732178, 685.148925781, 2463.15991211, 299.327850342, 763.781677246, 393.186035156, 595.39050293, 549.520141602, 697.868408203, 399.146728516, 308.824188232, 451.963226318, 282.337554932, 115.382926941, 135.467926025, 73.3387451172, 60.4883613586, 32.1383018494, 16.0126342773, 14.441570282, 7.88233804703, 7.34543418884, 2.89313840866, 0.73864030838, 0.0547810345888, 0.00114403478801, 0.000167890073499],
        "mean": [0.00151999935042, 0.026107231155, 0.238625466824, 1.17905294895, 4.78714036942, 2.27209568024, 1.24912500381, 2.88903021812, 3.13073205948, 5.94906616211, 7.91876411438, 6.23574018478, 9.67566585541, 8.04961395264, 20.1962203979, 57.6283493042, 17.2632465363, 41.7185440063, 19.6355991364, 16.7899703979, 19.5984611511, 25.498292923, 16.7484092712, 13.9556245804, 12.581782341, 11.1929674149, 6.38249635696, 4.73430633545, 3.23462319374, 2.47408890724, 1.22388160229, 0.669925153255, 0.464218914509, 0.258483380079, 0.213640928268, 0.0917256847024, 0.0217373799533, 0.00103978870902, 3.03917349811e-05, 1.28212122945e-05],
        "min": [8.90384703637e-22, 1.06423781297e-20, 4.45921799507e-21, 7.37387249004e-21, 2.96599341122e-20, 1.40842685806e-19, 1.72794669541e-19, 2.2187488835e-19, 7.29930538899e-19, 2.13448497677e-18, 5.55999788485e-19, 2.97443705119e-18, 2.10909425428e-18, 3.50217104417e-18, 2.53213820098e-18, 1.29400061163e-18, 4.37243039584e-18, 8.58326278721e-18, 9.03030345028e-18, 1.31120766409e-17, 9.40004408511e-18, 7.96217918736e-18, 1.1274851425e-17, 7.73642753613e-18, 1.72962341119e-17, 1.60141686826e-17, 1.49355913382e-17, 2.5244099766e-17, 9.63821916196e-18, 1.93651104312e-17, 1.50166037531e-17, 1.5007008458e-17, 1.45478586979e-17, 1.3697131562e-17, 9.74374507425e-18, 4.92181191225e-18, 4.12896756692e-18, 1.41749971106e-18, 3.07669053357e-19, 3.50836022923e-20],
        "stdev": [0.0030441316776, 0.082958959043, 0.746902883053, 3.10670113564, 19.2709178925, 7.75945854187, 2.56750965118, 8.29234218597, 8.29381942749, 14.0935974121, 16.8115329742, 15.1544961929, 23.5300827026, 20.7407569885, 72.9544067383, 230.172058105, 40.0446968079, 102.89629364, 42.0166854858, 51.58959198, 54.6421394348, 59.3873214722, 44.6660499573, 30.6609668732, 39.5651092529, 30.0050506592, 16.7260665894, 13.626414299, 9.23621368408, 7.43298387527, 3.77379798889, 1.95724177361, 1.49531698227, 0.862938642502, 0.781086921692, 0.328580200672, 0.0825827121735, 0.00506106950343, 0.000113537244033, 2.58557138295e-05]
    },
    "gfcc": {
        "mean": [-209.95980835, 83.5940170288, -154.274185181, 41.2754478455, -56.7252998352, 20.3407840729, -43.6515312195, 10.5806045532, -23.9971351624, 0.921438992023, -13.5039491653, -6.75110626221, -7.87470149994],
        "cov": [[37033, -825.243103027, -1564.67016602, -1110.45056152, -821.843322754, -1284.44628906, -635.74017334, -931.040283203, -1765.46228027, -71.2995071411, -1481.3729248, -155.527557373, -1597.12438965], [-825.243103027, 765.299804688, -44.0310668945, -86.6248855591, 130.634017944, -96.4834060669, -42.4740753174, 21.5106124878, 33.7280235291, -111.853302002, 64.544303894, -83.5963973999, 40.8986282349], [-1564.67016602, -44.0310668945, 436.378875732, 129.950469971, 9.25012874603, 5.93551921844, 11.2124443054, 54.2189979553, 46.0018768311, 13.0960550308, 2.35754156113, 2.96649312973, -1.54734396935], [-1110.45056152, -86.6248855591, 129.950469971, 284.515075684, -23.2915115356, 66.1756744385, 44.3022575378, 12.3442153931, 85.552696228, 17.7865791321, 32.6913223267, -13.0973491669, 62.1629371643], [-821.843322754, 130.634017944, 9.25012874603, -23.2915115356, 155.558792114, 31.4507446289, 11.9556102753, 27.5074501038, 21.728225708, -12.867064476, 39.038105011, -17.2156600952, 21.7782173157], [-1284.44628906, -96.4834060669, 5.93551921844, 66.1756744385, 31.4507446289, 194.770172119, 79.9911270142, 24.0063743591, 80.2935180664, 36.5643920898, 72.0003356934, 17.0096263885, 72.5530166626], [-635.74017334, -42.4740753174, 11.2124443054, 44.3022575378, 11.9556102753, 79.9911270142, 106.830528259, 4.56812763214, 43.0122795105, 18.7962818146, 31.4141025543, -1.56463241577, 32.6243553162], [-931.040283203, 21.5106124878, 54.2189979553, 12.3442153931, 27.5074501038, 24.0063743591, 4.56812763214, 99.2998275757, 54.0171165466, 6.54284620285, 30.500793457, 21.8944473267, 39.4708976746], [-1765.46228027, 33.7280235291, 46.0018768311, 85.552696228, 21.728225708, 80.2935180664, 43.0122795105, 54.0171165466, 134.000732422, 23.2977828979, 79.963470459, 7.02744293213, 89.5660247803], [-71.2995071411, -111.853302002, 13.0960550308, 17.7865791321, -12.867064476, 36.5643920898, 18.7962818146, 6.54284620285, 23.2977828979, 72.262840271, 11.4153823853, 14.2380151749, 3.71598291397], [-1481.3729248, 64.544303894, 2.35754156113, 32.6913223267, 39.038105011, 72.0003356934, 31.4141025543, 30.500793457, 79.963470459, 11.4153823853, 111.979042053, 18.0509719849, 83.1527252197], [-155.527557373, -83.5963973999, 2.96649312973, -13.0973491669, -17.2156600952, 17.0096263885, -1.56463241577, 21.8944473267, 7.02744293213, 14.2380151749, 18.0509719849, 67.9672241211, 23.5408725739], [-1597.12438965, 40.8986282349, -1.54734396935, 62.1629371643, 21.7782173157, 72.5530166626, 32.6243553162, 39.4708976746, 89.5660247803, 3.71598291397, 83.1527252197, 23.5408725739, 127.362419128]],
        "icov": [[0.000217983440962, -0.000208119745366, 0.000693929265253, -0.000303005886963, 0.000431656400906, 6.5961809014e-05, 3.82259968319e-05, 0.000216508153244, 0.00134965893812, -0.00071292091161, 0.00110650178976, -0.000526781543158, 0.00121500936802], [-0.000208119745366, 0.00334459985606, -0.000632931129076, 0.00142554170452, -0.00168882391881, 0.00199826876633, 0.000316171586746, -0.000426778045949, -0.0027069861535, 0.00408380012959, -0.00351303140633, 0.00416426127777, -0.0018771776231], [0.000693929265253, -0.000632931129076, 0.00530295912176, -0.00265827728435, 0.00087817851454, 0.000716744281817, -3.89717970393e-05, -0.000978418975137, 0.00364102586173, -0.00226329942234, 0.00352834234945, -0.00237781694159, 0.00566317280754], [-0.000303005886963, 0.00142554170452, -0.00265827728435, 0.00674031488597, 0.000420799828134, -0.000258465763181, -0.000285416666884, 0.00120910350233, -0.00514387013391, 0.00211754743941, -0.000886315130629, 0.0041084443219, -0.00443102559075], [0.000431656400906, -0.00168882391881, 0.00087817851454, 0.000420799828134, 0.0101544037461, -0.00216224440373, -0.000130297106807, -0.00220581307076, 0.00477517861873, -0.00125724659301, -0.000509934907313, 0.00175800162833, 0.00265953480266], [6.5961809014e-05, 0.00199826876633, 0.000716744281817, -0.000258465763181, -0.00216224440373, 0.0115362042561, -0.00491130398586, 0.000354471441824, -0.00187315174844, -0.000808605458587, -0.00325255305506, 0.000568432093132, -0.00137409579474], [3.82259968319e-05, 0.000316171586746, -3.89717970393e-05, -0.000285416666884, -0.000130297106807, -0.00491130398586, 0.0142056336626, 0.00141006091144, -0.00163832528051, -0.000603898079135, 0.000216683227336, 0.00174164772034, -3.27496854879e-05], [0.000216508153244, -0.000426778045949, -0.000978418975137, 0.00120910350233, -0.00220581307076, 0.000354471441824, 0.00141006091144, 0.0167305003852, -0.0065632071346, -0.000353775190888, 0.00410931138322, -0.0060779619962, -5.45266448171e-05], [0.00134965893812, -0.0027069861535, 0.00364102586173, -0.00514387013391, 0.00477517861873, -0.00187315174844, -0.00163832528051, -0.0065632071346, 0.033622007817, -0.0104647427797, -0.000259278458543, 0.00127000245266, -0.000351358117769], [-0.00071292091161, 0.00408380012959, -0.00226329942234, 0.00211754743941, -0.00125724659301, -0.000808605458587, -0.000603898079135, -0.000353775190888, -0.0104647427797, 0.0237927883863, -0.00654177507386, 0.00162646058016, 0.000262892688625], [0.00110650178976, -0.00351303140633, 0.00352834234945, -0.000886315130629, -0.000509934907313, -0.00325255305506, 0.000216683227336, 0.00410931138322, -0.000259278458543, -0.00654177507386, 0.0304833035916, -0.00881987251341, -0.00180850178003], [-0.000526781543158, 0.00416426127777, -0.00237781694159, 0.0041084443219, 0.00175800162833, 0.000568432093132, 0.00174164772034, -0.0060779619962, 0.00127000245266, 0.00162646058016, -0.00881987251341, 0.0269254036248, -0.00932307727635], [0.00121500936802, -0.0018771776231, 0.00566317280754, -0.00443102559075, 0.00265953480266, -0.00137409579474, -3.27496854879e-05, -5.45266448171e-05, -0.000351358117769, 0.000262892688625, -0.00180850178003, -0.00932307727635, 0.0294187813997]]
    },
    "melbands": {
        "max": [0.0004448107793, 0.00403866590932, 0.0114062484354, 0.0108820246533, 0.00079164665658, 0.00194325239863, 0.00127509073354, 0.00112311902922, 0.00107112294063, 0.000896053796168, 0.00111728685442, 0.000452193373349, 0.00255486718379, 0.0043204636313, 0.00365238683298, 0.000862370245159, 0.00164060818497, 0.000550436903723, 0.000620204897132, 0.000515580002684, 0.0006759717362, 0.000608683214523, 0.00121812906582, 0.000476895220345, 0.000244968774496, 0.000241313828155, 0.000458030845039, 0.000137787879794, 7.3074879765e-05, 9.94694564724e-05, 9.11640236154e-05, 4.91076425533e-05, 3.38404643117e-05, 3.45622065652e-05, 2.0975498046e-05, 1.27885396068e-05, 8.65187666932e-06, 8.26945870358e-06, 1.36517583087e-05, 6.63264700052e-06],
        "mean": [2.09776426345e-05, 0.00010115961777, 0.000316543708323, 0.000278343970422, 4.37278758909e-05, 6.61685044179e-05, 5.10336903972e-05, 6.1382597778e-05, 6.26948676654e-05, 3.64429288311e-05, 4.77452122141e-05, 2.70951331913e-05, 7.13942645234e-05, 0.000105758677819, 9.43483755691e-05, 3.25519613398e-05, 8.44191890792e-05, 3.01639229292e-05, 2.13403291127e-05, 1.80721563083e-05, 2.70475684374e-05, 2.82456367131e-05, 2.22667658818e-05, 1.38431232699e-05, 1.08822250695e-05, 7.81446033216e-06, 9.98654559226e-06, 6.46010357741e-06, 2.85398755295e-06, 4.97691462442e-06, 2.21184654947e-06, 1.98653492589e-06, 1.4107191646e-06, 1.29905208723e-06, 7.40760810913e-07, 4.6529171982e-07, 3.65058951957e-07, 3.31966646172e-07, 2.8943739494e-07, 1.99167928372e-07],
        "min": [1.24495677256e-23, 6.33630473456e-24, 2.04502190867e-24, 5.39575810461e-24, 6.67126887999e-24, 4.56479372073e-24, 1.29113337674e-23, 2.04771488258e-23, 3.45624890582e-24, 2.16426703029e-23, 9.96085672008e-24, 1.35835678987e-23, 9.69408526118e-24, 2.75248065151e-24, 4.67101541934e-24, 1.3850280193e-23, 1.51247402057e-23, 1.23629949745e-23, 1.72636671304e-23, 1.28911665384e-23, 1.20383455798e-23, 8.28041733117e-24, 9.03160460614e-24, 9.30750476344e-24, 5.32462493907e-24, 1.05005787854e-23, 1.48996781894e-23, 9.6136143491e-24, 6.50584672031e-24, 1.63538864702e-23, 1.37061063963e-23, 4.27779350163e-24, 8.38989623646e-24, 1.06695330697e-23, 8.09016853552e-24, 1.03018063476e-23, 8.26596461053e-24, 8.85838416199e-24, 1.2849937512e-23, 1.14371917604e-23],
        "stdev": [4.96453212691e-05, 0.000290120369755, 0.00103272974957, 0.00108628033195, 9.13021503948e-05, 0.000182377509191, 0.000127197839902, 0.000137660143082, 0.000131022577989, 9.44861021708e-05, 0.000118163181469, 6.71605303069e-05, 0.000268167437753, 0.000398524076445, 0.000363611383364, 8.67519047461e-05, 0.000214100262383, 6.4787986048e-05, 5.54446160095e-05, 5.50230870431e-05, 7.47177400626e-05, 6.26999753877e-05, 8.07482938399e-05, 4.47383245046e-05, 2.32145084738e-05, 2.23814440687e-05, 3.51803973899e-05, 1.66276749951e-05, 8.09521679912e-06, 1.31669612529e-05, 7.34532113711e-06, 5.64147012483e-06, 4.34697403762e-06, 4.00493172492e-06, 2.36714390667e-06, 1.39572932767e-06, 1.07930054583e-06, 1.06120262444e-06, 1.03439253962e-06, 6.67459573833e-07]
    },
    "melbands128": {
        "max": [0.000541542365681, 0.000190666381968, 0.000410627952078, 0.00176371808629, 0.00531137734652, 0.00527776172385, 0.00420194724575, 0.0141690680757, 0.0244541615248, 0.0131937740371, 0.00274096499197, 0.00113044551108, 0.000920494319871, 0.000982247875072, 0.00172950327396, 0.00396373961121, 0.00198734668083, 0.00125516334083, 0.00114430231042, 0.00235284725204, 0.000510788871907, 0.00128877162933, 0.00178196292836, 0.0012680060463, 0.00154067797121, 0.00159494951367, 0.00207906449214, 0.00219688285142, 0.000609356269706, 0.000810861820355, 0.000318424688885, 0.00121247034986, 0.00514303147793, 0.00111490604468, 0.000676353869494, 0.00453947577626, 0.0146292513236, 0.00193640869111, 0.00106981012505, 0.000854432408232, 0.000555305508897, 0.00347855640575, 0.00289909797721, 0.0024579113815, 0.000409255531849, 0.000710746040568, 0.00126659986563, 0.000175898792804, 0.00119137729052, 0.00149801000953, 0.000168353610206, 0.000720435171388, 0.0012312727049, 0.00119886302855, 0.00117154361214, 0.000376666663215, 0.000624814652838, 0.00355647131801, 0.000728203740437, 0.000362293736544, 0.000836344668642, 0.000540310924407, 0.000280346896034, 0.000233080543694, 0.000266917748377, 0.000166335506947, 0.000419975840487, 0.00110024912283, 0.000493145314977, 0.000361534359399, 0.000216141430428, 9.24143459997e-05, 5.36311745236e-05, 0.000119728007121, 0.000101285942947, 0.000215766121983, 8.93336109584e-05, 4.17809751525e-05, 0.000164614029927, 5.73383949813e-05, 9.91871711449e-05, 2.62684043264e-05, 5.45547663933e-05, 3.68587570847e-05, 3.90863060602e-05, 7.21484539099e-05, 3.43492574757e-05, 1.59820883709e-05, 3.74441624444e-05, 1.52707707457e-05, 1.85281805898e-05, 1.58385319082e-05, 1.13470987344e-05, 1.04561195258e-05, 1.00135275716e-05, 9.03503496374e-06, 1.21286302601e-05, 6.10239840171e-06, 2.5029079552e-05, 9.38568700803e-06, 2.16931925934e-06, 7.02312627254e-06, 1.31512779262e-05, 7.15737269275e-06, 1.57399717864e-05, 5.00181067764e-06, 1.07874911919e-05, 5.60474427402e-06, 5.53621157451e-06, 4.43563203589e-06, 3.30390889758e-06, 3.39418556905e-06, 3.11266057906e-06, 1.84952034488e-06, 1.85974090527e-06, 1.28350194473e-07, 4.01793753824e-09, 3.89093779418e-09, 3.79878439816e-09, 3.68119446037e-09, 3.60367158336e-09, 3.52096174439e-09, 3.45098460919e-09, 3.37899064284e-09, 3.33465277613e-09, 3.28911653469e-09, 3.26041482701e-09, 3.23556537118e-09],
        "mean": [2.13029343286e-05, 1.00798097264e-05, 1.85400222108e-05, 4.54177825304e-05, 8.72564633028e-05, 0.000149515559315, 0.000202049166546, 0.000307802401949, 0.000611669034697, 0.000300838903058, 6.67283893563e-05, 4.52151725767e-05, 3.80006931664e-05, 4.06096405641e-05, 4.97922301292e-05, 0.000105494567833, 6.64462640998e-05, 2.11079532164e-05, 4.79928894492e-05, 9.73552741925e-05, 3.14220269502e-05, 6.35376927676e-05, 8.23863956612e-05, 3.91294961446e-05, 4.47248312412e-05, 2.35252937273e-05, 4.4528147555e-05, 7.16486247256e-05, 2.28609260375e-05, 3.27249399561e-05, 1.30478110805e-05, 4.3212716264e-05, 0.000134966147016, 3.18345773849e-05, 9.76817955234e-06, 0.000114159491204, 0.000317121302942, 4.04566853831e-05, 2.19914581976e-05, 2.88489027298e-05, 1.8078046196e-05, 6.38863930362e-05, 0.000103622471215, 0.000104811508209, 9.98573796096e-06, 2.57136161963e-05, 4.01925426559e-05, 5.19557170264e-06, 2.11454698729e-05, 3.7257635995e-05, 6.73880958857e-06, 1.40475440276e-05, 1.78298669198e-05, 3.18836064253e-05, 5.34398204763e-05, 1.40569036375e-05, 1.77809324668e-05, 4.4146370783e-05, 1.3986698832e-05, 4.82898667542e-06, 1.84698510566e-05, 1.3713584849e-05, 1.45540552694e-05, 9.40761583479e-06, 6.47295382805e-06, 5.75614330955e-06, 9.96974085865e-06, 1.19649848784e-05, 7.05313414073e-06, 1.2313609659e-05, 7.66227458371e-06, 3.28726537191e-06, 1.85500550742e-06, 2.33620494328e-06, 3.51886296812e-06, 9.26196935325e-06, 2.73472937806e-06, 1.39727649184e-06, 2.6554366741e-06, 2.2706958589e-06, 2.65018775281e-06, 1.15529303457e-06, 1.93995515474e-06, 1.17681497613e-06, 1.18522007142e-06, 2.04898765332e-06, 1.04592209027e-06, 5.52702488221e-07, 9.71969370767e-07, 6.16129625541e-07, 4.16462057728e-07, 4.54935360494e-07, 4.84384258925e-07, 3.61671965265e-07, 2.86439615138e-07, 3.43161246974e-07, 3.79175020271e-07, 2.13398720916e-07, 4.40333678853e-07, 2.32980951864e-07, 8.03210511435e-08, 2.01554925638e-07, 3.50603954757e-07, 2.03276627531e-07, 3.29643654595e-07, 1.60423198281e-07, 2.45251072784e-07, 1.73846061102e-07, 1.62131527759e-07, 1.36821157071e-07, 9.29762080659e-08, 8.9575458162e-08, 7.78085791353e-08, 3.33562937271e-08, 2.05849222112e-08, 1.08742814753e-09, 9.19602588523e-12, 8.72559576676e-12, 8.52739320129e-12, 8.30185920009e-12, 8.13484262591e-12, 7.97293481236e-12, 7.80984912158e-12, 7.64183074459e-12, 7.56787080919e-12, 7.48847164833e-12, 7.43049892449e-12, 7.37216017399e-12],
        "min": [8.85073773324e-24, 3.31398020815e-24, 2.16550080874e-23, 1.58767187081e-23, 3.73412989285e-24, 3.68408051411e-25, 7.74250412395e-25, 3.56548799739e-24, 2.51936456262e-24, 2.95963453914e-24, 9.39366494037e-24, 9.75802480413e-24, 6.57435061246e-24, 2.10000511933e-24, 4.70699181535e-24, 5.76539939214e-24, 6.38609487389e-24, 1.44308691975e-23, 1.55958558269e-23, 3.76107675028e-23, 1.24996201612e-23, 2.27577299256e-24, 1.62907399297e-24, 4.47525327482e-24, 1.56616136942e-23, 3.5938846234e-23, 2.08654971608e-23, 2.52754150033e-24, 3.92548033275e-24, 1.38547057027e-23, 2.0460865159e-23, 5.8392320397e-24, 1.44059411929e-23, 6.86053238837e-24, 1.22667052319e-24, 2.40483063665e-24, 3.63649967836e-24, 3.18882624224e-24, 6.60140893594e-24, 7.80992017691e-24, 1.76067348495e-23, 1.76853574605e-23, 2.54481037552e-23, 4.99774425134e-24, 4.89519430581e-24, 1.71881510537e-23, 1.58552695801e-23, 1.64755871975e-23, 1.24341928266e-23, 3.17004890723e-23, 7.45242734733e-24, 2.49231314167e-24, 1.18664953871e-23, 1.69693731034e-23, 1.08973206004e-23, 6.95347598022e-24, 5.35376624977e-24, 9.00223531464e-24, 6.08678448037e-24, 1.88457371422e-23, 4.40994781921e-24, 1.08012113098e-23, 4.18784718679e-24, 3.82358711393e-24, 6.37283885524e-24, 9.69119960799e-24, 1.53476896524e-23, 1.14930778224e-23, 2.0245709658e-23, 1.00564808613e-23, 1.02367923761e-23, 8.95878564484e-24, 5.40420246617e-24, 6.74202891432e-24, 4.80680323025e-24, 1.91069747418e-23, 1.89507219069e-23, 1.67599605098e-23, 1.69273915037e-23, 6.73154653062e-24, 3.69405891431e-24, 3.39199697395e-24, 3.65267251021e-24, 5.25503360216e-24, 1.82358056675e-23, 1.17871257248e-23, 7.67201309119e-24, 8.23320400599e-24, 8.97094199139e-24, 6.49404220573e-24, 9.43350162722e-24, 1.18071596363e-23, 1.18459865812e-23, 6.44492062602e-24, 7.0367820584e-24, 9.67754600344e-24, 7.39532091754e-24, 1.06779612596e-23, 1.57044062429e-23, 1.3077218594e-23, 7.2847817832e-24, 1.46549577594e-23, 1.10667545122e-23, 1.06230013204e-23, 1.37706746613e-23, 9.58350747265e-24, 8.54266388392e-24, 9.25996879415e-24, 5.85189404609e-24, 7.22982263279e-24, 1.04378162229e-23, 1.93139576438e-23, 1.44692914567e-23, 1.0932928204e-23, 9.87714358968e-24, 1.24792596613e-23, 1.30287667572e-23, 9.09081808341e-24, 7.35670223192e-24, 9.93051949625e-24, 1.10418667395e-23, 8.3944495416e-24, 6.9777145204e-24, 1.00174685341e-23, 1.18167040644e-23, 1.42079844373e-23, 1.01839347512e-23, 1.57129496065e-23],
        "stdev": [5.80718442507e-05, 2.0111185222e-05, 4.86265453219e-05, 0.000160875992151, 0.000342910498148, 0.000425249570981, 0.000475586624816, 0.0011546141468, 0.00251899636351, 0.00126731570344, 0.000210965416045, 0.000110920525913, 8.62706001499e-05, 0.000110166380182, 0.000149426967255, 0.000355458934791, 0.000192423278349, 8.22696747491e-05, 0.000128633211716, 0.000256720697507, 7.05795973772e-05, 0.000152303604409, 0.000198076741071, 0.000127422550577, 0.000144786972669, 0.000105968902062, 0.000136851173011, 0.000210162150324, 5.8819361584e-05, 9.65100698522e-05, 3.4968379623e-05, 0.000132114379085, 0.000546312541701, 0.000124058948131, 4.24705249316e-05, 0.00038748033694, 0.00137073325459, 0.000180440212716, 8.26453033369e-05, 8.5896535893e-05, 5.49512405996e-05, 0.000231528567383, 0.000308665185003, 0.000296307320241, 3.07236296067e-05, 6.78860815242e-05, 0.000112097884994, 1.6174511984e-05, 8.14265222289e-05, 0.000133517067297, 1.86356119229e-05, 5.69718031329e-05, 9.19005833566e-05, 9.80005061137e-05, 0.000138327755849, 3.43999709003e-05, 5.18078268215e-05, 0.000215739477426, 4.67424688395e-05, 2.03398813028e-05, 7.42471092963e-05, 4.38335628132e-05, 3.24728935084e-05, 2.15678537643e-05, 2.17368669837e-05, 1.69240975083e-05, 3.18178463203e-05, 6.62671372993e-05, 3.1898242014e-05, 3.30539660354e-05, 2.09549252759e-05, 1.0330774785e-05, 5.9862627495e-06, 8.61763692228e-06, 1.01701471067e-05, 2.55053073488e-05, 8.36510116642e-06, 4.8235824579e-06, 1.04682676465e-05, 6.7218525146e-06, 8.58483053889e-06, 3.41528857462e-06, 6.65570541969e-06, 3.92988204112e-06, 3.71160513168e-06, 6.85977147441e-06, 3.56195550921e-06, 1.93011010197e-06, 3.52323286279e-06, 1.87365742477e-06, 1.48994229221e-06, 1.47395780914e-06, 1.34955575959e-06, 1.16039711884e-06, 9.7184340575e-07, 1.08432527668e-06, 1.30418220579e-06, 6.7296053885e-07, 1.76163041488e-06, 8.02434897196e-07, 2.58606718262e-07, 6.37551181626e-07, 1.39540804867e-06, 7.15445821697e-07, 1.31068361497e-06, 5.58062538403e-07, 1.00414638382e-06, 6.57652662994e-07, 5.65204004488e-07, 5.04199022089e-07, 3.32909934286e-07, 3.47303711123e-07, 2.96848725156e-07, 1.82616730626e-07, 1.44919354739e-07, 9.16227183012e-09, 1.71119299286e-10, 1.65711541711e-10, 1.61785973507e-10, 1.56776175375e-10, 1.53473886377e-10, 1.49950357686e-10, 1.46970213777e-10, 1.4390448555e-10, 1.42015066373e-10, 1.40074715715e-10, 1.38852013221e-10, 1.37793942923e-10]
    },
    "mfcc": {
        "mean": [-834.458374023, 103.401519775, -28.2607841492, 19.0130023956, 7.18511247635, 6.54942655563, -0.551022589207, 2.63216924667, -0.322122454643, 0.560294151306, 1.00558459759, 1.8798789978, -2.12666654587],
        "cov": [[34016.140625, -207.444000244, -1399.95507812, -28.338306427, -1380.51928711, -250.200500488, -331.82220459, -708.618469238, -997.641052246, -547.421020508, -542.306396484, -388.645202637, -495.669677734], [-207.444000244, 786.544799805, -145.758392334, -30.9056663513, 106.937820435, -159.123336792, -2.75823640823, 6.42230415344, -48.9962654114, -33.149597168, -6.08413600922, -17.4975261688, -65.2899246216], [-1399.95507812, -145.758392334, 385.801025391, 124.634033203, 28.4260883331, 24.9769878387, -11.3522129059, 26.1813869476, 43.3240470886, 42.9014015198, 35.0813179016, -5.86800909042, 2.01824784279], [-28.338306427, -30.9056663513, 124.634033203, 187.184829712, 5.76285028458, -4.13581085205, -20.9153518677, -9.55163764954, -0.827267169952, 29.8666191101, 1.27099895477, -18.6951904297, -23.8127307892], [-1380.51928711, 106.937820435, 28.4260883331, 5.76285028458, 158.376922607, -13.5299949646, 19.1993427277, 27.6781311035, 29.9128818512, 20.1088943481, 21.0051784515, 17.2104759216, -0.0564457923174], [-250.200500488, -159.123336792, 24.9769878387, -4.13581085205, -13.5299949646, 149.220123291, 42.3989524841, 6.08266544342, 28.4498138428, 21.9796466827, 15.196472168, 21.1763744354, 29.6550292969], [-331.82220459, -2.75823640823, -11.3522129059, -20.9153518677, 19.1993427277, 42.3989524841, 73.1149978638, 20.5657062531, 14.9138422012, 7.55928134918, 7.70453834534, 17.3615913391, 8.4504442215], [-708.618469238, 6.42230415344, 26.1813869476, -9.55163764954, 27.6781311035, 6.08266544342, 20.5657062531, 64.8341369629, 34.0951271057, 1.30586707592, 7.9430141449, 13.4756450653, 19.7182312012], [-997.641052246, -48.9962654114, 43.3240470886, -0.827267169952, 29.9128818512, 28.4498138428, 14.9138422012, 34.0951271057, 84.0230331421, 32.4834480286, 15.3705444336, 17.8366298676, 25.3713436127], [-547.421020508, -33.149597168, 42.9014015198, 29.8666191101, 20.1088943481, 21.9796466827, 7.55928134918, 1.30586707592, 32.4834480286, 62.2920303345, 25.4804706573, 5.86195611954, -3.28835582733], [-542.306396484, -6.08413600922, 35.0813179016, 1.27099895477, 21.0051784515, 15.196472168, 7.70453834534, 7.9430141449, 15.3705444336, 25.4804706573, 61.1053390503, 15.8445720673, -3.73949384689], [-388.645202637, -17.4975261688, -5.86800909042, -18.6951904297, 17.2104759216, 21.1763744354, 17.3615913391, 13.4756450653, 17.8366298676, 5.86195611954, 15.8445720673, 48.2130508423, 24.0575370789], [-495.669677734, -65.2899246216, 2.01824784279, -23.8127307892, -0.0564457923174, 29.6550292969, 8.4504442215, 19.7182312012, 25.3713436127, -3.28835582733, -3.73949384689, 24.0575370789, 73.7130279541]],
        "icov": [[9.81005941867e-05, 6.47426932119e-05, 0.000251245015534, -0.00012253683235, 0.000553880934604, -3.9724578528e-05, 4.91283062729e-05, 0.000261326349573, 0.000475561915664, 0.000252660654951, 0.000327223911881, -3.0055805837e-05, 0.00048540518037], [6.47426932119e-05, 0.00214747805148, 0.000898690137547, -0.000147755257785, -0.000993336783722, 0.0018160007894, -0.000656684569549, -0.00035367559758, 0.000913891009986, 0.000563647074159, -0.000146449310705, 0.000221165144467, 0.00133462739177], [0.000251245015534, 0.000898690137547, 0.00479707308114, -0.00283985026181, 0.000761946779676, -3.58775178029e-05, 0.000749072176404, -0.000875854166225, 0.000346807326423, 0.000706478545908, -0.00124424882233, 0.00122383388225, 0.00104974431451], [-0.00012253683235, -0.000147755257785, -0.00283985026181, 0.00826650764793, -0.000919810903724, -0.000255801453022, 0.00154516031034, -0.000233238126384, 0.0010760180885, -0.00434528570622, 0.0019987996202, 0.000697087903973, 0.00109052588232], [0.000553880934604, -0.000993336783722, 0.000761946779676, -0.000919810903724, 0.0118995225057, 0.000650822767057, -0.00121449294966, -6.3830821091e-06, 0.000839814718347, -0.00010750877118, 0.000910928763915, -0.00230839289725, 0.00292060151696], [-3.9724578528e-05, 0.0018160007894, -3.58775178029e-05, -0.000255801453022, 0.000650822767057, 0.0117224240676, -0.0066299973987, 0.00203285831958, -0.00140771619044, -0.00145099102519, -0.00172818521969, -0.000729437801056, -0.00266930367798], [4.91283062729e-05, -0.000656684569549, 0.000749072176404, 0.00154516031034, -0.00121449294966, -0.0066299973987, 0.0205420777202, -0.00593562331051, 0.00164342101198, -0.00184600357898, 0.00169825740159, -0.00390254682861, 0.00283835711889], [0.000261326349573, -0.00035367559758, -0.000875854166225, -0.000233238126384, -6.3830821091e-06, 0.00203285831958, -0.00593562331051, 0.0255109127611, -0.0083803422749, 0.00704988604411, -0.00117252441123, -0.000312468997436, -0.00232749665156], [0.000475561915664, 0.000913891009986, 0.000346807326423, 0.0010760180885, 0.000839814718347, -0.00140771619044, 0.00164342101198, -0.0083803422749, 0.0254620872438, -0.0104500297457, 0.0033642204944, -0.0018115225248, -0.00150239211507], [0.000252660654951, 0.000563647074159, 0.000706478545908, -0.00434528570622, -0.00010750877118, -0.00145099102519, -0.00184600357898, 0.00704988604411, -0.0104500297457, 0.0296500511467, -0.00805724319071, 0.000988878891803, 0.00387258990668], [0.000327223911881, -0.000146449310705, -0.00124424882233, 0.0019987996202, 0.000910928763915, -0.00172818521969, 0.00169825740159, -0.00117252441123, 0.0033642204944, -0.00805724319071, 0.0249542891979, -0.00807642098516, 0.00594978407025], [-3.0055805837e-05, 0.000221165144467, 0.00122383388225, 0.000697087903973, -0.00230839289725, -0.000729437801056, -0.00390254682861, -0.000312468997436, -0.0018115225248, 0.000988878891803, -0.00807642098516, 0.0313062928617, -0.00895132124424], [0.00048540518037, 0.00133462739177, 0.00104974431451, 0.00109052588232, 0.00292060151696, -0.00266930367798, 0.00283835711889, -0.00232749665156, -0.00150239211507, 0.00387258990668, 0.00594978407025, -0.00895132124424, 0.0236222557724]]
    },
    "spectral_contrast_coeffs": {
        "max": [-0.421254456043, -0.604714035988, -0.468167245388, -0.584292411804, -0.633109211922, -0.593054115772],
        "mean": [-0.779717743397, -0.834020137787, -0.817364454269, -0.816058933735, -0.799021482468, -0.786896348],
        "min": [-0.958223462105, -0.97746527195, -0.962105095387, -0.955901026726, -0.95978397131, -0.961164057255],
        "stdev": [0.103704839945, 0.0807571038604, 0.0977953448892, 0.0845521241426, 0.0675439313054, 0.0594285987318]
    },
    "spectral_contrast_valleys": {
        "max": [-6.10533571243, -5.24397850037, -6.03709554672, -5.9117026329, -5.6113114357, -8.44968891144],
        "mean": [-8.94559288025, -8.59869289398, -9.02885246277, -9.04673671722, -9.19822883606, -12.0659370422],
        "min": [-27.1108131409, -27.1161727905, -26.9139461517, -27.2716560364, -27.2588920593, -27.2242774963],
        "stdev": [1.65030050278, 1.73929190636, 1.64764511585, 1.61855590343, 1.79732632637, 1.62505972385]
    }
},
"rhythm": {
    "beats_count": 27,
    "beats_loudness": {
        "max": 0.0591678135097,
        "mean": 0.0136519530788,
        "min": 6.57428699924e-06,
        "stdev": 0.0191481839865
    },
    "bpm": 126.335632324,
    "bpm_histogram_first_peak_bpm": 126,
    "bpm_histogram_first_peak_weight": 0.41666662693,
    "bpm_histogram_second_peak_bpm": 133,
    "bpm_histogram_second_peak_spread": 0.5,
    "bpm_histogram_second_peak_weight": 0.230769231915,
    "danceability": 0.781643390656,
    "onset_rate": 2.11609268188,
    "beats_loudness_band_ratio": {
        "max": [0.948434770107, 0.47527346015, 0.210737794638, 0.760934591293, 0.484610408545, 0.260191768408],
        "mean": [0.405061006546, 0.141758218408, 0.093773573637, 0.174258112907, 0.183332517743, 0.0805953219533],
        "min": [0.0214774552733, 0.00938626099378, 0.00832913815975, 0.00607616314664, 0.00712929805741, 0.00884518958628],
        "stdev": [0.262920230627, 0.126266345382, 0.0560594797134, 0.172282204032, 0.131752952933, 0.067701689899]
    },
    "beats_position": [0.46439909935, 0.940408170223, 1.4164172411, 1.89242625237, 2.36843538284, 2.8444442749, 3.33206343651, 3.8196823597, 4.29569149017, 4.74848079681, 5.20126962662, 5.65405893326, 6.13006782532, 6.59446716309, 7.05886602402, 7.52326536179, 7.96444416046, 8.40562343597, 8.84680271149, 9.29959201813, 9.75238037109, 10.2051696777, 10.6347389221, 11.0759181976, 11.5170974731, 11.9582767487, 12.387845993],
