{
"metadata": {
    "version": {
        "essentia": "2.1-beta5",
        "essentia_git_sha": "Undefined",
        "extractor": "music 2.0"
    },
    "audio_properties": {
        "analysis": {
            "equal_loudness": 0,
            "length": 12.7477550507,
            "sample_rate": 44100,
            "start_time": 0,
            "downmix": "mix"
        },
        "bit_rate": 192000,
        "length": 193.909835815,
        "lossless": 0,
        "number_channels": 2,
        "replay_gain": -1.34179496765,
        "sample_rate": 44100,
        "codec": "mp3",
        "md5_encoded": "ad7ab07b18c900d700c24267081b5098"
    },
    "tags": {
        "file_name": "Italy_Raggio Di Luna_Matia Bazar.mp3",
        "encoding": ["Lavf58.29.100"]
    }
},
"lowlevel": {
    "average_loudness": 0.395180761814,
    "barkbands_crest": {
        "max": 23.1004371643,
        "mean": 8.21045017242,
        "min": 2.50659799576,
        "stdev": 3.97004699707
    },
    "barkbands_flatness_db": {
        "max": 0.262582331896,
        "mean": 0.122025810182,
        "min": 0.0547803752124,
        "stdev": 0.0457458347082
    },
    "barkbands_kurtosis": {
        "max": 12.1602325439,
        "mean": 0.771584331989,
        "min": -1.44274830818,
        "stdev": 1.77841186523
    },
    "barkbands_skewness": {
        "max": 2.33771204948,
        "mean": 0.513068675995,
        "min": -2.05694961548,
        "stdev": 0.670033931732
    },
    "barkbands_spread": {
        "max": 54.9151725769,
        "mean": 22.7651672363,
        "min": 2.53270769119,
        "stdev": 12.3305368423
    },
    "dissonance": {
        "max": 0.499992251396,
        "mean": 0.463395148516,
        "min": 0.255690455437,
        "stdev": 0.040517155081
    },
    "dynamic_complexity": 16.7147293091,
    "erbbands_crest": {
        "max": 29.7929878235,
        "mean": 9.71820354462,
        "min": 2.88155436516,
        "stdev": 5.45257902145
    },
    "erbbands_flatness_db": {
        "max": 0.352077752352,
        "mean": 0.188738375902,
        "min": 0.0985271036625,
        "stdev": 0.0519316419959
    },
    "erbbands_kurtosis": {
        "max": 26.6092987061,
        "mean": 1.91336977482,
        "min": -1.21010196209,
        "stdev": 3.20062065125
    },
    "erbbands_skewness": {
        "max": 2.19599914551,
        "mean": 0.146097093821,
        "min": -1.1048656702,
        "stdev": 0.651724457741
    },
    "erbbands_spread": {
        "max": 72.5655593872,
        "mean": 23.7031326294,
        "min": 2.12741875648,
        "stdev": 12.3130474091
    },
    "hfc": {
        "max": 135.710281372,
        "mean": 17.2143096924,
        "min": 1.24215158253e-16,
        "stdev": 22.9915466309
    },
    "loudness_ebu128": {
        "integrated": -22.0840034485,
        "loudness_range": 12.977848053,
        "momentary": {
            "max": -18.7571277618,
            "mean": -36.7719116211,
            "min": -61.3591308594,
            "stdev": 16.8385257721
        },
        "short_term": {
            "max": -19.7385044098,
            "mean": -32.3962249756,
            "min": -59.2066955566,
            "stdev": 14.641916275
        }
    },
    "melbands_crest": {
        "max": 29.2377700806,
        "mean": 11.5794935226,
        "min": 2.51564502716,
        "stdev": 4.60602235794
    },
    "melbands_flatness_db": {
        "max": 0.294239163399,
        "mean": 0.159006744623,
        "min": 0.00560716632754,
        "stdev": 0.0445720367134
    },
    "melbands_kurtosis": {
        "max": 19.1393432617,
        "mean": 2.65555882454,
        "min": -1.35624063015,
        "stdev": 3.35998988152
    },
    "melbands_skewness": {
        "max": 3.89780139923,
        "mean": 1.07169926167,
        "min": -1.90107560158,
        "stdev": 1.0257191658
    },
    "melbands_spread": {
        "max": 145.105575562,
        "mean": 29.7028942108,
        "min": 6.776055336,
        "stdev": 15.1818666458
    },
    "pitch_salience": {
        "max": 0.907077550888,
        "mean": 0.615347206593,
        "min": 0.298111915588,
        "stdev": 0.0921774357557
    },
    "silence_rate_20dB": {
        "max": 1,
        "mean": 1,
        "min": 1,
        "stdev": 0
    },
    "silence_rate_30dB": {
        "max": 1,
        "mean": 1,
        "min": 1,
        "stdev": 0
    },
    "silence_rate_60dB": {
        "max": 1,
        "mean": 0.432727277279,
        "min": 0,
        "stdev": 0.495455741882
    },
    "spectral_centroid": {
        "max": 10680.5859375,
        "mean": 1531.50671387,
        "min": 577.479003906,
        "stdev": 614.82019043
    },
    "spectral_complexity": {
        "max": 32,
        "mean": 10.1672725677,
        "min": 0,
        "stdev": 9.58450984955
    },
    "spectral_decrease": {
        "max": 3.36468147715e-19,
        "mean": -3.93340604532e-09,
        "min": -2.3810638794e-08,
        "stdev": 5.09039610463e-09
    },
    "spectral_energy": {
        "max": 0.099396802485,
        "mean": 0.0164069794118,
        "min": 1.08350320487e-20,
        "stdev": 0.0211927276105
    },
    "spectral_energyband_high": {
        "max": 0.01076775603,
        "mean": 0.00029877218185,
        "min": 7.90392320265e-21,
        "stdev": 0.000821231456939
    },
    "spectral_energyband_low": {
        "max": 0.00287997233681,
        "mean": 0.000282371183857,
        "min": 4.91739663822e-23,
        "stdev": 0.000433250359492
    },
    "spectral_energyband_middle_high": {
        "max": 0.0814234390855,
        "mean": 0.0106343142688,
        "min": 1.3516241271e-21,
        "stdev": 0.0160405766219
    },
    "spectral_energyband_middle_low": {
        "max": 0.0293221436441,
        "mean": 0.00533091370016,
        "min": 3.64884418401e-22,
        "stdev": 0.00608836486936
    },
    "spectral_entropy": {
        "max": 9.79615688324,
        "mean": 7.55761909485,
        "min": 6.39823055267,
        "stdev": 0.4231120646
    },
    "spectral_flux": {
        "max": 0.198081612587,
        "mean": 0.0403852649033,
        "min": 1.04091457676e-10,
        "stdev": 0.0391212329268
    },
    "spectral_kurtosis": {
        "max": 18.6433525085,
        "mean": 5.0731844902,
        "min": -1.20297896862,
        "stdev": 2.36417770386
    },
    "spectral_rms": {
        "max": 0.00984746124595,
        "mean": 0.00287854997441,
        "min": 3.25127099722e-12,
        "stdev": 0.00277862511575
    },
    "spectral_rolloff": {
        "max": 19336.8164062,
        "mean": 1791.05456543,
        "min": 430.6640625,
        "stdev": 1411.25061035
    },
    "spectral_skewness": {
        "max": 3.3426618576,
        "mean": 1.70839560032,
        "min": 0.00281965453178,
        "stdev": 0.382591485977
    },
    "spectral_spread": {
        "max": 40635028,
        "mean": 3946606.75,
        "min": 2773990.25,
        "stdev": 1829882.125
    },
    "spectral_strongpeak": {
        "max": 11.0712852478,
        "mean": 1.82535886765,
        "min": 0,
        "stdev": 2.43173098564
    },
    "zerocrossingrate": {
        "max": 0.51171875,
        "mean": 0.0661416873336,
        "min": 0.01904296875,
        "stdev": 0.0287517681718
    },
    "barkbands": {
        "max": [0.00163725833409, 0.00139967619907, 0.00173733534757, 0.00601772405207, 0.0235565770417, 0.00289476895705, 0.00910784490407, 0.00453875306994, 0.0132770929486, 0.00616025365889, 0.0782411247492, 0.0142705915496, 0.0114163588732, 0.0168911740184, 0.00123631046154, 0.00134805683047, 0.000666678417474, 0.00507286470383, 0.00344239687547, 0.00354572501965, 0.00105468253605, 0.00147918961011, 0.00279723783024, 0.00292461458594, 0.00464542536065, 0.000764139171224, 8.93261908885e-09],
        "mean": [5.9311689256e-05, 8.29845375847e-05, 8.6305080913e-05, 0.00025891957921, 0.0016784229083, 0.000387348904042, 0.00110043154564, 0.000443994533271, 0.00129387062043, 0.000606467423495, 0.00637550931424, 0.000841161992867, 0.000956864678301, 0.00135621032678, 0.000118180636491, 0.000119147392979, 4.48935679742e-05, 0.000130643820739, 7.81320341048e-05, 0.000134779562359, 3.1360777939e-05, 5.44795948372e-05, 5.19136992807e-05, 5.77840546612e-05, 4.79452173749e-05, 9.92020704871e-06, 6.44600373079e-10],
        "min": [9.62487533852e-24, 1.08774136955e-23, 1.26946952079e-23, 4.32393279269e-23, 7.04440545241e-23, 1.90107494886e-23, 1.07498946457e-22, 6.02666002653e-23, 4.65100777686e-23, 4.11628850967e-23, 5.12419526235e-23, 3.86231000807e-23, 6.83649705876e-23, 9.64089126594e-23, 1.55379143089e-22, 8.57963037926e-23, 1.41593943921e-22, 2.58492376323e-22, 3.2402917328e-22, 2.42413750244e-22, 3.04168659669e-22, 5.00569276649e-22, 5.39944012867e-22, 1.15384526283e-21, 1.20049392768e-21, 1.94959846471e-21, 2.404612829e-21],
        "stdev": [0.000145666082972, 0.000131492226501, 0.000194588981685, 0.000690022832714, 0.00263966224156, 0.000589785806369, 0.00158796657342, 0.000657328404486, 0.0019562644884, 0.00102656718809, 0.0118866646662, 0.00160881900229, 0.00151734543033, 0.00255497638136, 0.000192722582142, 0.00019106020045, 8.00368798082e-05, 0.000364412291674, 0.000199668444111, 0.000243230591877, 6.72831884003e-05, 0.000126813029055, 0.000173786582309, 0.00024525236222, 0.000259475084022, 4.95550921187e-05, 1.07388598014e-09]
    },
    "erbbands": {
        "max": [0.0159961562604, 0.41325840354, 2.12520694733, 8.83289241791, 30.3197956085, 118.597694397, 27.2153778076, 26.805606842, 46.517036438, 263.653289795, 66.6197967529, 347.442260742, 226.524734497, 617.547302246, 3042.2434082, 550.723999023, 337.541442871, 1224.18847656, 49.9945755005, 109.632232666, 51.6319236755, 33.6212234497, 73.2926940918, 298.346069336, 225.41456604, 172.493560791, 53.6366081238, 34.1766166687, 53.8228034973, 138.111434937, 30.0075206757, 60.3750343323, 58.2465553284, 77.2394638062, 20.3331851959, 5.25835943222, 0.944838106632, 0.0531214848161, 0.00138140574563, 0.000195374130271],
        "mean": [0.00155969604384, 0.0227798596025, 0.110762797296, 0.461557984352, 2.10792207718, 8.30023479462, 3.73453259468, 3.72082400322, 6.04638624191, 27.0162277222, 11.0885009766, 26.5573806763, 26.80219841, 72.8692398071, 217.023681641, 42.5681381226, 47.6794471741, 88.9308700562, 6.52265453339, 11.5075683594, 3.48671531677, 2.76935720444, 5.14957284927, 5.34872484207, 6.33344697952, 5.90869855881, 1.68829488754, 1.52886939049, 1.71656525135, 2.1403875351, 1.27445185184, 1.14482223988, 0.952285468578, 0.597008228302, 0.302183032036, 0.081969641149, 0.010099735111, 0.000470254628453, 2.43272352236e-05, 2.1630219635e-05],
        "min": [4.20113214086e-22, 2.57574389616e-21, 1.24594620987e-20, 7.96227320161e-20, 2.01561503854e-19, 1.75534666546e-19, 3.4750726073e-19, 1.64345562421e-19, 1.60488031484e-18, 8.54539507916e-19, 1.50830770211e-18, 1.30233331893e-18, 1.24317036299e-18, 1.62033070451e-18, 1.50718811315e-18, 2.1399363038e-18, 3.43620731942e-18, 4.78565343393e-18, 5.65977447829e-18, 7.42823410196e-18, 4.97333492465e-18, 8.52722212789e-18, 1.44134617007e-17, 1.14606262644e-17, 1.85725671796e-17, 1.21812254822e-17, 1.26080746665e-17, 1.52397473038e-17, 1.60659468802e-17, 1.62429800749e-17, 1.69858445132e-17, 2.59819035133e-17, 1.7860528454e-17, 1.2664042534e-17, 8.61778930598e-18, 7.88247868098e-18, 3.62179252768e-18, 1.15016145113e-18, 3.12273735183e-19, 3.71587981164e-20],
        "stdev": [0.00198952085339, 0.0387387424707, 0.231987163424, 1.13087940216, 3.94978141785, 13.6622076035, 4.79980516434, 5.33407926559, 7.73901128769, 42.7867546082, 14.5501842499, 42.9011726379, 41.2591285706, 123.276679993, 424.520568848, 68.2897644043, 72.1564865112, 160.939849854, 9.28522586823, 18.7149105072, 5.27075815201, 4.19122457504, 8.8025188446, 20.045633316, 14.302072525, 11.052977562, 3.54417014122, 3.19253826141, 4.0120010376, 8.43284225464, 2.95588183403, 4.47621679306, 4.22624588013, 3.7720079422, 1.55513978004, 0.369922429323, 0.0573616474867, 0.00356373330578, 8.89205693966e-05, 2.82731834886e-05]
    },
    "gfcc": {
        "mean": [-168.34487915, 98.1482391357, -151.017181396, 20.837852478, -71.1546859741, 22.8347015381, -39.4753189087, 5.69057512283, -28.4491729736, -2.72223258018, -6.72620582581, -5.24937105179, -4.20040750504],
        "cov": [[40042.5898438, 735.530639648, -1829.93493652, -3750.18041992, -3552.12573242, -106.081008911, 444.084106445, -1821.19519043, -1917.60522461, -503.133209229, -93.9191894531, -61.1816291809, -884.04095459], [735.530639648, 629.977050781, -148.113830566, -81.6753234863, 6.60571908951, -55.0754623413, 64.5386276245, -151.336120605, -4.10065507889, -130.421081543, 12.1705331802, -45.2588195801, 55.6660842896], [-1829.93493652, -148.113830566, 350.026062012, 150.799255371, 142.459762573, 22.3723430634, -51.2082061768, 134.89491272, 51.2219963074, 53.6212463379, -8.25565338135, 33.2738265991, 20.7262592316], [-3750.18041992, -81.6753234863, 150.799255371, 564.99609375, 345.221923828, 4.55335187912, -81.1650466919, 190.540924072, 208.122451782, 60.8224029541, -0.646743893623, 12.2289009094, 100.291954041], [-3552.12573242, 6.60571908951, 142.459762573, 345.221923828, 390.356048584, 42.8800582886, -26.8166027069, 153.889129639, 165.118286133, 22.4267520905, -2.11112785339, -5.09863948822, 85.2380981445], [-106.081008911, -55.0754623413, 22.3723430634, 4.55335187912, 42.8800582886, 98.7304382324, 8.16735744476, 21.2435722351, 5.6177945137, -7.66944980621, -12.3156299591, -5.0925951004, 1.89689731598], [444.084106445, 64.5386276245, -51.2082061768, -81.1650466919, -26.8166027069, 8.16735744476, 88.5941696167, -38.1963005066, -24.0539283752, -20.7521686554, 8.2790927887, -18.3812675476, -22.4120807648], [-1821.19519043, -151.336120605, 134.89491272, 190.540924072, 153.889129639, 21.2435722351, -38.1963005066, 189.056945801, 92.880645752, 83.1673278809, 13.7010335922, 5.29142713547, 11.4062223434], [-1917.60522461, -4.10065507889, 51.2219963074, 208.122451782, 165.118286133, 5.6177945137, -24.0539283752, 92.880645752, 148.95501709, 32.0842781067, 5.98569154739, 7.59950971603, 58.2283248901], [-503.133209229, -130.421081543, 53.6212463379, 60.8224029541, 22.4267520905, -7.66944980621, -20.7521686554, 83.1673278809, 32.0842781067, 111.444122314, 33.1736183167, 9.4556350708, -21.6472396851], [-93.9191894531, 12.1705331802, -8.25565338135, -0.646743893623, -2.11112785339, -12.3156299591, 8.2790927887, 13.7010335922, 5.98569154739, 33.1736183167, 53.1215515137, 0.916191220284, -8.1537694931], [-61.1816291809, -45.2588195801, 33.2738265991, 12.2289009094, -5.09863948822, -5.0925951004, -18.3812675476, 5.29142713547, 7.59950971603, 9.4556350708, 0.916191220284, 52.2716140747, 21.9807186127], [-884.04095459, 55.6660842896, 20.7262592316, 100.291954041, 85.2380981445, 1.89689731598, -22.4120807648, 11.4062223434, 58.2283248901, -21.6472396851, -8.1537694931, 21.9807186127, 88.6907272339]],
        "icov": [[0.000385022547562, -0.000670247944072, 0.000661240075715, 0.000136381568154, 0.00239620334469, -0.00128875824157, 0.000192205698113, 0.000159672519658, 0.00170884327963, -0.00067293777829, 0.00101821252611, -0.000872812757734, 0.000726153317373], [-0.000670247944072, 0.00464409962296, -0.00109278899617, 0.000437498849351, -0.00512404507026, 0.0043359301053, -0.0011331923306, 0.00166646845173, -0.00401706434786, 0.00402162130922, -0.00452952133492, 0.00456464057788, -0.00343263382092], [0.000661240075715, -0.00109278899617, 0.00587814394385, 0.000360556237865, 0.00259094987996, -0.0021757374052, 0.00123545527458, -0.00258048111573, 0.00476328935474, -0.0014409753494, 0.0030933690723, -0.00441944785416, 0.00159675872419], [0.000136381568154, 0.000437498849351, 0.000360556237865, 0.00591766601428, -0.00236735632643, 0.001300552045, 0.00241701537743, -0.000806349678896, -0.00268268678337, -0.00036251617712, 0.000645302061457, 0.000687068561092, -0.00116747547872], [0.00239620334469, -0.00512404507026, 0.00259094987996, -0.00236735632643, 0.0239142868668, -0.0107399513945, -0.000825950293802, -0.00205733021721, 0.00792470667511, -0.00275939726271, 0.0060829333961, -0.00309177790768, 0.00192360009532], [-0.00128875824157, 0.0043359301053, -0.0021757374052, 0.001300552045, -0.0107399513945, 0.017532940954, -0.00238680490293, -0.00161691277754, -0.00547201139852, 0.00485608261079, -0.00221620639786, 0.004775963258, -0.00358749530278], [0.000192205698113, -0.0011331923306, 0.00123545527458, 0.00241701537743, -0.000825950293802, -0.00238680490293, 0.0165470167994, 0.00151800026651, -0.000734238070436, 0.00146202649921, -0.00286014284939, 0.00114829395898, 0.00472759595141], [0.000159672519658, 0.00166646845173, -0.00258048111573, -0.000806349678896, -0.00205733021721, -0.00161691277754, 0.00151800026651, 0.0176570080221, -0.00393699109554, -0.00659558596089, -0.00086644111434, 0.00260619400069, 0.002434466267], [0.00170884327963, -0.00401706434786, 0.00476328935474, -0.00268268678337, 0.00792470667511, -0.00547201139852, -0.000734238070436, -0.00393699109554, 0.0273858550936, -0.0068093216978, 0.00551553163677, -0.00481615168974, -0.003644450102], [-0.00067293777829, 0.00402162130922, -0.0014409753494, -0.00036251617712, -0.00275939726271, 0.00485608261079, 0.00146202649921, -0.00659558596089, -0.0068093216978, 0.0245298016816, -0.0137135414407, -8.48610397952e-06, 0.00447972910479], [0.00101821252611, -0.00452952133492, 0.0030933690723, 0.000645302061457, 0.0060829333961, -0.00221620639786, -0.00286014284939, -0.00086644111434, 0.00551553163677, -0.0137135414407, 0.0309338215739, -0.00522090587765, 0.00229903496802], [-0.000872812757734, 0.00456464057788, -0.00441944785416, 0.000687068561092, -0.00309177790768, 0.004775963258, 0.00114829395898, 0.00260619400069, -0.00481615168974, -8.48610397952e-06, -0.00522090587765, 0.0315388143063, -0.0136213032529], [0.000726153317373, -0.00343263382092, 0.00159675872419, -0.00116747547872, 0.00192360009532, -0.00358749530278, 0.00472759595141, 0.002434466267, -0.003644450102, 0.00447972910479, 0.00229903496802, -0.0136213032529, 0.0277975872159]]
    },
    "melbands": {
        "max": [0.000244981260039, 0.000830991892144, 0.00238203187473, 0.00554121844471, 0.00199666852131, 0.000596413970925, 0.000874129880685, 0.00250276643783, 0.000663930200972, 0.00204352010041, 0.00111642898992, 0.00228160829283, 0.0129248974845, 0.000565918744542, 0.00185282772873, 0.0019505469827, 0.00203834124841, 5.0936734624e-05, 9.49734239839e-05, 0.000138693372719, 4.42429227405e-05, 4.09540662076e-05, 0.000107347957965, 0.000174261891516, 0.000258738000412, 0.000226906267926, 6.83827529429e-05, 0.000163180870004, 5.54385915166e-05, 4.19173957198e-05, 1.7914795535e-05, 4.0479713789e-05, 3.59781624866e-05, 0.000110496155685, 1.58056973305e-05, 2.64271493506e-05, 4.3238454964e-05, 3.59644291166e-05, 4.01057586714e-05, 8.41926084831e-05],
        "mean": [2.1197800379e-05, 4.91934006277e-05, 0.000122169425595, 0.00035843468504, 0.000210576108657, 8.37283878354e-05, 0.000117316420074, 0.000252180179814, 0.000102956306364, 0.000171178384335, 0.000129914100398, 0.000225772309932, 0.000981335761026, 5.66311136936e-05, 0.000134718065965, 0.000145229438203, 0.000148795545101, 4.72201827506e-06, 9.64253285929e-06, 1.36452154038e-05, 2.54532869803e-06, 2.71930503004e-06, 3.13095824822e-06, 6.7783198574e-06, 3.80404981115e-06, 3.83119322578e-06, 5.5292516663e-06, 3.4801998936e-06, 1.05190338218e-06, 8.53240010201e-07, 9.07654793991e-07, 1.01464127056e-06, 1.01405407804e-06, 1.25041970023e-06, 6.82374320604e-07, 6.47633441986e-07, 7.53334006731e-07, 7.11871450676e-07, 5.13058580509e-07, 5.35009235136e-07],
        "min": [4.87120741227e-24, 5.74623007214e-24, 1.85161273901e-23, 1.2010389927e-23, 1.24299897757e-23, 3.64126124278e-24, 2.41904275472e-23, 1.02447085953e-23, 1.09565537992e-23, 7.77889348865e-24, 5.94104479471e-24, 6.17391653393e-24, 6.4185028576e-24, 3.91483741585e-24, 6.53418063188e-24, 7.43921234945e-24, 9.06726821881e-24, 7.41559700939e-24, 1.34417717287e-23, 7.13494002083e-24, 5.35192662614e-24, 7.05807341423e-24, 1.51607043743e-23, 1.0063180657e-23, 9.11359644205e-24, 1.15220858156e-23, 1.14853288417e-23, 7.97167531667e-24, 7.17038669675e-24, 7.98973470937e-24, 9.48418436266e-24, 1.03869023512e-23, 7.61832952886e-24, 9.17800456838e-24, 8.6870270073e-24, 1.29163004357e-23, 1.61218225245e-23, 1.11175855535e-23, 1.19466823092e-23, 1.04291616299e-23],
        "stdev": [2.78468996839e-05, 9.05533815967e-05, 0.000267701892881, 0.000570967444219, 0.000300211453578, 0.000118590382044, 0.000151901098434, 0.000400577409891, 0.000141798969707, 0.000270460790489, 0.000207135322853, 0.000383413891541, 0.00187867390923, 8.97667123354e-05, 0.000250535405939, 0.000237382992054, 0.00027250230778, 7.12683458914e-06, 1.54592999024e-05, 2.13961448026e-05, 4.96785060022e-06, 4.53865322925e-06, 6.59154284222e-06, 1.46444526763e-05, 1.70043058461e-05, 1.21772745842e-05, 9.40147128858e-06, 8.52188350109e-06, 2.80024346466e-06, 2.33546938944e-06, 1.94722997549e-06, 2.93686684927e-06, 2.46651916314e-06, 6.31360444459e-06, 1.51542474214e-06, 1.9776798581e-06, 3.38371637554e-06, 3.39965936291e-06, 2.3477873583e-06, 3.96611039832e-06]
    },
    "melbands128": {
        "max": [0.000444508012151, 0.000130420157802, 0.00019214952772, 0.000889404735062, 0.00132203276735, 0.000622222432867, 0.00157262559514, 0.00381175824441, 0.00329950265586, 0.00650153774768, 0.00816364213824, 0.00343297887594, 0.000534274498932, 0.000984272686765, 0.000832471821923, 0.000536267529242, 0.00109698355664, 0.000681479694322, 0.00191026600078, 0.00506510492414, 0.00127248745412, 0.000529412587639, 0.000765137840062, 0.00166219845414, 0.00418031960726, 0.0014563780278, 0.00277230655774, 0.00135122425854, 0.00220039417036, 0.00114413816482, 0.00241721235216, 0.010505689308, 0.0272091776133, 0.00448223343119, 0.000195890417672, 0.000317279977025, 0.00222547724843, 0.00366499484517, 0.00124722998589, 0.000685908948071, 0.00107028021012, 0.00778712937608, 0.00245669204742, 0.000150149542606, 4.74929111078e-05, 8.14662125777e-05, 4.96561806358e-05, 8.74284087331e-05, 0.00021265228861, 0.00040811416693, 0.000273434270639, 7.20439056749e-05, 8.77614002093e-05, 2.53828202403e-05, 0.000123641104437, 3.04900022456e-05, 1.99998939934e-05, 0.000175836932613, 0.000119004704175, 2.79326577584e-05, 0.000155999092385, 0.000385558058042, 0.000666278181598, 3.90076493204e-05, 2.89293093374e-05, 0.000363947561709, 0.000252487458056, 0.000160228591994, 8.67539420142e-05, 6.48991772323e-05, 9.3203423603e-05, 0.000429172330769, 3.65161758964e-05, 8.04564024293e-06, 1.8194257791e-05, 5.71368254896e-05, 5.85484995099e-05, 1.78489317477e-05, 1.1370862012e-05, 4.62582647742e-05, 6.45902182441e-05, 3.2177529647e-05, 1.54162353283e-05, 2.90463667625e-05, 9.40137397265e-05, 0.000193237312487, 0.000109198597784, 1.78946647793e-05, 1.91074377653e-05, 3.84471022699e-05, 2.12598060898e-05, 5.53745521756e-05, 4.25219659519e-05, 8.74771139934e-05, 7.45196084608e-05, 9.44413113757e-05, 3.79395896744e-05, 6.49729990982e-05, 5.38987442269e-05, 4.33007589891e-05, 4.58223476016e-05, 0.000123052144772, 0.000112850000733, 3.51003000105e-05, 1.49165780385e-05, 2.14090759982e-05, 1.38295563374e-05, 3.50876107404e-05, 5.03481760461e-06, 7.38212520446e-06, 6.22574680165e-06, 2.89450599666e-06, 3.85055727747e-06, 3.33564230459e-06, 1.3898254565e-06, 1.26679793766e-07, 2.63524174704e-10, 4.19038553856e-11, 4.04990381508e-11, 3.94693028261e-11, 3.85904780353e-11, 3.83469055121e-11, 3.70686363549e-11, 3.61999076548e-11, 3.56330902285e-11, 3.51935910969e-11, 3.52515794333e-11, 3.45490788756e-11],
        "mean": [2.41646466748e-05, 1.1961027667e-05, 1.65609017131e-05, 4.44171600975e-05, 6.02518884989e-05, 3.50899063051e-05, 7.17078364687e-05, 0.000152896987856, 0.000189550075447, 0.000292688142508, 0.00058940553572, 0.000353861862095, 4.96575812576e-05, 0.000118141593703, 9.79418982752e-05, 4.31948647019e-05, 9.35373755055e-05, 5.02001130371e-05, 0.000199569200049, 0.000511354301125, 0.000105120758235, 2.72471952485e-05, 8.67262497195e-05, 0.000197518573259, 0.000205306074349, 0.00012072991376, 0.000197888017283, 9.45712818066e-05, 0.000140637013828, 6.03239932389e-05, 4.67292738904e-05, 0.000886725611053, 0.00189311197028, 0.000207999895792, 1.8606941012e-05, 2.0071198378e-05, 0.000111822133476, 0.000224863470066, 7.68245954532e-05, 4.99595771544e-05, 6.73254980939e-05, 0.000453477463452, 0.000170250204974, 6.2062536017e-06, 3.56810960511e-06, 6.19498314336e-06, 3.70824886886e-06, 2.51206483881e-06, 1.03881266114e-05, 3.33217722073e-05, 9.58931832429e-06, 1.97589497475e-06, 3.361557674e-06, 1.76137405106e-06, 3.01658178614e-06, 3.4287145354e-06, 1.67110522398e-06, 3.03886372421e-06, 4.44629358753e-06, 1.62138348969e-06, 8.81543564901e-06, 8.46256079967e-06, 5.28437021785e-06, 2.22421090257e-06, 1.71852286712e-06, 4.66471647087e-06, 2.97977749142e-06, 7.36163838155e-06, 4.88703472001e-06, 5.55809128855e-06, 3.63205845133e-06, 2.93107382277e-06, 1.40086774536e-06, 5.34507819339e-07, 6.85456541305e-07, 1.01148259546e-06, 7.74249826918e-07, 8.64790649757e-07, 6.95747814916e-07, 1.27216253532e-06, 1.27112309656e-06, 7.35287585485e-07, 7.79972310738e-07, 9.89953150565e-07, 1.32461718749e-06, 1.43519196172e-06, 1.26806810385e-06, 6.38041512957e-07, 6.1100882931e-07, 6.92329251706e-07, 8.73856890848e-07, 4.62644010213e-07, 5.97290636506e-07, 7.66739503888e-07, 8.0849446249e-07, 9.96028916234e-07, 4.64158034674e-07, 7.4244684356e-07, 5.21258812114e-07, 4.38220837395e-07, 3.25717707028e-07, 6.92149228598e-07, 6.110020081e-07, 3.28258437321e-07, 2.84229628278e-07, 3.52253351821e-07, 2.39848503725e-07, 2.51200646062e-07, 8.48223180583e-08, 7.5663017185e-08, 5.95220477351e-08, 3.40946080257e-08, 2.28416734416e-08, 1.58516542115e-08, 8.24060997218e-09, 4.75487427209e-10, 3.85140573947e-12, 2.89465500181e-12, 2.84547949439e-12, 2.80447193246e-12, 2.77357954312e-12, 2.7457810331e-12, 2.67660481452e-12, 2.60885605653e-12, 2.59589832269e-12, 2.58702065846e-12, 2.58964442772e-12, 2.56871629002e-12],
        "min": [9.34141000514e-24, 3.59190734354e-24, 5.15363578799e-24, 3.30480062822e-24, 4.71213716061e-24, 6.59588651518e-24, 1.38088807727e-23, 2.47177289975e-23, 2.43555613782e-23, 4.80639736131e-24, 7.85379346502e-24, 1.91843556857e-23, 1.40900371102e-23, 4.43414099988e-24, 1.75889397252e-24, 1.82887973988e-24, 1.48088897655e-23, 4.29818752819e-23, 1.54619561545e-23, 3.41453354672e-24, 9.37271516131e-24, 2.25370681755e-23, 7.18612762725e-24, 4.99395732457e-24, 1.13500407742e-23, 7.148663834e-24, 4.59247208888e-24, 7.75053315025e-24, 4.80667859022e-24, 4.20515873936e-24, 7.2105341948e-24, 8.8553107599e-24, 9.30322361531e-24, 1.77592271845e-24, 9.02760291199e-25, 5.90333132699e-24, 7.20253277863e-24, 3.28535264311e-24, 1.04665244489e-23, 6.79973014524e-24, 7.41653733159e-24, 5.56549848888e-24, 1.21329386798e-23, 8.99578637674e-24, 6.49325807799e-24, 2.7453594069e-24, 1.50633526277e-23, 1.26789842541e-23, 1.85956855901e-23, 3.52644687676e-24, 7.33962339333e-24, 7.06921370793e-24, 4.63923812992e-24, 5.35392796625e-24, 5.17370362056e-24, 5.27587609614e-24, 1.09591120751e-23, 1.21949494579e-23, 1.97075613702e-23, 1.59656454202e-23, 3.97685253262e-24, 1.36912789667e-23, 5.03188417917e-24, 1.18314455082e-23, 8.64989611335e-24, 4.111211322e-24, 2.04496601787e-23, 1.81072260731e-23, 6.70967615088e-24, 6.56326475016e-24, 7.91726600231e-24, 8.61041204732e-24, 7.8865753688e-24, 4.28918268095e-24, 1.08833222637e-23, 8.59850892512e-24, 4.97410800647e-24, 9.15548180067e-24, 7.80823280344e-24, 1.47942279968e-23, 1.09797676091e-23, 1.03899505097e-23, 3.40158518382e-24, 8.58141588703e-24, 9.16341616366e-24, 1.06026960407e-23, 7.9650260081e-24, 8.33235829975e-24, 8.62044951348e-24, 9.38434849308e-24, 9.08192762101e-24, 1.36424437435e-23, 1.8643615201e-23, 2.49628454357e-23, 6.55242106816e-24, 5.88990215337e-24, 1.58421760668e-23, 1.40216665356e-23, 1.12208182582e-23, 1.09925006129e-23, 9.36431852583e-24, 1.14731914278e-23, 1.04751806197e-23, 1.05064778872e-23, 8.70728101104e-24, 7.08153019324e-24, 1.25757909925e-23, 1.48522360946e-23, 1.24281943283e-23, 1.64266667773e-23, 1.41739924209e-23, 1.23382681294e-23, 1.27860666e-23, 9.10382008885e-24, 8.7565185533e-24, 7.4380227472e-24, 1.02912482333e-23, 8.68955136219e-24, 8.63496692072e-24, 8.32436240562e-24, 1.13835231864e-23, 1.00236997464e-23, 1.04909089284e-23, 1.22772000401e-23, 9.01310424019e-24, 1.43014218561e-23, 9.13294088917e-24, 1.2564507915e-23],
        "stdev": [4.41588053945e-05, 1.68945407495e-05, 2.39025557676e-05, 8.03412840469e-05, 0.00013737489644, 7.45746074244e-05, 0.000197636516532, 0.000398157426389, 0.0004205989826, 0.000529712589923, 0.00100377982017, 0.000574368052185, 7.11132161086e-05, 0.000193299056264, 0.00015986955259, 8.16359461169e-05, 0.000141563868965, 9.36588548939e-05, 0.000322634848999, 0.00082652841229, 0.000168836748344, 6.51382433716e-05, 0.000144727935549, 0.000316684541758, 0.000445047888206, 0.000198738111067, 0.00039400375681, 0.000175013410626, 0.000310414790874, 0.000143500365084, 0.000161695832503, 0.00162117928267, 0.00380365550518, 0.000551049364731, 2.86255635729e-05, 3.67842330888e-05, 0.000220660818741, 0.000460465904325, 0.000183711614227, 0.000106695450086, 0.00013561846572, 0.000850893906318, 0.000337283010595, 1.81897667062e-05, 5.43271789866e-06, 1.04689124782e-05, 6.07010770182e-06, 5.6499720813e-06, 2.16623775486e-05, 6.47472479613e-05, 2.19408357225e-05, 5.73239094592e-06, 8.51026197779e-06, 3.21046422869e-06, 1.03033571577e-05, 5.26833855474e-06, 2.72109082289e-06, 9.26554275793e-06, 9.37521235755e-06, 3.19570358442e-06, 1.61684129125e-05, 2.51583714999e-05, 4.45411096734e-05, 4.38229335487e-06, 3.25593691741e-06, 1.9186973077e-05, 1.24421785586e-05, 1.53835844685e-05, 1.07015230242e-05, 9.77187846729e-06, 8.01390342531e-06, 1.87416371773e-05, 3.18914317177e-06, 9.83774839369e-07, 1.53657219926e-06, 3.34058472617e-06, 2.96843836622e-06, 1.94577160073e-06, 1.38782377235e-06, 4.16274679083e-06, 5.08936182086e-06, 2.25797748499e-06, 1.4601815792e-06, 2.23746133088e-06, 5.57569728699e-06, 1.04324235508e-05, 6.49751427773e-06, 1.61807815857e-06, 1.49757727286e-06, 2.53131975114e-06, 2.10781217902e-06, 2.90585353468e-06, 2.48472156272e-06, 4.97273958899e-06, 4.66037226943e-06, 6.15219369138e-06, 2.48686183113e-06, 4.1550952119e-06, 2.75369006886e-06, 2.45743467531e-06, 2.32451770898e-06, 5.7848378674e-06, 5.26387111677e-06, 2.13313455788e-06, 1.43905788264e-06, 1.90225432561e-06, 1.23386064388e-06, 1.84683017324e-06, 3.69766553376e-07, 4.23285797524e-07, 3.30620594013e-07, 1.96325373736e-07, 2.07814196074e-07, 1.85325561119e-07, 9.34080262027e-08, 6.31516705596e-09, 1.41009920754e-11, 5.01311622422e-12, 4.88006119889e-12, 4.74623855842e-12, 4.62071830451e-12, 4.54732388896e-12, 4.44772300587e-12, 4.35130143722e-12, 4.27471903361e-12, 4.22284993432e-12, 4.1893953584e-12, 4.17701030014e-12]
    },
    "mfcc": {
        "mean": [-795.048950195, 122.075485229, -18.3615207672, 0.651682078838, -7.66396856308, 3.15587687492, 3.18885850906, 2.54254293442, -8.52406024933, -1.11612999439, -2.36532878876, -2.49502706528, -0.421708375216],
        "cov": [[37293.9023438, 1509.61889648, 85.7990341187, -3076.50097656, -4055.54956055, -113.566314697, 231.213043213, -498.632446289, -2171.05859375, -435.507141113, -672.953552246, -849.518493652, -275.470458984], [1509.61889648, 582.10760498, -56.600944519, -136.554977417, -201.776794434, 25.9769439697, 17.9287338257, 6.80968379974, -111.683334351, -37.3003845215, -72.1779403687, -88.0455856323, -28.1501998901], [85.7990341187, -56.600944519, 191.406967163, -5.97746372223, 23.7262687683, -32.1406593323, 1.87462306023, -9.67157459259, 2.92857170105, -4.8502573967, -30.1143951416, 20.0327987671, 21.7277030945], [-3076.50097656, -136.554977417, -5.97746372223, 399.06036377, 346.997344971, 14.7636013031, -48.0774307251, 28.0637722015, 181.552307129, 27.6662025452, 31.6237125397, 80.6256866455, 63.9670066833], [-4055.54956055, -201.776794434, 23.7262687683, 346.997344971, 529.470336914, 24.165977478, -23.6055698395, 59.4643478394, 257.169372559, 40.2546463013, 58.9093093872, 95.7138214111, 27.2609119415], [-113.566314697, 25.9769439697, -32.1406593323, 14.7636013031, 24.165977478, 88.8398742676, -0.112458512187, 27.3022022247, 21.2827091217, -12.0852146149, -23.1770820618, -17.7498493195, -12.2955799103], [231.213043213, 17.9287338257, 1.87462306023, -48.0774307251, -23.6055698395, -0.112458512187, 82.5889434814, 4.85256719589, -28.0195121765, 17.7411251068, 24.7598743439, -14.4777736664, -14.3762283325], [-498.632446289, 6.80968379974, -9.67157459259, 28.0637722015, 59.4643478394, 27.3022022247, 4.85256719589, 65.2882232666, 48.8242645264, -5.52068948746, -9.26079940796, -0.0763379707932, -12.3544511795], [-2171.05859375, -111.683334351, 2.92857170105, 181.552307129, 257.169372559, 21.2827091217, -28.0195121765, 48.8242645264, 183.80078125, 26.3512802124, 16.0042724609, 52.3241004944, 18.8977642059], [-435.507141113, -37.3003845215, -4.8502573967, 27.6662025452, 40.2546463013, -12.0852146149, 17.7411251068, -5.52068948746, 26.3512802124, 61.5107879639, 41.2388839722, 16.0522975922, 6.17829990387], [-672.953552246, -72.1779403687, -30.1143951416, 31.6237125397, 58.9093093872, -23.1770820618, 24.7598743439, -9.26079940796, 16.0042724609, 41.2388839722, 116.162246704, 36.0426025391, -3.82982420921], [-849.518493652, -88.0455856323, 20.0327987671, 80.6256866455, 95.7138214111, -17.7498493195, -14.4777736664, -0.0763379707932, 52.3241004944, 16.0522975922, 36.0426025391, 76.8460006714, 26.7566738129], [-275.470458984, -28.1501998901, 21.7277030945, 63.9670066833, 27.2609119415, -12.2955799103, -14.3762283325, -12.3544511795, 18.8977642059, 6.17829990387, -3.82982420921, 26.7566738129, 73.969543457]],
        "icov": [[0.000265251903329, 0.000105980107037, -0.000165467179613, 0.00062641716795, 0.00115540809929, -0.000274924183032, 2.49811837421e-05, 0.000191476443433, 0.000871026539244, 7.53671993152e-05, 0.000571533862967, 0.000113819631224, -0.000140032600029], [0.000105980107037, 0.00238431571051, 0.000598007580265, 0.000165512072272, 0.000651967478916, -6.76470517647e-05, -0.00021519314032, -0.000858533370774, 0.00137790059671, -3.24469619954e-05, 0.00126841454767, 0.00124352518469, -0.000186917721294], [-0.000165467179613, 0.000598007580265, 0.00732647068799, 0.000995247508399, -0.00248016952537, 0.00285211368464, -0.00155691697728, 0.000330082461005, 0.000624379143119, -0.000129021413159, 0.00388566334732, -0.0023969237227, -0.00134121871088], [0.00062641716795, 0.000165512072272, 0.000995247508399, 0.00927654840052, -0.00184529286344, -0.000991579494439, 0.00217692204751, 0.000884559180122, 0.00167499657255, -0.000307365291519, 0.00169278099202, -0.000543950358406, -0.00495041208342], [0.00115540809929, 0.000651967478916, -0.00248016952537, -0.00184529286344, 0.0145544642583, -0.00191074959002, -0.0023720304016, 0.00165098905563, -0.00548256980255, 0.00240210187621, -3.14653443638e-05, -0.000497140805237, 0.00238670222461], [-0.000274924183032, -6.76470517647e-05, 0.00285211368464, -0.000991579494439, -0.00191074959002, 0.015759697184, -0.00122853228822, -0.00394986802712, -0.00185904593673, 0.00144464615732, 0.00245771277696, 0.00242839148268, 0.000998617499135], [2.49811837421e-05, -0.00021519314032, -0.00155691697728, 0.00217692204751, -0.0023720304016, -0.00122853228822, 0.0180888995528, -0.00526763591915, 0.00592824630439, -0.0061098379083, -0.00408850843087, 0.00360037689097, -0.00062652915949], [0.000191476443433, -0.000858533370774, 0.000330082461005, 0.000884559180122, 0.00165098905563, -0.00394986802712, -0.00526763591915, 0.0258670225739, -0.00986430887133, 0.00522416038439, 0.00171603367198, -0.000336668890668, 0.0038503902033], [0.000871026539244, 0.00137790059671, 0.000624379143119, 0.00167499657255, -0.00548256980255, -0.00185904593673, 0.00592824630439, -0.00986430887133, 0.027874333784, -0.00797326955944, 0.0056779817678, -0.00252281664871, -0.00189638254233], [7.53671993152e-05, -3.24469619954e-05, -0.000129021413159, -0.000307365291519, 0.00240210187621, 0.00144464615732, -0.0061098379083, 0.00522416038439, -0.00797326955944, 0.0259569566697, -0.00729110836983, 0.00124331668485, -0.00134631723631], [0.000571533862967, 0.00126841454767, 0.00388566334732, 0.00169278099202, -3.14653443638e-05, 0.00245771277696, -0.00408850843087, 0.00171603367198, 0.0056779817678, -0.00729110836983, 0.0189467854798, -0.00735512794927, 0.0027179478202], [0.000113819631224, 0.00124352518469, -0.0023969237227, -0.000543950358406, -0.000497140805237, 0.00242839148268, 0.00360037689097, -0.000336668890668, -0.00252281664871, 0.00124331668485, -0.00735512794927, 0.0256873834878, -0.00582994520664], [-0.000140032600029, -0.000186917721294, -0.00134121871088, -0.00495041208342, 0.00238670222461, 0.000998617499135, -0.00062652915949, 0.0038503902033, -0.00189638254233, -0.00134631723631, 0.0027179478202, -0.00582994520664, 0.0202556308359]]
    },
    "spectral_contrast_coeffs": {
        "max": [-0.446562707424, -0.596007406712, -0.503580510616, -0.543862938881, -0.667326807976, -0.664441943169],
        "mean": [-0.72919434309, -0.798633575439, -0.764853835106, -0.785707771778, -0.802497029305, -0.789431631565],
        "min": [-0.977855205536, -0.963281989098, -0.966499686241, -0.967925965786, -0.962608456612, -0.955657482147],
        "stdev": [0.125272512436, 0.0896058902144, 0.11886896193, 0.0961908772588, 0.0557405389845, 0.0544239841402]
    },
    "spectral_contrast_valleys": {
        "max": [-6.54864120483, -5.45907211304, -5.76239347458, -6.73339700699, -6.87250232697, -8.65593528748],
        "mean": [-8.65154075623, -8.00877285004, -8.36911964417, -8.90022563934, -9.152135849, -11.81001091],
        "min": [-26.445608139, -27.0480175018, -27.1237926483, -27.2438316345, -27.0870304108, -27.3065700531],
        "stdev": [1.59889853001, 1.97238087654, 1.98981702328, 1.56222403049, 1.65101027489, 1.65130746365]
    }
},
"rhythm": {
    "beats_count": 26,
    "beats_loudness": {
        "max": 0.0555230081081,
        "mean": 0.0167407058179,
        "min": 3.630206038e-06,
        "stdev": 0.0190274938941
    },
    "bpm": 122.493148804,
    "bpm_histogram_first_peak_bpm": 123,
    "bpm_histogram_first_peak_weight": 0.466666638851,
    "bpm_histogram_second_peak_bpm": 136,
    "bpm_histogram_second_peak_spread": 0.555555582047,
    "bpm_histogram_second_peak_weight": 0.159999996424,
    "danceability": 0.635151207447,
    "onset_rate": 1.72422373295,
    "beats_loudness_band_ratio": {
        "max": [0.607235491276, 0.49516493082, 0.393580764532, 0.753519773483, 0.327598959208, 0.245365306735],
        "mean": [0.196733027697, 0.145257413387, 0.17673510313, 0.331477373838, 0.114956848323, 0.0663796216249],
        "min": [0.0118345730007, 0.0140311848372, 0.0559490174055, 0.0850931182504, 0.00519937975332, 0.00358529156074],
        "stdev": [0.176039531827, 0.102782435715, 0.0836702808738, 0.210194200277, 0.0966780185699, 0.0646960809827]
    },
    "beats_position": [0.417959183455, 0.847528338432, 1.27709746361, 1.71827661991, 2.15945577621, 2.60063481331, 3.08825397491, 3.56426286697, 4.04027223587, 4.48145103455, 4.93424034119, 5.38702917099, 5.83981847763, 6.33904743195, 6.83827638626, 7.33750534058, 7.8251247406, 8.31274318695, 8.80036258698, 9.287981987, 9.77560043335, 10.2632198334, 10.7624483109, 11.2500677109, 11.749297142, 12.2601356506],
