{
"metadata": {
    "version": {
        "essentia": "2.1-beta5",
        "essentia_git_sha": "Undefined",
        "extractor": "music 2.0"
    },
    "audio_properties": {
        "analysis": {
            "equal_loudness": 0,
            "length": 12.7477550507,
            "sample_rate": 44100,
            "start_time": 0,
            "downmix": "mix"
        },
        "bit_rate": 192000,
        "length": 185.399734497,
        "lossless": 0,
        "number_channels": 2,
        "replay_gain": -0.768047332764,
        "sample_rate": 48000,
        "codec": "mp3",
        "md5_encoded": "83a38df1cadeb46fbbdc385432335f4d"
    },
    "tags": {
        "file_name": "Latvia_Probka_Intars Busulis.mp3",
        "encoding": ["Lavf58.29.100"]
    }
},
"lowlevel": {
    "average_loudness": 0.566112756729,
    "barkbands_crest": {
        "max": 21.491891861,
        "mean": 9.59137153625,
        "min": 2.91154980659,
        "stdev": 3.84005713463
    },
    "barkbands_flatness_db": {
        "max": 0.363134354353,
        "mean": 0.168865904212,
        "min": 0.0297292098403,
        "stdev": 0.0747262686491
    },
    "barkbands_kurtosis": {
        "max": 83.4336013794,
        "mean": 6.977435112,
        "min": -1.75142347813,
        "stdev": 11.5360956192
    },
    "barkbands_skewness": {
        "max": 7.67760038376,
        "mean": 1.63783860207,
        "min": -1.38855826855,
        "stdev": 1.42274963856
    },
    "barkbands_spread": {
        "max": 96.9825897217,
        "mean": 15.9243249893,
        "min": 1.35489404202,
        "stdev": 17.4155235291
    },
    "dissonance": {
        "max": 0.500000059605,
        "mean": 0.481322586536,
        "min": 0.392666876316,
        "stdev": 0.0157396104187
    },
    "dynamic_complexity": 11.5016937256,
    "erbbands_crest": {
        "max": 29.5416183472,
        "mean": 10.0491695404,
        "min": 2.72176098824,
        "stdev": 4.72755861282
    },
    "erbbands_flatness_db": {
        "max": 0.402660340071,
        "mean": 0.206793874502,
        "min": 0.0495586320758,
        "stdev": 0.0724294260144
    },
    "erbbands_kurtosis": {
        "max": 20.2794189453,
        "mean": 1.99449419975,
        "min": -1.64489197731,
        "stdev": 3.37685441971
    },
    "erbbands_skewness": {
        "max": 3.01604175568,
        "mean": 0.575078785419,
        "min": -3.6085627079,
        "stdev": 1.02254617214
    },
    "erbbands_spread": {
        "max": 142.214263916,
        "mean": 27.8294334412,
        "min": 2.73254942894,
        "stdev": 22.8149623871
    },
    "hfc": {
        "max": 181.946914673,
        "mean": 13.077624321,
        "min": 7.8232245869e-05,
        "stdev": 24.3240127563
    },
    "loudness_ebu128": {
        "integrated": -22.763502121,
        "loudness_range": 14.9376316071,
        "momentary": {
            "max": -18.4738407135,
            "mean": -33.0734672546,
            "min": -59.0681686401,
            "stdev": 12.6276473999
        },
        "short_term": {
            "max": -20.6381969452,
            "mean": -30.6323852539,
            "min": -50.3931350708,
            "stdev": 10.174495697
        }
    },
    "melbands_crest": {
        "max": 29.5822505951,
        "mean": 13.9239110947,
        "min": 3.7766315937,
        "stdev": 6.6131734848
    },
    "melbands_flatness_db": {
        "max": 0.481366664171,
        "mean": 0.219676211476,
        "min": 0.0576753653586,
        "stdev": 0.0925093889236
    },
    "melbands_kurtosis": {
        "max": 230.025558472,
        "mean": 17.4360256195,
        "min": -1.34839427471,
        "stdev": 28.3425521851
    },
    "melbands_skewness": {
        "max": 13.3265237808,
        "mean": 2.39382219315,
        "min": -0.423069030046,
        "stdev": 2.28065085411
    },
    "melbands_spread": {
        "max": 256.150634766,
        "mean": 18.0242996216,
        "min": 0.951525986195,
        "stdev": 18.811050415
    },
    "pitch_salience": {
        "max": 0.881136894226,
        "mean": 0.617852568626,
        "min": 0.178977742791,
        "stdev": 0.156328648329
    },
    "silence_rate_20dB": {
        "max": 1,
        "mean": 1,
        "min": 1,
        "stdev": 0
    },
    "silence_rate_30dB": {
        "max": 1,
        "mean": 0.985454559326,
        "min": 0,
        "stdev": 0.119724154472
    },
    "silence_rate_60dB": {
        "max": 1,
        "mean": 0.449090898037,
        "min": 0,
        "stdev": 0.497401028872
    },
    "spectral_centroid": {
        "max": 5415.17822266,
        "mean": 1253.15393066,
        "min": 193.95765686,
        "stdev": 568.152282715
    },
    "spectral_complexity": {
        "max": 48,
        "mean": 8.77090930939,
        "min": 0,
        "stdev": 10.1199274063
    },
    "spectral_decrease": {
        "max": -1.44399805156e-14,
        "mean": -4.52438442267e-09,
        "min": -5.54036603262e-08,
        "stdev": 6.64028254604e-09
    },
    "spectral_energy": {
        "max": 0.214885696769,
        "mean": 0.018262244761,
        "min": 6.15957418404e-08,
        "stdev": 0.0264828875661
    },
    "spectral_energyband_high": {
        "max": 0.0224885717034,
        "mean": 0.000579240266234,
        "min": 3.06545056006e-09,
        "stdev": 0.00184136664029
    },
    "spectral_energyband_low": {
        "max": 0.185265287757,
        "mean": 0.0104995211586,
        "min": 1.55204862851e-10,
        "stdev": 0.018919903785
    },
    "spectral_energyband_middle_high": {
        "max": 0.0640211030841,
        "mean": 0.00359127530828,
        "min": 3.51831594969e-08,
        "stdev": 0.00790542177856
    },
    "spectral_energyband_middle_low": {
        "max": 0.0588995628059,
        "mean": 0.0043100239709,
        "min": 2.37132233849e-08,
        "stdev": 0.00717542367056
    },
    "spectral_entropy": {
        "max": 8.73452377319,
        "mean": 7.50668144226,
        "min": 6.1016740799,
        "stdev": 0.464373379946
    },
    "spectral_flux": {
        "max": 0.396785020828,
        "mean": 0.0564377121627,
        "min": 0.00024818489328,
        "stdev": 0.0638335421681
    },
    "spectral_kurtosis": {
        "max": 24.6136035919,
        "mean": 6.86993598938,
        "min": -0.896080255508,
        "stdev": 4.1786737442
    },
    "spectral_rms": {
        "max": 0.0144791081548,
        "mean": 0.00303585035726,
        "min": 7.75199350755e-06,
        "stdev": 0.00293264957145
    },
    "spectral_rolloff": {
        "max": 10486.6699219,
        "mean": 1498.31933594,
        "min": 107.666015625,
        "stdev": 1514.94506836
    },
    "spectral_skewness": {
        "max": 3.42994046211,
        "mean": 1.85089600086,
        "min": 0.0736793354154,
        "stdev": 0.487824440002
    },
    "spectral_spread": {
        "max": 15523987,
        "mean": 3675918,
        "min": 1763316.75,
        "stdev": 2056611.25
    },
    "spectral_strongpeak": {
        "max": 9.21297359467,
        "mean": 0.490574330091,
        "min": 0,
        "stdev": 0.867747783661
    },
    "zerocrossingrate": {
        "max": 0.31201171875,
        "mean": 0.0576837696135,
        "min": 0.00439453125,
        "stdev": 0.0384634397924
    },
    "barkbands": {
        "max": [0.00615691114217, 0.141335338354, 0.0462018996477, 0.0164629910141, 0.0390585102141, 0.0204796697944, 0.00953538250178, 0.0238039679825, 0.0268149916083, 0.0354212149978, 0.00687123090029, 0.0292480178177, 0.0104837361723, 0.012816593051, 0.0247329548001, 0.0153409410268, 0.0148911355063, 0.00547348195687, 0.00328364921734, 0.00131625600625, 0.00158274371643, 0.00200527557172, 0.0062057627365, 0.0107597410679, 0.00386996148154, 0.00179344345815, 6.21821745881e-05],
        "mean": [0.000221931040869, 0.00578747550026, 0.0038919323124, 0.000988607178442, 0.00128190475516, 0.00066571921343, 0.000238350243308, 0.000479594804347, 0.00042364464025, 0.000707794795744, 0.000381112768082, 0.000474739237688, 0.000183460666449, 0.000264470902039, 0.000453343411209, 0.000483970041387, 0.000407022715081, 0.000212918341276, 9.60629695328e-05, 7.49810424168e-05, 6.28102716291e-05, 6.29423520877e-05, 0.000111650871986, 0.000144694291521, 0.000116444920423, 4.29704232374e-05, 1.70644864284e-06],
        "min": [2.10974553799e-11, 6.22556867169e-11, 2.16593895597e-11, 3.67308378157e-10, 3.1950437851e-09, 9.09539199512e-09, 5.00767260991e-10, 1.68790048605e-09, 7.77636710581e-09, 9.94737447968e-09, 6.84450629507e-09, 5.81273873479e-09, 3.86888654447e-09, 4.23061052857e-09, 6.31037833099e-10, 1.78778991611e-09, 1.2822989337e-09, 5.05973263287e-10, 6.14031325785e-10, 1.35460942463e-09, 3.22210397252e-10, 3.53781115514e-10, 4.33037716796e-10, 2.94804153311e-10, 1.92235005692e-10, 2.5550250804e-10, 1.3593411119e-10],
        "stdev": [0.000598672020715, 0.0128662576899, 0.0064932112582, 0.00178205722477, 0.0026650771033, 0.00209526624531, 0.000791421800386, 0.00203195749782, 0.00160647765733, 0.00261496496387, 0.000824546441436, 0.00168233795557, 0.000687585386913, 0.00115836318582, 0.00193043518811, 0.00163084082305, 0.00136176811066, 0.000635589007288, 0.00026537978556, 0.000181041759788, 0.000175601060619, 0.000198698005988, 0.000472726969747, 0.000657320255414, 0.000438605813542, 0.000175888766535, 5.99424811298e-06]
    },
    "erbbands": {
        "max": [2.78273224831, 35.5746994019, 61.8757858276, 51.807888031, 111.832801819, 136.714233398, 136.079956055, 230.343322754, 111.014671326, 248.691360474, 635.155334473, 573.222351074, 1355.69055176, 354.387023926, 378.602966309, 1246.06384277, 528.121826172, 462.096282959, 517.584716797, 1242.84753418, 914.428771973, 522.288024902, 291.48236084, 136.929656982, 177.997787476, 88.7483520508, 77.6469268799, 44.9419174194, 66.9275588989, 96.9430847168, 166.441101074, 249.506057739, 176.024856567, 50.9763679504, 28.08751297, 7.95685768127, 4.07476758957, 0.317981988192, 0.0173796657473, 0.000798771739937],
        "mean": [0.0935692936182, 1.53135085106, 5.14503622055, 3.51903939247, 4.05082988739, 4.03900766373, 3.52182388306, 5.91793107986, 3.90885353088, 5.72288894653, 11.6089839935, 9.72585964203, 19.8531646729, 19.6266880035, 14.8835983276, 19.201166153, 10.2725057602, 11.889831543, 16.5359191895, 24.8247928619, 30.0919914246, 21.9369087219, 14.364897728, 4.97689723969, 5.35889530182, 3.6993727684, 2.78130602837, 2.36292290688, 2.17221212387, 2.60542488098, 3.15395522118, 3.29009985924, 2.2762696743, 1.49565851688, 0.700201094151, 0.221711620688, 0.0782334655523, 0.0086872652173, 0.000398178322939, 3.72059112124e-05],
        "min": [1.67251279493e-09, 1.43166998257e-08, 4.4473082994e-08, 5.93005722749e-07, 7.66545872466e-06, 1.12094312499e-05, 2.91840296995e-05, 8.96892815945e-05, 1.96586861421e-05, 1.22536876006e-05, 8.41053697513e-05, 0.000162997326697, 0.000209022779018, 0.000459163653431, 0.000150579886395, 0.000243441812927, 0.000190164108062, 0.000214112034882, 0.000107276398921, 2.42675178015e-05, 0.000118611933431, 6.99760348652e-05, 3.33034149662e-05, 3.12154043058e-05, 4.24691570515e-05, 7.24882047507e-05, 2.69924421445e-05, 1.02549420262e-05, 1.12438783617e-05, 1.5994273781e-05, 1.08566464405e-05, 6.93919901096e-06, 3.90446302845e-06, 3.03892102238e-06, 9.35452590056e-07, 7.73634894813e-07, 4.59969641042e-07, 1.72563929368e-07, 1.54694355103e-08, 1.80048609355e-09],
        "stdev": [0.23111410439, 3.37771487236, 8.66024303436, 5.99419975281, 7.88091850281, 9.19925117493, 11.4302759171, 19.7568473816, 11.9916572571, 23.9588851929, 48.6157112122, 36.4306869507, 84.8166732788, 42.2171401978, 37.0765380859, 72.591217041, 37.3193969727, 45.8131408691, 59.1622848511, 88.5091094971, 106.485900879, 66.9014282227, 40.6737136841, 13.5927829742, 14.2724924088, 9.46057701111, 7.93022871017, 6.18886995316, 6.25617647171, 10.2026338577, 13.077835083, 15.438328743, 10.2910366058, 5.59542512894, 2.7649230957, 0.859097063541, 0.354353696108, 0.0305589456111, 0.00156169442926, 8.1167287135e-05]
    },
    "gfcc": {
        "mean": [-166.961395264, 91.8975753784, -147.982849121, 9.48513889313, -54.8367118835, 13.5967617035, -31.8165302277, 4.91918468475, -27.8515148163, -10.9236154556, -21.1981678009, -4.59955024719, -7.17875909805],
        "cov": [[28840.1777344, -26.0209503174, 5775.39648438, 3936.76318359, 2762.7109375, 1431.88598633, 1.07981491089, 1686.15856934, 971.779052734, 718.924072266, 5.31589794159, 321.432312012, 106.898254395], [-26.0209503174, 1793.89404297, 412.691833496, 344.691436768, 758.807983398, -10.9875144958, 334.854522705, -181.452346802, 33.6649246216, -263.88482666, 39.0605392456, -254.594894409, 91.9761962891], [5775.39648438, 412.691833496, 2756.40942383, 1618.35217285, 987.436706543, 329.902099609, -227.42338562, 443.063140869, 381.925628662, 296.782348633, -106.503852844, 35.8988685608, -0.701007068157], [3936.76318359, 344.691436768, 1618.35217285, 1132.37915039, 668.464660645, 185.120422363, -130.44934082, 276.398010254, 272.428436279, 169.575439453, -45.1183624268, 24.2083492279, 16.7647228241], [2762.7109375, 758.807983398, 987.436706543, 668.464660645, 747.664489746, 145.188140869, 113.920845032, 118.780448914, 135.172409058, -22.3019695282, 0.260371655226, -69.0110473633, 56.2477722168], [1431.88598633, -10.9875144958, 329.902099609, 185.120422363, 145.188140869, 175.47354126, 59.0203781128, 86.9978713989, 18.8589286804, 14.261431694, -2.97730779648, -4.88629198074, 6.34947872162], [1.07981491089, 334.854522705, -227.42338562, -130.44934082, 113.920845032, 59.0203781128, 274.208068848, -53.1856269836, -79.0328521729, -155.241607666, 51.8096694946, -70.7138977051, 33.236492157], [1686.15856934, -181.452346802, 443.063140869, 276.398010254, 118.780448914, 86.9978713989, -53.1856269836, 192.876998901, 91.9564666748, 97.3414764404, -24.7511253357, 43.6667137146, -14.0115728378], [971.779052734, 33.6649246216, 381.925628662, 272.428436279, 135.172409058, 18.8589286804, -79.0328521729, 91.9564666748, 143.433792114, 87.6776123047, -25.1527347565, 12.552646637, -2.34093856812], [718.924072266, -263.88482666, 296.782348633, 169.575439453, -22.3019695282, 14.261431694, -155.241607666, 97.3414764404, 87.6776123047, 181.912109375, -23.413772583, 52.3354110718, -34.4518852234], [5.31589794159, 39.0605392456, -106.503852844, -45.1183624268, 0.260371655226, -2.97730779648, 51.8096694946, -24.7511253357, -25.1527347565, -23.413772583, 74.5723571777, 6.83062744141, 12.5510368347], [321.432312012, -254.594894409, 35.8988685608, 24.2083492279, -69.0110473633, -4.88629198074, -70.7138977051, 43.6667137146, 12.552646637, 52.3354110718, 6.83062744141, 98.9917297363, 6.68352603912], [106.898254395, 91.9761962891, -0.701007068157, 16.7647228241, 56.2477722168, 6.34947872162, 33.236492157, -14.0115728378, -2.34093856812, -34.4518852234, 12.5510368347, 6.68352603912, 52.8450965881]],
        "icov": [[0.000151042302605, 0.000102949037682, 0.000132139510242, -0.000220731366426, -0.000441937707365, -0.000584191468079, -2.42190544668e-05, -0.000557641324122, -0.000106939631223, -9.24195483094e-05, -0.00024509956711, -0.000249862729106, 1.98468569579e-05], [0.000102949037682, 0.00346853025258, -0.000286552880425, -0.000480154703837, -0.00304632354528, 0.00218771281652, -0.00210996903479, 0.00338045577519, -0.00150824652519, 0.000906024652068, -0.000261849025264, 0.0035751874093, -0.000759801710956], [0.000132139510242, -0.000286552880425, 0.00321164680645, -0.00332970637828, -0.00140178168658, -0.00235649640672, 0.00143560871948, -0.00132014858536, 0.00121920625679, -0.00120442244224, 0.00112393987365, -0.000660888617858, 0.00093804608332], [-0.000220731366426, -0.000480154703837, -0.00332970637828, 0.00832649506629, -0.00134643062484, 7.95201704022e-05, 0.00223757699132, -0.000490237260237, -0.00378868309781, 0.00162000674754, -0.00184730056208, -0.000708784500603, -0.000100489720353], [-0.000441937707365, -0.00304632354528, -0.00140178168658, -0.00134643062484, 0.00961868930608, 0.000786116579548, -0.00182974280324, -0.00122274737805, 0.000418708601501, 0.000275493890513, 0.000343132764101, 0.000383378646802, -0.00283310445957], [-0.000584191468079, 0.00218771281652, -0.00235649640672, 7.95201704022e-05, 0.000786116579548, 0.0161928776652, -0.00708166602999, 0.0011295794975, 0.00293441209942, -0.00156109768432, 0.00204100040719, 0.00464161252603, -0.00267087598331], [-2.42190544668e-05, -0.00210996903479, 0.00143560871948, 0.00223757699132, -0.00182974280324, -0.00708166602999, 0.0159406624734, -0.00523227546364, 0.00174879305996, 0.00722515303642, -0.00596340512857, 0.00199931417592, 0.000367263477528], [-0.000557641324122, 0.00338045577519, -0.00132014858536, -0.000490237260237, -0.00122274737805, 0.0011295794975, -0.00523227546364, 0.0202920734882, -0.00560099398717, -0.0017289450625, 0.0036598641891, -0.00122148776427, 0.00312924687751], [-0.000106939631223, -0.00150824652519, 0.00121920625679, -0.00378868309781, 0.000418708601501, 0.00293441209942, 0.00174879305996, -0.00560099398717, 0.0198918897659, -0.00644539250061, 0.00236861803569, 0.00206516403705, -0.00346828741021], [-9.24195483094e-05, 0.000906024652068, -0.00120442244224, 0.00162000674754, 0.000275493890513, -0.00156109768432, 0.00722515303642, -0.0017289450625, -0.00644539250061, 0.0187177807093, -0.00411522621289, -0.00048499146942, 0.00592793244869], [-0.00024509956711, -0.000261849025264, 0.00112393987365, -0.00184730056208, 0.000343132764101, 0.00204100040719, -0.00596340512857, 0.0036598641891, 0.00236861803569, -0.00411522621289, 0.0195971317589, -0.00477959262207, -0.000964838138316], [-0.000249862729106, 0.0035751874093, -0.000660888617858, -0.000708784500603, 0.000383378646802, 0.00464161252603, 0.00199931417592, -0.00122148776427, 0.00206516403705, -0.00048499146942, -0.00477959262207, 0.0239956602454, -0.010172474198], [1.98468569579e-05, -0.000759801710956, 0.00093804608332, -0.000100489720353, -0.00283310445957, -0.00267087598331, 0.000367263477528, 0.00312924687751, -0.00346828741021, 0.00592793244869, -0.000964838138316, -0.010172474198, 0.0294117182493]]
    },
    "melbands": {
        "max": [0.032459937036, 0.0377089455724, 0.0081205163151, 0.00955046340823, 0.00438867136836, 0.00471582496539, 0.00176826294046, 0.00375873362646, 0.004828508012, 0.00307887070812, 0.0067797107622, 0.0016562056262, 0.00113857828546, 0.00349988951348, 0.00150428188499, 0.000969468732364, 0.000814576342236, 0.0009409924387, 0.00237442972139, 0.000670001085382, 0.00129280949477, 0.000604084634688, 0.000419051822973, 0.000215864871279, 0.000111125475087, 0.000162988551892, 7.52517298679e-05, 7.12836335879e-05, 5.08543707838e-05, 3.75227318727e-05, 2.55596787611e-05, 3.5472210584e-05, 4.55079862149e-05, 5.82488137297e-05, 7.58323512855e-05, 0.000153451663209, 0.000154820474563, 0.000164674696862, 5.57007115276e-05, 4.31541557191e-05],
        "mean": [0.00120310508646, 0.00243844161741, 0.000625477405265, 0.000299865147099, 0.00012965463975, 0.000129187261336, 5.92775904806e-05, 6.8719869887e-05, 9.43770428421e-05, 5.98121150688e-05, 0.000100964221929, 8.16848914837e-05, 4.87744764541e-05, 5.44750764675e-05, 3.53738214471e-05, 1.79499638762e-05, 2.25682415476e-05, 2.3100657927e-05, 4.0469913074e-05, 2.51695964835e-05, 3.88262487832e-05, 2.26289921557e-05, 1.96840537683e-05, 7.84369058238e-06, 3.31758087668e-06, 4.32233218817e-06, 3.00380042972e-06, 2.29323586609e-06, 1.7593620214e-06, 1.50181745084e-06, 1.31340607368e-06, 1.29901502532e-06, 1.07904406832e-06, 1.59328692462e-06, 1.66113193245e-06, 2.17751517084e-06, 1.95837515093e-06, 1.59949308909e-06, 1.50710673097e-06, 1.17486035833e-06],
        "min": [1.78660506528e-11, 2.12499427776e-11, 2.93550184161e-10, 7.66121666107e-10, 8.87375450898e-10, 1.87010140706e-09, 2.58335491887e-10, 1.43581063705e-10, 9.49744616285e-10, 9.64240576273e-10, 1.04475750273e-09, 1.90005300382e-09, 5.97719651552e-10, 7.68482999458e-10, 3.68912594917e-10, 4.00601551931e-10, 4.07912315037e-10, 2.11354031499e-10, 2.09652087357e-11, 5.15645581789e-11, 1.54983956224e-10, 6.37895777866e-11, 5.64106920897e-11, 2.46759227635e-11, 2.22633751712e-11, 3.37413846863e-11, 2.35144785588e-11, 5.84127468617e-11, 1.52695061456e-11, 9.89014078967e-12, 5.06062336134e-12, 6.88073860042e-12, 5.98775673141e-12, 1.04199383497e-11, 5.8167919266e-12, 6.81971276326e-12, 2.76549529804e-12, 2.41808634747e-12, 3.4284183565e-12, 2.22902772629e-12],
        "stdev": [0.00282169273123, 0.00433178991079, 0.00102448638063, 0.000634296739008, 0.000359525642125, 0.000419352058088, 0.000180929593625, 0.000299623556202, 0.000406311301049, 0.000211294929613, 0.000436347560026, 0.000185956218047, 0.000112113229989, 0.000201787494007, 0.000117885923828, 6.85946070007e-05, 9.04777116375e-05, 9.14982665563e-05, 0.000185648168554, 7.40851464798e-05, 0.000149280327605, 7.20209645806e-05, 6.10519346083e-05, 2.21160953515e-05, 9.87462499324e-06, 1.26322120195e-05, 7.81005564932e-06, 6.1113855736e-06, 4.93450625072e-06, 4.25235157309e-06, 3.49122660737e-06, 3.73733860215e-06, 3.98511019739e-06, 6.42297663944e-06, 6.68363873046e-06, 1.0166924767e-05, 9.43057057157e-06, 8.40177472128e-06, 5.66799099033e-06, 4.50944753538e-06]
    },
    "melbands128": {
        "max": [0.00454705161974, 0.0181984864175, 0.0434009060264, 0.0683461725712, 0.044183909893, 0.0209010876715, 0.0119580831379, 0.0101658878848, 0.0116128148511, 0.0109591642395, 0.00774375442415, 0.00382553925738, 0.00518323900178, 0.00547211105004, 0.00533635169268, 0.00898099690676, 0.00288778170943, 0.0021969997324, 0.00191916979384, 0.00411892496049, 0.00749369664118, 0.00639720540494, 0.00731515372172, 0.00967366155237, 0.00460192468017, 0.00375688285567, 0.00378627004102, 0.0131169781089, 0.00730208167806, 0.00201998255216, 0.00161220238078, 0.000862594984937, 0.00175526586827, 0.00167654489633, 0.0012155767763, 0.00721070263535, 0.0025924150832, 0.00158450845629, 0.00146899255924, 0.00173806818202, 0.000622490711976, 0.00171191315167, 0.00129880255554, 0.00160196213983, 0.00127047044225, 0.00127004855312, 0.00162616407033, 0.00397156830877, 0.00469201151282, 0.0012163995998, 0.00107577943709, 0.00189562118612, 0.00235159811564, 0.00275125377811, 0.00161655130796, 0.000913047464564, 0.00129116664175, 0.0010743906023, 0.000958208518568, 0.000417545059463, 0.000288215291221, 0.000189320227946, 0.000243901420617, 8.49278076203e-05, 7.25670397514e-05, 0.000225378709729, 0.000232779260841, 0.00012119870371, 0.000183404365089, 0.000103791338915, 0.000131847555167, 5.76494348934e-05, 4.31208936789e-05, 7.15081187082e-05, 0.000107940519229, 5.41243753105e-05, 5.0516508054e-05, 5.02987677464e-05, 2.95536046906e-05, 4.32184606325e-05, 8.51761724334e-05, 4.90744132549e-05, 3.35733930115e-05, 6.27879489912e-05, 0.000120466422231, 7.49698083382e-05, 8.63572131493e-05, 9.11430324777e-05, 7.5287593063e-05, 9.02049287106e-05, 0.000120419375889, 0.00021456280956, 0.000122979123262, 0.000150728970766, 0.0001149635209, 0.000316912395647, 0.000137059105327, 5.40236178495e-05, 6.19687052676e-05, 7.43224445614e-05, 5.09031306137e-05, 5.22867449035e-05, 3.12312695314e-05, 4.38893366663e-05, 4.58874965261e-05, 2.92750319204e-05, 2.32784695982e-05, 2.0060033421e-05, 9.78518255579e-06, 1.78321661224e-05, 2.89767704089e-05, 3.25477521983e-05, 1.37307570185e-05, 8.42242570798e-06, 7.69057169236e-06, 3.30437751472e-06, 9.85569158729e-07, 3.66837269894e-07, 5.8935358993e-07, 3.33881558845e-07, 7.74586112584e-07, 6.27296969924e-07, 3.12160011617e-07, 4.2044541182e-09, 6.85906498266e-10, 6.92019108683e-10, 6.86514234349e-10, 6.84489631642e-10],
        "mean": [0.000171634237631, 0.000589634699281, 0.00124179036357, 0.00307592027821, 0.00323074054904, 0.00150356441736, 0.000707179133315, 0.000405177415814, 0.000428652594564, 0.000332424679073, 0.00020768554532, 0.000131347842398, 0.000110731140012, 0.00012058003631, 0.000141800788697, 0.000145092140883, 6.78893993609e-05, 4.11788169004e-05, 4.61223862658e-05, 6.35299584246e-05, 7.69350808696e-05, 9.42153419601e-05, 0.000116369265015, 6.81731107761e-05, 5.48379612155e-05, 5.05050920765e-05, 7.69805628806e-05, 0.000115746181109, 0.000118450712762, 8.13522419776e-05, 7.93074359535e-05, 5.98235892539e-05, 4.25214966526e-05, 4.42056116299e-05, 4.57660644315e-05, 6.61682715872e-05, 5.52153069293e-05, 3.3653472201e-05, 2.38103457377e-05, 2.1451689463e-05, 1.20502591017e-05, 2.00784179469e-05, 2.31823087233e-05, 2.41397592617e-05, 2.37345648202e-05, 2.04410007427e-05, 2.26504034799e-05, 4.89898484375e-05, 4.6972574637e-05, 2.5335508326e-05, 2.08800229302e-05, 2.34799372265e-05, 4.13991328969e-05, 4.95445237902e-05, 2.59945645666e-05, 1.83979118447e-05, 1.8412278223e-05, 2.55494014709e-05, 1.88777721633e-05, 1.19084597827e-05, 7.10545600668e-06, 4.96448046761e-06, 3.93256050302e-06, 2.56563134826e-06, 2.56435669144e-06, 5.3818039305e-06, 4.85403370476e-06, 2.7722478535e-06, 2.89070408144e-06, 2.73927253147e-06, 2.46216200139e-06, 1.99355326913e-06, 1.66061613527e-06, 1.81176994829e-06, 1.77545132374e-06, 1.31607725962e-06, 1.56555654485e-06, 1.44524540246e-06, 1.08617314254e-06, 1.34702690957e-06, 1.60082606726e-06, 1.17773208785e-06, 9.57402676249e-07, 8.68322388214e-07, 1.39352846418e-06, 1.50889343331e-06, 1.76926755557e-06, 1.56698160936e-06, 1.50510675212e-06, 1.79775906872e-06, 2.16707576328e-06, 2.38200118474e-06, 2.07406515074e-06, 1.97718509298e-06, 1.80523124982e-06, 1.85459214208e-06, 1.44678824654e-06, 1.41853217883e-06, 1.59212390827e-06, 1.57912643317e-06, 1.21161895095e-06, 1.22451172047e-06, 9.26984853322e-07, 9.15358214115e-07, 8.4436629777e-07, 6.90457454766e-07, 5.38606286682e-07, 4.32018168794e-07, 2.8692298315e-07, 3.10192461939e-07, 3.47815188206e-07, 3.40164945101e-07, 2.38656610918e-07, 1.73589171482e-07, 1.60621581813e-07, 8.11093414654e-08, 3.08400203153e-08, 8.596657608e-09, 8.1430755472e-09, 6.38195141178e-09, 8.14492651102e-09, 8.40892599996e-09, 3.39112316006e-09, 3.03401991031e-11, 4.46540851171e-12, 4.0944348606e-12, 3.87605789479e-12, 3.83001139484e-12],
        "min": [6.37613529683e-12, 6.57675173002e-12, 1.28249581094e-11, 2.89311977153e-11, 2.4176594754e-11, 7.31420046057e-12, 2.83367045106e-11, 2.60764798643e-10, 8.23104640002e-10, 1.05224950975e-09, 5.52586698621e-10, 2.10129816325e-10, 6.76401712418e-10, 2.02805727767e-09, 1.1705939551e-09, 1.44669964897e-09, 2.83510048771e-10, 1.21829935029e-10, 6.43701134062e-11, 7.94628529643e-11, 2.32124860999e-10, 2.17326087681e-10, 9.20593379306e-10, 1.91867211008e-09, 1.23358023796e-09, 3.80236397923e-10, 7.71252062215e-10, 7.56589790818e-10, 1.91577465003e-09, 1.33777633415e-09, 2.72082534281e-09, 1.41357126004e-09, 1.58558902119e-10, 1.48383652587e-10, 6.20935414197e-10, 1.32822031151e-09, 4.29611041186e-10, 1.90177693038e-10, 3.20417692379e-10, 6.20181683786e-10, 2.55960419526e-10, 4.02188060633e-10, 4.6124717934e-10, 3.8802216995e-10, 2.99176711183e-10, 2.39346875652e-10, 3.15138713736e-11, 7.70529300087e-12, 2.31963389469e-11, 1.26572632583e-11, 3.23954751913e-11, 9.358819969e-11, 2.54025245283e-10, 1.36470265644e-10, 2.96858509996e-11, 6.79967748773e-11, 5.81500542163e-11, 1.2717868425e-10, 1.65017548237e-11, 7.87495763044e-12, 2.31283932978e-11, 4.17176709844e-11, 2.89957675925e-11, 1.81039662428e-11, 8.15236506774e-12, 4.97393896903e-11, 3.02737106217e-11, 3.10836911765e-11, 1.37950796619e-11, 1.46030236514e-11, 1.14638881721e-10, 3.00039368351e-11, 2.80995799545e-11, 3.01380643532e-12, 2.08704165061e-11, 1.26193257233e-11, 3.62060121467e-12, 4.63739897177e-12, 2.90546601535e-12, 9.00653249897e-12, 8.75156457719e-12, 3.8791088397e-12, 6.4763216491e-12, 4.80876579875e-12, 8.07254870588e-12, 1.08155637224e-11, 1.1388721563e-11, 7.44885229886e-12, 5.3309179987e-12, 4.11451992269e-12, 6.99952118835e-12, 8.40514550321e-12, 6.85173489126e-12, 1.06549946817e-12, 9.32961390435e-13, 3.03066122545e-12, 1.97195081444e-12, 2.88081732948e-12, 3.07838064935e-12, 4.92713942563e-12, 2.53576977124e-12, 1.6562948929e-12, 1.6368216461e-12, 6.13069491007e-13, 7.66139647383e-13, 9.05295586759e-13, 1.36976758061e-12, 1.81929276331e-12, 1.28442449818e-12, 1.09307517464e-12, 1.27699521964e-12, 1.56427973873e-12, 1.2367426961e-12, 1.75503166687e-12, 1.59843655239e-12, 2.24008376952e-12, 1.12958383966e-12, 4.04959106613e-13, 2.98758820417e-13, 2.37204001016e-13, 3.53116976848e-13, 3.53703421803e-13, 3.96962410859e-13, 3.75558769196e-13, 2.73129771838e-13, 9.32846126191e-14, 1.13024307185e-14, 3.35600859389e-16],
        "stdev": [0.000479212205391, 0.0015149100218, 0.00381441088393, 0.0067094899714, 0.00559652689844, 0.00254598073661, 0.00127978331875, 0.000794485211372, 0.000880463165231, 0.000792822160292, 0.000531164347194, 0.000349102396285, 0.000463137286715, 0.000464103854029, 0.000543488073163, 0.000610056566074, 0.000255926541286, 0.000165169418324, 0.000170330575202, 0.000303740496747, 0.00046895397827, 0.000456821551779, 0.000565935974009, 0.000503992894664, 0.000269301963272, 0.000210064084968, 0.000262994988589, 0.000684508238919, 0.0005654534325, 0.000203316682018, 0.000190630948055, 0.000127622013679, 0.000139481300721, 0.000135079972097, 0.000116155650176, 0.000370194436982, 0.000191591621842, 0.000110312306788, 0.000105786850327, 0.000102695034002, 3.80231904273e-05, 0.000101804369478, 0.000106152481749, 0.000113804366265, 0.000123043399071, 0.000104753482447, 0.000108506188553, 0.00027800918906, 0.000259897438809, 9.24063133425e-05, 7.14577035978e-05, 0.000113291811431, 0.00020477786893, 0.000250666373177, 0.000117064038932, 7.33335691621e-05, 8.04781957413e-05, 0.000102446225355, 7.33844863134e-05, 3.92706388084e-05, 2.25605836022e-05, 1.71829706233e-05, 1.46824722833e-05, 8.52390621731e-06, 7.79437868914e-06, 1.80451643246e-05, 1.44718187585e-05, 8.66603568284e-06, 1.05349063233e-05, 9.31358863454e-06, 9.24318828766e-06, 5.83262090004e-06, 4.25157850259e-06, 6.01890633334e-06, 7.75234821049e-06, 4.15179965785e-06, 4.90551974508e-06, 4.52138510809e-06, 3.07576488012e-06, 4.03400781579e-06, 5.94619132244e-06, 3.53225573235e-06, 3.12370730171e-06, 3.73307034351e-06, 7.03557589077e-06, 6.4851328716e-06, 7.79701349529e-06, 6.57620603306e-06, 6.18474950898e-06, 7.8525436038e-06, 9.7643760455e-06, 1.27089688249e-05, 9.65882281889e-06, 1.01282921605e-05, 7.95960204414e-06, 1.42306844282e-05, 7.26889084035e-06, 5.67794540984e-06, 6.30012073088e-06, 6.16095940131e-06, 4.82105724586e-06, 5.02912007505e-06, 3.69549570678e-06, 3.75708850697e-06, 3.70722273146e-06, 2.77196591014e-06, 2.11395149563e-06, 1.78105426585e-06, 1.05328160771e-06, 1.33066453145e-06, 1.78906293513e-06, 2.03848185265e-06, 1.02943181446e-06, 7.32027672257e-07, 6.31112015981e-07, 2.79970208794e-07, 9.38574373777e-08, 3.09604963888e-08, 4.14962677553e-08, 2.94205459994e-08, 4.77873562943e-08, 5.31400594639e-08, 2.07207300207e-08, 2.17475676356e-10, 2.9704298049e-11, 2.99592260722e-11, 2.97272935434e-11, 2.96375805842e-11]
    },
    "mfcc": {
        "mean": [-801.533447266, 127.820411682, -31.3938274384, 1.57349073887, -4.6727771759, 2.27377343178, 2.42798447609, 8.54208850861, 1.33759748936, -0.657697618008, -9.63734436035, -8.66898536682, -4.89208030701],
        "cov": [[25184.5292969, -562.984863281, 3510.41845703, 2827.69506836, 3095.45141602, 953.602844238, 678.089477539, 995.089477539, 1172.40771484, 781.562805176, 414.537994385, 797.815917969, 696.824645996], [-562.984863281, 1547.65429688, -137.718032837, 376.229644775, 237.381698608, 296.104644775, 316.402862549, 162.432723999, 42.2525596619, 91.184173584, -83.9482345581, -178.132385254, 59.0821113586], [3510.41845703, -137.718032837, 1720.56091309, 1042.40307617, 1091.23498535, 260.528106689, -26.7686080933, 71.6548156738, 327.666748047, 259.903564453, 156.633758545, 131.339202881, 163.914047241], [2827.69506836, 376.229644775, 1042.40307617, 1000.90802002, 898.930847168, 262.601379395, 51.2858467102, 126.943885803, 251.244995117, 205.363342285, 78.9304962158, 62.7680091858, 172.122573853], [3095.45141602, 237.381698608, 1091.23498535, 898.930847168, 953.576477051, 253.933288574, 44.6439399719, 109.181007385, 272.548583984, 216.279205322, 86.2386245728, 78.5132751465, 162.798843384], [953.602844238, 296.104644775, 260.528106689, 262.601379395, 253.933288574, 195.136383057, 122.978485107, 84.9151000977, 79.7225189209, 69.5029067993, 1.6257263422, -11.1779909134, 47.1379127502], [678.089477539, 316.402862549, -26.7686080933, 51.2858467102, 44.6439399719, 122.978485107, 273.986328125, 142.204483032, 21.5620098114, 20.1158428192, -35.5972061157, -28.9953346252, 26.4050369263], [995.089477539, 162.432723999, 71.6548156738, 126.943885803, 109.181007385, 84.9151000977, 142.204483032, 165.440307617, 60.0350723267, 27.5885467529, -21.7021312714, 4.75259304047, 32.5084762573], [1172.40771484, 42.2525596619, 327.666748047, 251.244995117, 272.548583984, 79.7225189209, 21.5620098114, 60.0350723267, 143.557037354, 86.6340332031, 31.1753330231, 23.7512283325, 41.3321418762], [781.562805176, 91.184173584, 259.903564453, 205.363342285, 216.279205322, 69.5029067993, 20.1158428192, 27.5885467529, 86.6340332031, 117.410324097, 47.7982902527, 6.55122566223, 27.7100276947], [414.537994385, -83.9482345581, 156.633758545, 78.9304962158, 86.2386245728, 1.6257263422, -35.5972061157, -21.7021312714, 31.1753330231, 47.7982902527, 76.698890686, 34.0530014038, 6.73732662201], [797.815917969, -178.132385254, 131.339202881, 62.7680091858, 78.5132751465, -11.1779909134, -28.9953346252, 4.75259304047, 23.7512283325, 6.55122566223, 34.0530014038, 91.0322494507, 32.2162704468], [696.824645996, 59.0821113586, 163.914047241, 172.122573853, 162.798843384, 47.1379127502, 26.4050369263, 32.5084762573, 41.3321418762, 27.7100276947, 6.73732662201, 32.2162704468, 81.5493545532]],
        "icov": [[0.000146977312397, 0.00021565258794, 0.00019064793014, -8.91566596692e-05, -0.000336705823429, -0.000256569503108, -0.000263452442596, -0.000385490478948, -0.000285745772999, -0.000183540192666, -0.000146028891322, -0.000727730512153, -4.09565654991e-05], [0.00021565258794, 0.0023730979301, 0.00160187657457, -0.00178380159196, -0.000738814240322, -0.00203101732768, -0.0014332839055, -8.24282833491e-05, 0.000240095134359, -0.00108657008968, 2.26725242101e-05, 0.00172351987567, -0.000306177476887], [0.00019064793014, 0.00160187657457, 0.00366032263264, -0.00179252424277, -0.0028254375793, -0.0015893841628, -0.000967397121713, 0.000559785345104, -0.00082613399718, -0.000355917436536, -0.00139512994792, -0.000287011207547, 0.00105413480196], [-8.91566596692e-05, -0.00178380159196, -0.00179252424277, 0.00921967998147, -0.00556142535061, -0.000109814071038, 0.002945774002, -0.00299403583631, 0.00144714629278, 0.000713443150744, -0.00161234708503, 0.000835086742882, -0.00356941041537], [-0.000336705823429, -0.000738814240322, -0.0028254375793, -0.00556142535061, 0.0123400436714, -0.000706553924829, 0.000312960124575, 0.00266113970429, -0.00373891391791, -0.00207344302908, 0.00278197624721, -0.000574175326619, -0.00196217466146], [-0.000256569503108, -0.00203101732768, -0.0015893841628, -0.000109814071038, -0.000706553924829, 0.0151238096878, -0.0038011574652, 0.000590884534176, -0.000660326040816, -0.000359292142093, 0.00121419690549, 0.00141710299067, 0.000550603494048], [-0.000263452442596, -0.0014332839055, -0.000967397121713, 0.002945774002, 0.000312960124575, -0.0038011574652, 0.0108865844086, -0.00714008929208, 0.00315009057522, -0.000505089003127, -0.000111155139166, 0.00204764166847, -0.00231446628459], [-0.000385490478948, -8.24282833491e-05, 0.000559785345104, -0.00299403583631, 0.00266113970429, 0.000590884534176, -0.00714008929208, 0.0170592945069, -0.00591588532552, 0.000594527227804, 0.00517841009423, -0.00188768992666, 0.00151957606431], [-0.000285745772999, 0.000240095134359, -0.00082613399718, 0.00144714629278, -0.00373891391791, -0.000660326040816, 0.00315009057522, -0.00591588532552, 0.0220259409398, -0.00783548690379, 0.00109240226448, 0.00175953109283, 0.000771434977651], [-0.000183540192666, -0.00108657008968, -0.000355917436536, 0.000713443150744, -0.00207344302908, -0.000359292142093, -0.000505089003127, 0.000594527227804, -0.00783548690379, 0.0247996654361, -0.0129324533045, 0.00614509219304, 2.38963148149e-05], [-0.000146028891322, 2.26725242101e-05, -0.00139512994792, -0.00161234708503, 0.00278197624721, 0.00121419690549, -0.000111155139166, 0.00517841009423, 0.00109240226448, -0.0129324533045, 0.0280803311616, -0.00953845027834, 0.00444380706176], [-0.000727730512153, 0.00172351987567, -0.000287011207547, 0.000835086742882, -0.000574175326619, 0.00141710299067, 0.00204764166847, -0.00188768992666, 0.00175953109283, 0.00614509219304, -0.00953845027834, 0.0278424043208, -0.00899047777057], [-4.09565654991e-05, -0.000306177476887, 0.00105413480196, -0.00356941041537, -0.00196217466146, 0.000550603494048, -0.00231446628459, 0.00151957606431, 0.000771434977651, 2.38963148149e-05, 0.00444380706176, -0.00899047777057, 0.0247772745788]]
    },
    "spectral_contrast_coeffs": {
        "max": [-0.573766410351, -0.561355888844, -0.633634507656, -0.585722506046, -0.643969774246, -0.702917277813],
        "mean": [-0.736988306046, -0.819775342941, -0.81614023447, -0.832085311413, -0.824315071106, -0.796290636063],
        "min": [-0.901282727718, -0.946836471558, -0.940008699894, -0.928908407688, -0.911712110043, -0.879256248474],
        "stdev": [0.0531055890024, 0.0707385092974, 0.0517448112369, 0.0615172199905, 0.0483108498156, 0.0278532970697]
    },
    "spectral_contrast_valleys": {
        "max": [-4.95074558258, -5.1936545372, -5.27889490128, -5.73344278336, -5.69003534317, -7.44806909561],
        "mean": [-8.64128684998, -8.04914665222, -7.9199385643, -8.41547012329, -8.90107631683, -11.9171276093],
        "min": [-14.7942867279, -12.365778923, -12.3157243729, -13.0076160431, -13.4797077179, -15.8931217194],
        "stdev": [2.36101675034, 1.21107816696, 1.27271556854, 1.19086205959, 1.39187097549, 1.82486879826]
    }
},
"rhythm": {
    "beats_count": 31,
    "beats_loudness": {
        "max": 0.10210904479,
        "mean": 0.0240202713758,
        "min": 9.86196937447e-06,
        "stdev": 0.0268565937877
    },
    "bpm": 142.584716797,
    "bpm_histogram_first_peak_bpm": 144,
    "bpm_histogram_first_peak_weight": 0.25,
    "bpm_histogram_second_peak_bpm": 136,
    "bpm_histogram_second_peak_spread": 0,
    "bpm_histogram_second_peak_weight": 0.233333334327,
    "danceability": 0.805192768574,
    "onset_rate": 2.27284026146,
    "beats_loudness_band_ratio": {
        "max": [0.969254493713, 0.349930644035, 0.434505939484, 0.914899170399, 0.424886256456, 0.0562873631716],
        "mean": [0.324823647738, 0.0937780812383, 0.156122758985, 0.331984430552, 0.104811713099, 0.0211782325059],
        "min": [0.000584693916608, 0.00388975231908, 0.00133154238574, 0.00246455473825, 0.00177792983595, 0.00046130726696],
        "stdev": [0.370854079723, 0.0809294432402, 0.138888508081, 0.316864967346, 0.103597998619, 0.0158392433077]
    },
    "beats_position": [0.336689323187, 0.684988677502, 1.02167797089, 1.35836732388, 1.69505667686, 2.04335594177, 2.39165520668, 2.73995471001, 3.1811337471, 3.62231278419, 4.06349182129, 4.5046710968, 4.94585037231, 5.38702917099, 5.8282084465, 6.25777769089, 6.68734693527, 7.10530614853, 7.52326536179, 7.94122457504, 8.35918331146, 8.77714252472, 9.19510173798, 9.61306095123, 10.0310201645, 10.4489793777, 10.866938591, 11.2848978043, 11.7028570175, 12.1324262619, 12.5619955063],
