{
"metadata": {
    "version": {
        "essentia": "2.1-beta5",
        "essentia_git_sha": "Undefined",
        "extractor": "music 2.0"
    },
    "audio_properties": {
        "analysis": {
            "equal_loudness": 0,
            "length": 12.7477550507,
            "sample_rate": 44100,
            "start_time": 0,
            "downmix": "mix"
        },
        "bit_rate": 192000,
        "length": 202.605728149,
        "lossless": 0,
        "number_channels": 2,
        "replay_gain": 8.49604225159,
        "sample_rate": 48000,
        "codec": "mp3",
        "md5_encoded": "c6739b7093b03df79672b2d5718ec394"
    },
    "tags": {
        "file_name": "Slovenia_Love Symphony_Quartissimo feat. Martina.mp3",
        "encoding": ["Lavf58.29.100"]
    }
},
"lowlevel": {
    "average_loudness": 0.723224520683,
    "barkbands_crest": {
        "max": 21.258518219,
        "mean": 9.65009784698,
        "min": 2.62118530273,
        "stdev": 3.72561573982
    },
    "barkbands_flatness_db": {
        "max": 0.282345920801,
        "mean": 0.17671623826,
        "min": 0.0551059506834,
        "stdev": 0.0498920604587
    },
    "barkbands_kurtosis": {
        "max": 19.0795230865,
        "mean": 2.14605736732,
        "min": -1.49728059769,
        "stdev": 3.06272292137
    },
    "barkbands_skewness": {
        "max": 4.16520595551,
        "mean": 0.947852551937,
        "min": -1.54827010632,
        "stdev": 0.972919464111
    },
    "barkbands_spread": {
        "max": 47.1957130432,
        "mean": 13.3218612671,
        "min": 2.11352229118,
        "stdev": 9.0247592926
    },
    "dissonance": {
        "max": 0.5,
        "mean": 0.479780822992,
        "min": 0.366339623928,
        "stdev": 0.0203055329621
    },
    "dynamic_complexity": 5.26224279404,
    "erbbands_crest": {
        "max": 27.4599971771,
        "mean": 10.3731555939,
        "min": 2.58324956894,
        "stdev": 4.06458187103
    },
    "erbbands_flatness_db": {
        "max": 0.360237807035,
        "mean": 0.258735328913,
        "min": 0.120024673641,
        "stdev": 0.0552357770503
    },
    "erbbands_kurtosis": {
        "max": 10.4203033447,
        "mean": 1.31406652927,
        "min": -1.35918414593,
        "stdev": 2.00081634521
    },
    "erbbands_skewness": {
        "max": 2.76172113419,
        "mean": 0.715475082397,
        "min": -1.98056995869,
        "stdev": 0.847255706787
    },
    "erbbands_spread": {
        "max": 63.4595832825,
        "mean": 17.6129112244,
        "min": 4.50611495972,
        "stdev": 9.44925022125
    },
    "hfc": {
        "max": 105.716148376,
        "mean": 16.067779541,
        "min": 0.0205522626638,
        "stdev": 18.0458221436
    },
    "loudness_ebu128": {
        "integrated": -31.7003879547,
        "loudness_range": 9.18042182922,
        "momentary": {
            "max": -26.8683662415,
            "mean": -35.6691551208,
            "min": -50.4917144775,
            "stdev": 6.19538831711
        },
        "short_term": {
            "max": -28.8669548035,
            "mean": -33.6973457336,
            "min": -41.1806488037,
            "stdev": 3.09831094742
        }
    },
    "melbands_crest": {
        "max": 30.2209243774,
        "mean": 11.9378223419,
        "min": 3.54963064194,
        "stdev": 4.48424100876
    },
    "melbands_flatness_db": {
        "max": 0.273734897375,
        "mean": 0.167102858424,
        "min": 0.059129729867,
        "stdev": 0.0437540113926
    },
    "melbands_kurtosis": {
        "max": 58.3392295837,
        "mean": 4.93863630295,
        "min": -1.50288140774,
        "stdev": 6.09559059143
    },
    "melbands_skewness": {
        "max": 6.53570747375,
        "mean": 1.37467193604,
        "min": -0.819733440876,
        "stdev": 1.0517385006
    },
    "melbands_spread": {
        "max": 81.7028427124,
        "mean": 22.1729564667,
        "min": 3.22157716751,
        "stdev": 16.0838928223
    },
    "pitch_salience": {
        "max": 0.914119362831,
        "mean": 0.646833717823,
        "min": 0.220293149352,
        "stdev": 0.121110893786
    },
    "silence_rate_20dB": {
        "max": 1,
        "mean": 1,
        "min": 1,
        "stdev": 0
    },
    "silence_rate_30dB": {
        "max": 1,
        "mean": 0.98727273941,
        "min": 0,
        "stdev": 0.112095147371
    },
    "silence_rate_60dB": {
        "max": 1,
        "mean": 0.343636363745,
        "min": 0,
        "stdev": 0.474923312664
    },
    "spectral_centroid": {
        "max": 3415.30834961,
        "mean": 1705.4831543,
        "min": 996.375732422,
        "stdev": 442.254364014
    },
    "spectral_complexity": {
        "max": 57,
        "mean": 15.1309089661,
        "min": 0,
        "stdev": 11.7270917892
    },
    "spectral_decrease": {
        "max": -2.4099940793e-12,
        "mean": -3.75453268475e-09,
        "min": -6.96255142429e-08,
        "stdev": 6.10492278952e-09
    },
    "spectral_energy": {
        "max": 0.268103063107,
        "mean": 0.0156278666109,
        "min": 1.09600186988e-05,
        "stdev": 0.0241675060242
    },
    "spectral_energyband_high": {
        "max": 0.00440786825493,
        "mean": 0.000374313618522,
        "min": 1.21016216781e-06,
        "stdev": 0.000666194711812
    },
    "spectral_energyband_low": {
        "max": 0.234288483858,
        "mean": 0.00354043813422,
        "min": 1.28815116796e-07,
        "stdev": 0.0174721330404
    },
    "spectral_energyband_middle_high": {
        "max": 0.0531490892172,
        "mean": 0.00800268631428,
        "min": 5.85239558859e-06,
        "stdev": 0.00835016183555
    },
    "spectral_energyband_middle_low": {
        "max": 0.0706818327308,
        "mean": 0.00423304503784,
        "min": 3.27053180627e-06,
        "stdev": 0.00645634671673
    },
    "spectral_entropy": {
        "max": 8.37498760223,
        "mean": 7.59908485413,
        "min": 6.79967737198,
        "stdev": 0.234757766128
    },
    "spectral_flux": {
        "max": 0.390898108482,
        "mean": 0.0631244704127,
        "min": 0.00331059191376,
        "stdev": 0.0469616912305
    },
    "spectral_kurtosis": {
        "max": 18.1970939636,
        "mean": 5.4679236412,
        "min": 0.412027597427,
        "stdev": 2.68156576157
    },
    "spectral_rms": {
        "max": 0.0161729380488,
        "mean": 0.00316439801827,
        "min": 0.000103405516711,
        "stdev": 0.00228763907216
    },
    "spectral_rolloff": {
        "max": 5770.8984375,
        "mean": 1862.62207031,
        "min": 107.666015625,
        "stdev": 690.359008789
    },
    "spectral_skewness": {
        "max": 3.17009568214,
        "mean": 1.60616505146,
        "min": 0.467225521803,
        "stdev": 0.392978549004
    },
    "spectral_spread": {
        "max": 17884794,
        "mean": 3055968,
        "min": 2044543.625,
        "stdev": 872641.625
    },
    "spectral_strongpeak": {
        "max": 9.04326534271,
        "mean": 1.35068416595,
        "min": 0,
        "stdev": 1.35120332241
    },
    "zerocrossingrate": {
        "max": 0.2216796875,
        "mean": 0.0681036934257,
        "min": 0.02490234375,
        "stdev": 0.0197076015174
    },
    "barkbands": {
        "max": [0.0158712547272, 0.202158123255, 0.0364442355931, 0.0122162979096, 0.0457656607032, 0.0257825218141, 0.0086045730859, 0.00526210619137, 0.0271699950099, 0.0224317796528, 0.020226733759, 0.00966273993254, 0.00211789319292, 0.00847277790308, 0.0147760445252, 0.0111233377829, 0.0104932226241, 0.0073008518666, 0.00505875376984, 0.00258624693379, 0.00183002790436, 0.000999910174869, 0.000570236647036, 0.00033255451126, 0.000277660990832, 7.07255424004e-07, 3.53346543136e-08],
        "mean": [0.000165806995938, 0.00251373415813, 0.00065521360375, 0.000387208681786, 0.000329498696374, 0.00064599752659, 0.000459365779534, 0.000353544048266, 0.00152076012455, 0.00245719845407, 0.00198420113884, 0.00043103491771, 0.000329680537106, 0.000546850264072, 0.000647079315968, 0.000482581323013, 0.000541602727026, 0.00038301575114, 0.000353408075171, 0.000178297545062, 0.000130385218654, 6.63641476422e-05, 3.28493661073e-05, 2.11752521864e-05, 1.10088849397e-05, 1.56996513567e-08, 2.00447369814e-09],
        "min": [3.23588322804e-10, 7.02118363449e-09, 1.85978841216e-08, 9.44372047229e-08, 3.03387281519e-07, 5.10412064614e-07, 2.93299478926e-07, 1.24836230952e-06, 7.70849453602e-07, 6.15670856519e-08, 2.593897932e-07, 8.90028786671e-07, 1.24165978832e-07, 1.51830658979e-06, 1.28711167235e-06, 3.26465567468e-07, 5.03020999076e-07, 4.5432892648e-07, 3.71316417613e-07, 1.19528053233e-07, 2.96762635799e-07, 2.17519215084e-07, 1.28287112489e-07, 1.20364276768e-07, 9.49163379005e-08, 5.11643005741e-10, 4.18133361269e-10],
        "stdev": [0.00105053151492, 0.014910033904, 0.00329077639617, 0.00134281418286, 0.0021187714301, 0.0022319315467, 0.0011559498962, 0.000586040318012, 0.00273706554435, 0.00364148640074, 0.00272102211602, 0.00083299097605, 0.000342693499988, 0.000911142211407, 0.00137187808286, 0.00110601517372, 0.00112541089766, 0.000795587257016, 0.000714300491381, 0.000331060204189, 0.000249346543569, 0.000117191426398, 7.29153325665e-05, 4.64240147267e-05, 2.58785330516e-05, 4.50457591228e-08, 1.74059888725e-09]
    },
    "erbbands": {
        "max": [7.99701595306, 48.5314445496, 56.8980293274, 36.4419441223, 56.5156288147, 188.722213745, 162.587387085, 222.565490723, 96.3643493652, 226.939056396, 142.386657715, 646.532958984, 654.685180664, 853.463684082, 783.043701172, 495.383728027, 99.7800521851, 256.997741699, 389.494293213, 1458.70947266, 510.885620117, 662.858215332, 416.556610107, 251.729125977, 262.807556152, 157.81867981, 79.1479263306, 60.3386459351, 29.068775177, 37.6657066345, 16.9558334351, 7.82883405685, 5.57615995407, 3.51825165749, 1.7559825182, 0.107661783695, 0.00290884473361, 0.000219808804104, 0.000138761053677, 0.000299343140796],
        "mean": [0.0878896564245, 0.497460991144, 0.797322750092, 1.11051392555, 0.978131651878, 1.3555150032, 3.54976201057, 5.0891046524, 3.50951051712, 9.95950984955, 11.3611879349, 35.3793563843, 61.5174293518, 78.2902526855, 65.7336196899, 19.6269645691, 15.4466657639, 23.1997680664, 26.106672287, 46.2147750854, 23.8076095581, 30.0751628876, 22.2534866333, 16.3796768188, 15.6592617035, 9.89596939087, 6.07669401169, 4.56388473511, 2.56387758255, 1.50197422504, 0.847259998322, 0.52259260416, 0.314909011126, 0.152090832591, 0.0609968565404, 0.0035122896079, 0.000111208850285, 1.26133118101e-05, 1.06430325104e-05, 1.94523290702e-05],
        "min": [5.12432507094e-07, 2.0010895696e-06, 2.82512955891e-05, 0.000247636577114, 0.000474399188533, 0.00104715907946, 0.00247464398853, 0.00454410305247, 0.00273997476324, 0.0154548957944, 0.0263950377703, 0.0187061280012, 0.00549179175869, 0.00251223891973, 0.0235435608774, 0.0307147633284, 0.00744781410322, 0.0400561839342, 0.0909470394254, 0.0484779365361, 0.0204625185579, 0.0292257312685, 0.0284016504884, 0.0209971945733, 0.0149699142203, 0.00594956707209, 0.0117276860401, 0.0111780194566, 0.00727840932086, 0.00532712088898, 0.00347498059273, 0.00213167956099, 0.00175209401641, 0.0010468341643, 0.000692411267664, 4.61887648271e-05, 2.2113651994e-06, 3.86478632208e-07, 9.01161030242e-08, 2.19085780628e-08],
        "stdev": [0.564737975597, 2.92217469215, 3.83295297623, 4.05626964569, 3.59050893784, 8.87211322784, 12.8282194138, 18.3259105682, 10.654086113, 23.6433792114, 17.1075649261, 61.9999237061, 93.7374649048, 105.776893616, 93.1977615356, 39.8071937561, 16.0074062347, 29.8395423889, 40.282119751, 119.473388672, 53.01171875, 57.934551239, 42.0094833374, 32.4296607971, 34.7146339417, 19.2690963745, 11.2907104492, 8.61295318604, 4.46535348892, 3.24475193024, 1.89809715748, 1.06859433651, 0.733733415604, 0.369349449873, 0.140109598637, 0.00788538437337, 0.000224907766096, 2.00622125703e-05, 1.46349293573e-05, 2.83854169538e-05]
    },
    "gfcc": {
        "mean": [-98.878074646, 72.6520690918, -212.517959595, 4.64232158661, -81.3950424194, 15.9491691589, -32.3261642456, 6.512342453, -21.2270240784, -18.1954288483, -14.0788984299, -15.1687355042, 5.76152276993],
        "cov": [[8046.35986328, 801.099487305, 866.757446289, 1617.71569824, 358.041900635, 237.086547852, 476.323486328, 586.828979492, 484.186767578, 296.849090576, 360.412750244, -55.823135376, 246.821151733], [801.099487305, 716.373718262, 581.872619629, 450.610443115, 265.265655518, -45.3347930908, 22.8452453613, 26.2052116394, 50.5512962341, 125.170196533, 121.522399902, 37.1718292236, 32.8383789062], [866.757446289, 581.872619629, 982.54510498, 807.833251953, 340.003356934, 115.277755737, -60.3570251465, 125.958137512, 92.6558303833, 335.839294434, 138.834640503, 138.976638794, 15.2919406891], [1617.71569824, 450.610443115, 807.833251953, 978.905639648, 373.101989746, 139.32472229, 29.1038455963, 180.366363525, 160.345993042, 306.203979492, 154.133728027, 135.333190918, 25.7604103088], [358.041900635, 265.265655518, 340.003356934, 373.101989746, 255.856018066, 51.716999054, 5.97293043137, 78.0739746094, 62.6201896667, 132.786819458, 66.0972061157, 67.7392501831, 4.46648263931], [237.086547852, -45.3347930908, 115.277755737, 139.32472229, 51.716999054, 127.982940674, 37.2527694702, 68.9426345825, 48.2704086304, 72.4159545898, 20.0001945496, 15.1382951736, 6.64243078232], [476.323486328, 22.8452453613, -60.3570251465, 29.1038455963, 5.97293043137, 37.2527694702, 154.376998901, 75.9757843018, 54.8706245422, -18.8696022034, 29.1294441223, -28.5744895935, 23.2689971924], [586.828979492, 26.2052116394, 125.958137512, 180.366363525, 78.0739746094, 68.9426345825, 75.9757843018, 158.900100708, 93.5348434448, 87.3229980469, 45.6241569519, 17.4131774902, 18.3799724579], [484.186767578, 50.5512962341, 92.6558303833, 160.345993042, 62.6201896667, 48.2704086304, 54.8706245422, 93.5348434448, 127.961166382, 76.0387802124, 33.7088737488, 15.9868335724, 8.79438114166], [296.849090576, 125.170196533, 335.839294434, 306.203979492, 132.786819458, 72.4159545898, -18.8696022034, 87.3229980469, 76.0387802124, 218.253173828, 70.6947097778, 68.7789230347, 10.0087280273], [360.412750244, 121.522399902, 138.834640503, 154.133728027, 66.0972061157, 20.0001945496, 29.1294441223, 45.6241569519, 33.7088737488, 70.6947097778, 81.3303833008, 28.7002048492, 24.4652462006], [-55.823135376, 37.1718292236, 138.976638794, 135.333190918, 67.7392501831, 15.1382951736, -28.5744895935, 17.4131774902, 15.9868335724, 68.7789230347, 28.7002048492, 86.3750686646, 4.33328485489], [246.821151733, 32.8383789062, 15.2919406891, 25.7604103088, 4.46648263931, 6.64243078232, 23.2689971924, 18.3799724579, 8.79438114166, 10.0087280273, 24.4652462006, 4.33328485489, 50.1280555725]],
        "icov": [[0.000526065006852, -0.00116887886543, 0.00129010656383, -0.00182551867329, 0.00174727581907, -0.00075154856313, 0.00067600706825, -0.00163309113123, 4.87790975967e-06, 0.000231714569964, -3.72760950995e-05, 0.000826520263217, -0.00115144206211], [-0.00116887886543, 0.0203149318695, -0.0188125055283, 0.00932266097516, -0.0172285567969, 0.0186662524939, -0.0118861794472, 0.0148256998509, -0.00814437679946, 0.00636379374191, -0.00983952358365, 0.00935869570822, -0.00331016699784], [0.00129010656383, -0.0188125055283, 0.0222466085106, -0.0121306702495, 0.0154148340225, -0.0172769483179, 0.012659471482, -0.0141750071198, 0.00934255309403, -0.00870120618492, 0.0081554222852, -0.00750561710447, 0.00242266058922], [-0.00182551867329, 0.00932266097516, -0.0121306702495, 0.0128903919831, -0.0124367550015, 0.00686421152204, -0.0063443123363, 0.00904186628759, -0.00465229293332, 0.00189109751955, -0.00412474153563, -0.000630940019619, 0.00229210359976], [0.00174727581907, -0.0172285567969, 0.0154148340225, -0.0124367550015, 0.025425773114, -0.0147923519835, 0.00968248862773, -0.0149425249547, 0.00627749646083, -0.00443824566901, 0.00643675914034, -0.0077899582684, 0.00236743525602], [-0.00075154856313, 0.0186662524939, -0.0172769483179, 0.00686421152204, -0.0147923519835, 0.029443513602, -0.0139109203592, 0.0106668770313, -0.00726801156998, 0.00255739758722, -0.00565639231354, 0.00960812903941, -0.0041273701936], [0.00067600706825, -0.0118861794472, 0.012659471482, -0.0063443123363, 0.00968248862773, -0.0139109203592, 0.0215928796679, -0.0139585593715, 0.00184048223309, 0.00153071875684, -0.000708220701199, -0.00138711894397, -0.000231122568948], [-0.00163309113123, 0.0148256998509, -0.0141750071198, 0.00904186628759, -0.0149425249547, 0.0106668770313, -0.0139585593715, 0.0278437174857, -0.0109817814082, 0.000432008324424, -0.00594864878803, 0.00456110294908, -0.00145593436901], [4.87790975967e-06, -0.00814437679946, 0.00934255309403, -0.00465229293332, 0.00627749646083, -0.00726801156998, 0.00184048223309, -0.0109817814082, 0.0203237403184, -0.00771798565984, 0.00604461412877, -0.004880042281, 0.00387521740049], [0.000231714569964, 0.00636379374191, -0.00870120618492, 0.00189109751955, -0.00443824566901, 0.00255739758722, 0.00153071875684, 0.000432008324424, -0.00771798565984, 0.0186064373702, -0.0101456670091, 0.00198502512649, -0.00202053971589], [-3.72760950995e-05, -0.00983952358365, 0.0081554222852, -0.00412474153563, 0.00643675914034, -0.00565639231354, -0.000708220701199, -0.00594864878803, 0.00604461412877, -0.0101456670091, 0.0316933169961, -0.00887120328844, -0.00478896126151], [0.000826520263217, 0.00935869570822, -0.00750561710447, -0.000630940019619, -0.0077899582684, 0.00960812903941, -0.00138711894397, 0.00456110294908, -0.004880042281, 0.00198502512649, -0.00887120328844, 0.0268034301698, -0.00672165304422], [-0.00115144206211, -0.00331016699784, 0.00242266058922, 0.00229210359976, 0.00236743525602, -0.0041273701936, -0.000231122568948, -0.00145593436901, 0.00387521740049, -0.00202053971589, -0.00478896126151, -0.00672165304422, 0.0294888876379]]
    },
    "melbands": {
        "max": [0.0585028342903, 0.0422737523913, 0.00660932995379, 0.00848801340908, 0.00698345899582, 0.00491207791492, 0.00151641771663, 0.00209470349364, 0.00107212073635, 0.00466297194362, 0.00324534787796, 0.00375296454877, 0.00300036347471, 0.00109577830881, 0.000807742471807, 0.000223522802116, 0.000536334933713, 0.000864346104208, 0.00119583646301, 0.00152864807751, 0.000615222321358, 0.000934514973778, 0.000611889758147, 0.00038667654735, 0.000234153485508, 0.000207296659937, 0.000124558311654, 9.56402436714e-05, 5.1210870879e-05, 4.57643182017e-05, 5.09546480316e-05, 1.66020745382e-05, 2.10704074561e-05, 1.85773842531e-05, 1.15924322017e-05, 5.84216195421e-06, 4.85784039483e-06, 4.32703291153e-06, 2.74760373031e-06, 3.22480059367e-06],
        "mean": [0.000742944015656, 0.000491175276693, 0.00018873802037, 7.62611452956e-05, 0.000114750197099, 0.000116052520752, 6.11641517025e-05, 9.87757666735e-05, 0.000106973864604, 0.000229578887229, 0.000316935300361, 0.00032663269667, 0.000274687801721, 5.79530824325e-05, 3.65534433513e-05, 3.53411960532e-05, 4.47418969998e-05, 4.38869537902e-05, 4.84223564854e-05, 5.35911676707e-05, 2.34821218328e-05, 3.30940893036e-05, 2.57483279711e-05, 1.67801390489e-05, 1.25044416563e-05, 1.37887027449e-05, 6.79053846397e-06, 6.6588968366e-06, 4.14680698668e-06, 2.86025510832e-06, 2.54503197539e-06, 1.50955156641e-06, 1.07680625661e-06, 7.49590526539e-07, 4.98242002323e-07, 3.91836806557e-07, 2.78015278354e-07, 2.37995891439e-07, 1.64603932262e-07, 1.14210521929e-07],
        "min": [4.24091339823e-09, 1.26259962485e-08, 4.75454235982e-08, 5.84273678328e-08, 7.94800811832e-08, 9.96224400751e-08, 4.45888979073e-08, 2.00629727942e-07, 2.09489556369e-07, 1.07713368891e-07, 2.36722303981e-08, 6.30095442489e-09, 5.48339151862e-08, 1.20417809057e-07, 2.82194267953e-08, 1.17122960219e-08, 9.02140300241e-08, 1.67130068007e-07, 9.65429833855e-08, 2.89771246997e-08, 2.44900331126e-08, 3.44366313243e-08, 1.80597634625e-08, 2.63594479577e-08, 1.59330220129e-08, 1.47041605558e-08, 5.08222086637e-09, 3.59991747523e-09, 8.04364930218e-09, 6.51599840751e-09, 4.9650128453e-09, 4.08343092673e-09, 3.28641514002e-09, 2.82184453582e-09, 1.97922811473e-09, 1.46167700166e-09, 1.26510402154e-09, 1.19456922132e-09, 7.14317383022e-10, 6.21746820695e-10],
        "stdev": [0.00451065832749, 0.00239900988527, 0.000662105390802, 0.000410344568081, 0.000440862524556, 0.000408436811995, 0.000173019201611, 0.000218996792682, 0.000162387499586, 0.00042452980415, 0.000487208279083, 0.000464122742414, 0.000393969618017, 0.000104464030301, 6.54167597531e-05, 3.83323058486e-05, 6.25656102784e-05, 7.77856694185e-05, 0.000105511382571, 0.000132486835355, 5.90859090153e-05, 7.6308286225e-05, 5.47662857571e-05, 3.6944362364e-05, 2.70598920906e-05, 2.81948978227e-05, 1.55943307618e-05, 1.30066418933e-05, 7.92504761193e-06, 5.6198200582e-06, 5.30410534338e-06, 2.66875531452e-06, 2.27639634431e-06, 1.7081582655e-06, 1.21994889923e-06, 7.74149782501e-07, 5.9141609654e-07, 5.78190451961e-07, 3.83762113643e-07, 3.03743803443e-07]
    },
    "melbands128": {
        "max": [0.0154034085572, 0.0715923979878, 0.079428255558, 0.0871629938483, 0.0432793572545, 0.0177398994565, 0.00774072762579, 0.00571458553895, 0.00514029664919, 0.00753346178681, 0.0119349230081, 0.0113195274025, 0.0058754873462, 0.0106891840696, 0.00740188732743, 0.000845488160849, 0.00102157786023, 0.00287862494588, 0.0020200915169, 0.00429844856262, 0.00102458801121, 0.00132150098216, 0.00162557943258, 0.0028776358813, 0.00354214035906, 0.00985189247876, 0.00866319984198, 0.0036010700278, 0.00600830558687, 0.00738254049793, 0.00328753888607, 0.00368314702064, 0.00550757115707, 0.0058582527563, 0.00103263230994, 0.00109236571006, 0.00306199444458, 0.000827864510939, 0.000322638836224, 0.00043215896585, 0.000503481889609, 0.000719999196008, 0.000629078829661, 0.000765291100834, 0.00219575781375, 0.000614863762166, 0.000760969356634, 0.000496051448863, 0.00154812331311, 0.00482366606593, 0.00063653755933, 0.00108356168494, 0.00101303705014, 0.00107438687701, 0.00198309659027, 0.00209129112773, 0.000541440094821, 0.000742799544241, 0.00131456169765, 0.000997636467218, 0.000587657792494, 0.000535358965863, 0.000430128799053, 0.000320251943776, 0.000629879825283, 0.000188376754522, 0.000532830250449, 0.000187382785953, 0.000105257364339, 0.000139545896673, 0.000199406262254, 0.000143460434629, 8.7448170234e-05, 7.54591237637e-05, 5.29680437467e-05, 4.10034554079e-05, 8.55711114127e-05, 5.37683481525e-05, 0.000104032580566, 4.1820723709e-05, 2.68051080639e-05, 1.71613428392e-05, 4.07784318668e-05, 2.26142656174e-05, 4.08710802731e-05, 2.37301064772e-05, 1.40488564284e-05, 2.2399941372e-05, 1.35165346364e-05, 1.11144436232e-05, 8.40805205371e-06, 7.74935051595e-06, 8.61397256813e-06, 7.12027394911e-06, 5.49304149899e-06, 5.20222511113e-06, 7.22995582692e-06, 3.13555983666e-06, 3.17861940857e-06, 2.9523930607e-06, 3.36972721016e-06, 4.11262954003e-06, 3.91425965063e-06, 2.72206943919e-06, 2.60703222921e-06, 1.77090259967e-06, 6.22204822776e-07, 2.21549747437e-08, 1.05204944756e-09, 8.29176782791e-10, 6.6660804654e-10, 5.56581003508e-10, 4.87092977064e-10, 4.03895417111e-10, 3.30943272786e-10, 2.96304591973e-10, 2.38351727244e-10, 3.55305757038e-10, 3.49050316428e-10, 1.5658280228e-10, 1.20789406255e-10, 1.06999027694e-10, 7.90912405013e-11, 6.92954721382e-11, 5.07205180633e-11, 4.41065968471e-11, 3.53451053148e-11, 3.47758211117e-11],
        "mean": [0.000154963083332, 0.000717889575753, 0.00101728679147, 0.000754715700168, 0.000452685781056, 0.000307333131786, 0.00023281306494, 0.000180351533345, 8.02079157438e-05, 6.34461539448e-05, 8.17610125523e-05, 5.92597170908e-05, 8.57745690155e-05, 0.000242692200118, 0.000145699013956, 2.72918441624e-05, 3.75721465389e-05, 5.39629036211e-05, 9.22842154978e-05, 0.000162884272868, 5.14345192641e-05, 6.5767490014e-05, 9.31636750465e-05, 0.000163368080393, 0.000259107124293, 0.000230662655667, 0.000236930092797, 0.000300078565488, 0.000416841823608, 0.000391131354263, 0.000223938739509, 0.000325379340211, 0.000408505788073, 0.000127854131279, 5.03145311086e-05, 4.70433224109e-05, 5.45223956578e-05, 3.04047498503e-05, 3.22146224789e-05, 3.09133392875e-05, 3.34525720973e-05, 4.65471348434e-05, 3.79920275009e-05, 4.31284825027e-05, 6.70455629006e-05, 3.751256736e-05, 3.06304209516e-05, 2.22259495786e-05, 6.47458873573e-05, 0.000102646736195, 3.62335485988e-05, 3.1789924833e-05, 1.91245762835e-05, 1.98388370336e-05, 3.25416076521e-05, 4.30599611718e-05, 2.1607384042e-05, 3.02305070363e-05, 2.92690510832e-05, 1.3645873878e-05, 1.71477695403e-05, 1.87723089766e-05, 9.54403549258e-06, 1.09282873382e-05, 1.65503861353e-05, 1.14625308925e-05, 1.73585303855e-05, 7.14391489964e-06, 3.40218753081e-06, 6.48415971227e-06, 7.67287747294e-06, 7.10994618203e-06, 3.92536958316e-06, 4.41302699983e-06, 2.82221549242e-06, 2.55090276369e-06, 3.24651432493e-06, 2.78660786535e-06, 2.50298307947e-06, 2.29594320444e-06, 1.52664551933e-06, 1.07240316538e-06, 1.5289865587e-06, 1.03895308712e-06, 7.68631025494e-07, 8.81062419467e-07, 6.91585682944e-07, 5.8822797655e-07, 4.99891939398e-07, 4.06323181323e-07, 4.53007004353e-07, 3.31304846668e-07, 4.15463944137e-07, 2.5423210559e-07, 2.21995264837e-07, 2.4091767159e-07, 2.76535189414e-07, 1.78359144343e-07, 1.61716897651e-07, 1.64078940657e-07, 1.2634316704e-07, 9.56650794137e-08, 1.10280389265e-07, 1.05469126765e-07, 7.07611533812e-08, 5.59356578833e-08, 1.41327225478e-08, 6.75203393197e-10, 1.61245409386e-11, 1.43494834071e-11, 1.44557057297e-11, 1.39894120593e-11, 1.33644588451e-11, 1.29692324588e-11, 1.28448241626e-11, 1.28137804187e-11, 1.40566568801e-11, 1.07714601127e-11, 9.85394491698e-12, 8.88826425655e-12, 8.43077690993e-12, 8.40208458364e-12, 8.56987484449e-12, 7.99918638272e-12, 6.35864494739e-12, 3.40245821968e-12, 1.78159548746e-12, 1.55365575006e-12],
        "min": [4.5452669406e-11, 5.8180356366e-11, 1.99250216326e-09, 2.39407382807e-09, 4.61290383669e-09, 7.73008679289e-09, 1.55681743053e-08, 2.12084962925e-08, 2.59416310655e-08, 3.96133188474e-08, 4.17663983399e-08, 2.89352701799e-08, 4.98139627325e-08, 6.28209448905e-08, 9.88580595163e-08, 5.53705632456e-08, 2.95986346543e-08, 9.57369561405e-09, 4.32271605177e-08, 4.33362465913e-08, 4.55458000204e-08, 1.24202429674e-07, 2.01323217652e-07, 1.59588623205e-07, 1.31819845706e-07, 8.86146622747e-08, 9.89732207302e-09, 1.67110147942e-08, 7.76001662928e-09, 4.50629400461e-09, 2.16107309825e-09, 1.60289559403e-08, 4.1628716474e-08, 8.30730328971e-08, 9.35860597906e-08, 1.1088717855e-07, 5.76305829725e-08, 1.62812625604e-08, 1.50684247302e-08, 1.04787769573e-08, 1.07359436896e-08, 1.31216131294e-08, 2.94845445836e-08, 7.87302383287e-08, 1.12607864367e-07, 1.21433544109e-07, 1.02572244032e-07, 1.13343119779e-07, 7.92615182377e-08, 5.91608468881e-08, 1.58428150598e-08, 6.48284936844e-09, 1.91611952971e-08, 3.68759671687e-08, 2.95256068483e-08, 2.9853403305e-08, 2.66314721387e-08, 9.66929469826e-09, 1.26126202815e-08, 3.53972318123e-08, 2.45452795866e-08, 8.35141378275e-09, 1.17663159216e-08, 1.75170917771e-08, 1.45114773531e-08, 1.02439106087e-08, 7.47001749346e-09, 1.01915968997e-08, 1.7199552893e-09, 1.72982250746e-09, 3.08257552817e-09, 3.99363342396e-09, 7.30195237608e-09, 4.83625317571e-09, 5.05152097929e-09, 2.76544231959e-09, 4.02671851418e-09, 4.88340923255e-09, 2.91571633504e-09, 2.46112819013e-09, 3.89846555038e-09, 2.43201014882e-09, 2.03872740911e-09, 1.36126343531e-09, 2.00123917438e-09, 2.20293050468e-09, 1.13411402491e-09, 1.88502990994e-09, 1.18655618664e-09, 9.35456379025e-10, 1.17662057875e-09, 9.64134549974e-10, 5.84163994954e-10, 5.17624831886e-10, 8.86139051026e-10, 8.38897062927e-10, 9.98993776591e-10, 3.23829685289e-10, 4.17417322929e-10, 6.25946072752e-10, 2.95354490865e-10, 3.73501396478e-10, 4.75449957182e-10, 5.34575661515e-10, 7.9218365201e-10, 2.3532023552e-10, 5.42536397752e-11, 5.78830473136e-12, 2.16841215123e-12, 1.41933437659e-12, 2.13130836764e-12, 2.23604663431e-12, 2.49149399029e-12, 2.7111665777e-12, 1.43087429925e-12, 1.43023147579e-12, 2.04103596003e-12, 3.40481527521e-12, 2.61472549341e-12, 2.20368081422e-12, 2.36936772285e-12, 1.42866436997e-12, 1.30597930473e-12, 9.70572038538e-13, 9.01499415482e-13, 6.22584232432e-13, 1.28602532269e-13, 2.47918687431e-15],
        "stdev": [0.00100991828367, 0.0048958119005, 0.00630044750869, 0.00461160531268, 0.00237420271151, 0.00156758120283, 0.000892796320841, 0.00061981548788, 0.000318311795127, 0.00037411795347, 0.000569507828914, 0.000509178731591, 0.000391817826312, 0.00089188531274, 0.000594745215494, 8.70482253958e-05, 0.000126484272187, 0.000267831957899, 0.000240898865741, 0.000439446215751, 0.000108580759843, 0.000145032303408, 0.00017742216005, 0.000305149587803, 0.000471448467579, 0.000690105371177, 0.000674466369674, 0.000516933214385, 0.000709299056325, 0.000774137675762, 0.000385629740776, 0.000476361950859, 0.000708183797542, 0.000361769023584, 9.64326391113e-05, 0.000100445708085, 0.000204463663977, 6.08556583757e-05, 4.30046093243e-05, 4.06299841416e-05, 5.48234056623e-05, 7.68815807533e-05, 7.05211859895e-05, 8.01430069259e-05, 0.000184303484275, 6.50014189887e-05, 5.93651056988e-05, 4.10852117056e-05, 0.000164873301401, 0.000353099923814, 8.69391587912e-05, 9.58087402978e-05, 7.27340957383e-05, 6.71827801852e-05, 0.000125756138004, 0.000143093275256, 5.36760635441e-05, 7.11060129106e-05, 0.000102472498838, 5.73577126488e-05, 4.59259790659e-05, 5.52327946934e-05, 3.65302948921e-05, 2.7208996471e-05, 4.441467172e-05, 2.22024973482e-05, 5.84913941566e-05, 1.88279464055e-05, 7.74602722231e-06, 1.58202637977e-05, 1.96826276806e-05, 1.62704418472e-05, 9.32446710067e-06, 9.44726980379e-06, 5.76627917326e-06, 5.57993507755e-06, 7.582660146e-06, 6.04228080192e-06, 8.85164718056e-06, 5.09100163981e-06, 3.69998770111e-06, 2.23728397941e-06, 3.60349781658e-06, 2.35077754951e-06, 2.32771571973e-06, 2.1362602638e-06, 1.58939724315e-06, 1.83639087936e-06, 1.2632808648e-06, 1.00443435258e-06, 8.96616143109e-07, 7.37596280942e-07, 9.86618715615e-07, 5.82113329983e-07, 5.21571507761e-07, 6.40060818569e-07, 7.83381722158e-07, 4.21813240337e-07, 4.20560951397e-07, 4.34735170529e-07, 3.18282616263e-07, 3.18652894293e-07, 3.20270913789e-07, 3.03260890178e-07, 1.73119772739e-07, 1.38114145898e-07, 4.02665563115e-08, 1.91169902131e-09, 4.61525088979e-11, 3.5907839202e-11, 2.91143845144e-11, 2.4558062181e-11, 2.21759242913e-11, 1.90433849245e-11, 1.62212934057e-11, 1.51786378605e-11, 1.77271444052e-11, 1.67746840724e-11, 1.6167773717e-11, 8.03880659955e-12, 6.59945492351e-12, 6.4766707622e-12, 5.24156629558e-12, 4.62169582119e-12, 4.1227121543e-12, 3.87521351813e-12, 3.66086111078e-12, 3.59166689445e-12]
    },
    "mfcc": {
        "mean": [-706.686767578, 95.555480957, -69.1083526611, -17.8041286469, -26.4211864471, -6.89319181442, -4.98576831818, 7.41074943542, 3.30142760277, -0.666408419609, -8.94250774384, -10.4632301331, -9.4384355545],
        "cov": [[8031.12402344, -72.3496704102, 764.510131836, 1180.2923584, 316.491851807, 116.651855469, 321.503448486, 303.255126953, 404.109588623, 464.517150879, 160.933700562, 262.791168213, 360.693206787], [-72.3496704102, 525.885009766, 199.03616333, 251.963577271, 140.115081787, 19.2684211731, 23.6530704498, -50.0134429932, -60.6794815063, 30.1810855865, -39.711643219, 4.69677495956, 55.1070365906], [764.510131836, 199.03616333, 704.056518555, 609.272399902, 379.363372803, 194.947189331, 76.0935821533, -47.4749832153, 44.9481010437, 76.9714431763, 86.3149871826, 173.462646484, 201.144012451], [1180.2923584, 251.963577271, 609.272399902, 829.086547852, 442.629364014, 208.27557373, 98.4112472534, -1.40351355076, 64.4858779907, 88.7807006836, 102.301818848, 198.571548462, 229.165359497], [316.491851807, 140.115081787, 379.363372803, 442.629364014, 357.063201904, 146.864425659, 42.1414070129, -25.3477535248, 34.4156112671, 34.3738212585, 64.8142166138, 132.910385132, 143.941101074], [116.651855469, 19.2684211731, 194.947189331, 208.27557373, 146.864425659, 137.249313354, 26.7532920837, -9.86842155457, 20.4682388306, 13.6546001434, 41.2666778564, 68.758354187, 69.0439224243], [321.503448486, 23.6530704498, 76.0935821533, 98.4112472534, 42.1414070129, 26.7532920837, 104.91431427, 29.3373756409, 23.892698288, 54.7288284302, -10.2631826401, 21.5802707672, 68.889289856], [303.255126953, -50.0134429932, -47.4749832153, -1.40351355076, -25.3477535248, -9.86842155457, 29.3373756409, 105.576568604, 51.7026519775, 21.368429184, 19.7675647736, 9.22091388702, -7.69187402725], [404.109588623, -60.6794815063, 44.9481010437, 64.4858779907, 34.4156112671, 20.4682388306, 23.892698288, 51.7026519775, 103.382781982, 56.7579460144, 44.5103416443, 47.8487968445, 34.9601593018], [464.517150879, 30.1810855865, 76.9714431763, 88.7807006836, 34.3738212585, 13.6546001434, 54.7288284302, 21.368429184, 56.7579460144, 125.343521118, 22.1352233887, 31.5854854584, 75.4670791626], [160.933700562, -39.711643219, 86.3149871826, 102.301818848, 64.8142166138, 41.2666778564, -10.2631826401, 19.7675647736, 44.5103416443, 22.1352233887, 106.194580078, 64.5697479248, 14.1826353073], [262.791168213, 4.69677495956, 173.462646484, 198.571548462, 132.910385132, 68.758354187, 21.5802707672, 9.22091388702, 47.8487968445, 31.5854854584, 64.5697479248, 119.593383789, 75.6818618774], [360.693206787, 55.1070365906, 201.144012451, 229.165359497, 143.941101074, 69.0439224243, 68.889289856, -7.69187402725, 34.9601593018, 75.4670791626, 14.1826353073, 75.6818618774, 176.875823975]],
        "icov": [[0.000272280332865, 0.000279524741927, -0.000153476081323, -0.000718226132449, 0.000402624747949, 0.000425693375291, -1.61665502674e-05, -0.00034003550536, -0.00036920234561, -0.000617874029558, 0.000326334295096, 0.000145482787048, 0.000208621670026], [0.000279524741927, 0.00350179173984, -0.000499785703141, -0.00192667439114, -0.000603550637607, 0.00177847512532, 0.000580578518566, -0.000400582706789, 0.00213621463627, -0.00263739447109, 0.00197976035997, 0.000780938309617, 0.00116713996977], [-0.000153476081323, -0.000499785703141, 0.00511987321079, -0.00163499999326, -0.00129694922362, -0.00180881214328, -0.000794909021351, 0.00251503125764, -0.000128615603899, -7.80673508416e-05, -0.000751023180783, -0.00117084407248, -0.000434870569734], [-0.000718226132449, -0.00192667439114, -0.00163499999326, 0.00761320115998, -0.00417188834399, -0.00196500262246, -0.000861828390043, -0.00103220506571, 0.00122060987633, 0.00187234894838, -0.00205493951216, -0.00136148137972, -0.00177955115214], [0.000402624747949, -0.000603550637607, -0.00129694922362, -0.00417188834399, 0.0121269999072, -0.00271568004973, 0.000741404190194, 0.00110788247548, -0.00205413484946, 0.00161931873299, 0.000133021268994, -0.0026128559839, -0.00197990331799], [0.000425693375291, 0.00177847512532, -0.00180881214328, -0.00196500262246, -0.00271568004973, 0.0161830391735, -0.00205513648689, 0.00048657564912, -0.000374275317881, 0.00087624770822, -0.00134093372617, -0.000331107643433, -0.000155465997523], [-1.61665502674e-05, 0.000580578518566, -0.000794909021351, -0.000861828390043, 0.000741404190194, -0.00205513648689, 0.0184346009046, -0.00659510446712, 0.00241489941254, -0.00561973731965, 0.00571380462497, 7.97915126896e-05, -0.00396699318662], [-0.00034003550536, -0.000400582706789, 0.00251503125764, -0.00103220506571, 0.00110788247548, 0.00048657564912, -0.00659510446712, 0.0176279097795, -0.0081767719239, 0.00299022370018, -0.00280400621705, -0.000256746832747, 0.00221421732567], [-0.00036920234561, 0.00213621463627, -0.000128615603899, 0.00122060987633, -0.00205413484946, -0.000374275317881, 0.00241489941254, -0.0081767719239, 0.0233428943902, -0.00819100346416, -0.00173872383311, -0.00481962552294, 0.000256424304098], [-0.000617874029558, -0.00263739447109, -7.80673508416e-05, 0.00187234894838, 0.00161931873299, 0.00087624770822, -0.00561973731965, 0.00299022370018, -0.00819100346416, 0.019113054499, -0.00522333895788, 0.00220901984721, -0.00665873009712], [0.000326334295096, 0.00197976035997, -0.000751023180783, -0.00205493951216, 0.000133021268994, -0.00134093372617, 0.00571380462497, -0.00280400621705, -0.00173872383311, -0.00522333895788, 0.0199296493083, -0.0081977173686, 0.00478396285325], [0.000145482787048, 0.000780938309617, -0.00117084407248, -0.00136148137972, -0.0026128559839, -0.000331107643433, 7.97915126896e-05, -0.000256746832747, -0.00481962552294, 0.00220901984721, -0.0081977173686, 0.0238615293056, -0.00477365218103], [0.000208621670026, 0.00116713996977, -0.000434870569734, -0.00177955115214, -0.00197990331799, -0.000155465997523, -0.00396699318662, 0.00221421732567, 0.000256424304098, -0.00665873009712, 0.00478396285325, -0.00477365218103, 0.0154274068773]]
    },
    "spectral_contrast_coeffs": {
        "max": [-0.514095425606, -0.522079825401, -0.551340639591, -0.643393516541, -0.658377170563, -0.649478673935],
        "mean": [-0.727423787117, -0.758563935757, -0.752705276012, -0.814494073391, -0.793552517891, -0.759580910206],
        "min": [-0.923914849758, -0.926916182041, -0.919464826584, -0.915307939053, -0.902794539928, -0.874880135059],
        "stdev": [0.0655428022146, 0.0810035392642, 0.0719202533364, 0.0553642958403, 0.0481672622263, 0.0387872382998]
    },
    "spectral_contrast_valleys": {
        "max": [-4.83977031708, -5.081138134, -5.18524360657, -5.71933937073, -5.89821815491, -8.66970920563],
        "mean": [-9.1204252243, -7.50410079956, -6.99692058563, -7.3293633461, -7.78043079376, -10.953587532],
        "min": [-11.4142656326, -9.32974624634, -10.3595237732, -10.0476341248, -9.96486377716, -12.7393369675],
        "stdev": [1.43287706375, 0.775070905685, 0.775508999825, 0.64750868082, 0.848921358585, 0.846191227436]
    }
},
"rhythm": {
    "beats_count": 28,
    "beats_loudness": {
        "max": 0.147098109126,
        "mean": 0.019837398082,
        "min": 0.000243577000219,
        "stdev": 0.0292906612158
    },
    "bpm": 133.221084595,
    "bpm_histogram_first_peak_bpm": 133,
    "bpm_histogram_first_peak_weight": 0.33333337307,
    "bpm_histogram_second_peak_bpm": 140,
    "bpm_histogram_second_peak_spread": 0,
    "bpm_histogram_second_peak_weight": 0.222222223878,
    "danceability": 0.805624067783,
    "onset_rate": 3.76194262505,
    "beats_loudness_band_ratio": {
        "max": [0.792602360249, 0.282838404179, 0.717160701752, 0.846554160118, 0.526738166809, 0.177308887243],
        "mean": [0.0665459707379, 0.0409538149834, 0.241234779358, 0.472335070372, 0.179357007146, 0.0398676991463],
        "min": [0.000107357744128, 0.000378037831979, 0.0652126222849, 0.0364465676248, 0.0260985773057, 0.00561322364956],
        "stdev": [0.163046121597, 0.0689662694931, 0.161873012781, 0.220181003213, 0.130321338773, 0.0375821851194]
    },
    "beats_position": [0.429569154978, 0.870748281479, 1.3235373497, 1.75310659409, 2.18267560005, 2.61224484444, 3.04181408882, 3.48299312592, 3.9125623703, 4.34213161469, 4.73687076569, 5.14321994781, 5.54956912994, 6.06040811539, 6.57124710083, 7.0936961174, 7.55809497833, 8.01088428497, 8.46367359161, 8.91646194458, 9.36925125122, 9.82204055786, 10.2748298645, 10.7276191711, 11.1687984467, 11.6099767685, 12.0627660751, 12.5155553818],
