{
"metadata": {
    "version": {
        "essentia": "2.1-beta5",
        "essentia_git_sha": "Undefined",
        "extractor": "music 2.0"
    },
    "audio_properties": {
        "analysis": {
            "equal_loudness": 0,
            "length": 19.9807701111,
            "sample_rate": 44100,
            "start_time": 175.240997314,
            "downmix": "mix"
        },
        "bit_rate": 192000,
        "length": 195.244995117,
        "lossless": 0,
        "number_channels": 2,
        "replay_gain": 4.69940757751,
        "sample_rate": 48000,
        "codec": "mp3",
        "md5_encoded": "09c7a0ef8088c478380c7d97d5236e68"
    },
    "tags": {
        "file_name": "Belarus_Eyes That Never Lie_Petr Elfimov.mp3",
        "encoding": ["Lavf58.29.100"]
    }
},
"lowlevel": {
    "average_loudness": 0.960176587105,
    "barkbands_crest": {
        "max": 21.5514316559,
        "mean": 8.91260147095,
        "min": 2.781665802,
        "stdev": 3.0955915451
    },
    "barkbands_flatness_db": {
        "max": 0.266910225153,
        "mean": 0.152025744319,
        "min": 0.0627100989223,
        "stdev": 0.0415325537324
    },
    "barkbands_kurtosis": {
        "max": 12.2498960495,
        "mean": 1.13174033165,
        "min": -1.57370507717,
        "stdev": 2.08846402168
    },
    "barkbands_skewness": {
        "max": 3.45907878876,
        "mean": 0.707259535789,
        "min": -0.789677381516,
        "stdev": 0.771482348442
    },
    "barkbands_spread": {
        "max": 73.6514587402,
        "mean": 21.5709075928,
        "min": 3.08810186386,
        "stdev": 11.6201505661
    },
    "dissonance": {
        "max": 0.5,
        "mean": 0.474613279104,
        "min": 0.375228345394,
        "stdev": 0.0212749969214
    },
    "dynamic_complexity": 1.80686414242,
    "erbbands_crest": {
        "max": 30.7881450653,
        "mean": 11.3422250748,
        "min": 2.99530935287,
        "stdev": 5.58717012405
    },
    "erbbands_flatness_db": {
        "max": 0.342743247747,
        "mean": 0.212681397796,
        "min": 0.0992266610265,
        "stdev": 0.0532608404756
    },
    "erbbands_kurtosis": {
        "max": 13.7073478699,
        "mean": 1.86820447445,
        "min": -1.40692234039,
        "stdev": 2.19074296951
    },
    "erbbands_skewness": {
        "max": 2.80886435509,
        "mean": 0.701857566833,
        "min": -1.88534426689,
        "stdev": 0.725348830223
    },
    "erbbands_spread": {
        "max": 69.8889389038,
        "mean": 23.0007400513,
        "min": 5.94763898849,
        "stdev": 12.7128582001
    },
    "hfc": {
        "max": 148.062530518,
        "mean": 35.2461357117,
        "min": 0.0672759115696,
        "stdev": 19.3852615356
    },
    "loudness_ebu128": {
        "integrated": -25.9420471191,
        "loudness_range": 2.8952960968,
        "momentary": {
            "max": -24.1264953613,
            "mean": -26.2469520569,
            "min": -31.6020145416,
            "stdev": 1.7838871479
        },
        "short_term": {
            "max": -24.7303848267,
            "mean": -25.9964332581,
            "min": -29.5991382599,
            "stdev": 1.09928834438
        }
    },
    "melbands_crest": {
        "max": 30.9516563416,
        "mean": 11.6725931168,
        "min": 3.07575440407,
        "stdev": 4.20074319839
    },
    "melbands_flatness_db": {
        "max": 0.27964246273,
        "mean": 0.159608379006,
        "min": 0.0351499915123,
        "stdev": 0.0367502421141
    },
    "melbands_kurtosis": {
        "max": 37.562625885,
        "mean": 3.67991256714,
        "min": -1.20000326633,
        "stdev": 4.62087583542
    },
    "melbands_skewness": {
        "max": 5.68176269531,
        "mean": 1.29784762859,
        "min": -0.694457113743,
        "stdev": 1.00003182888
    },
    "melbands_spread": {
        "max": 114.434822083,
        "mean": 29.7148361206,
        "min": 4.62512683868,
        "stdev": 15.3012313843
    },
    "pitch_salience": {
        "max": 0.858287811279,
        "mean": 0.602738678455,
        "min": 0.233687147498,
        "stdev": 0.114476151764
    },
    "silence_rate_20dB": {
        "max": 1,
        "mean": 1,
        "min": 1,
        "stdev": 0
    },
    "silence_rate_30dB": {
        "max": 1,
        "mean": 1,
        "min": 1,
        "stdev": 0
    },
    "silence_rate_60dB": {
        "max": 1,
        "mean": 0.00116009276826,
        "min": 0,
        "stdev": 0.0340403728187
    },
    "spectral_centroid": {
        "max": 3221.01733398,
        "mean": 1592.75683594,
        "min": 691.063171387,
        "stdev": 362.402587891
    },
    "spectral_complexity": {
        "max": 58,
        "mean": 27.0406036377,
        "min": 0,
        "stdev": 7.86601400375
    },
    "spectral_decrease": {
        "max": -1.78002369788e-11,
        "mean": -8.23363954794e-09,
        "min": -2.76297154045e-08,
        "stdev": 4.15271816934e-09
    },
    "spectral_energy": {
        "max": 0.108139067888,
        "mean": 0.0342726074159,
        "min": 7.32843691367e-05,
        "stdev": 0.0168548747897
    },
    "spectral_energyband_high": {
        "max": 0.0165730565786,
        "mean": 0.00117165432312,
        "min": 4.23752317147e-06,
        "stdev": 0.00164333009161
    },
    "spectral_energyband_low": {
        "max": 0.076900139451,
        "mean": 0.00710115581751,
        "min": 1.31428421923e-07,
        "stdev": 0.0096968151629
    },
    "spectral_energyband_middle_high": {
        "max": 0.0614698678255,
        "mean": 0.0166534800082,
        "min": 1.4490522517e-05,
        "stdev": 0.0108597241342
    },
    "spectral_energyband_middle_low": {
        "max": 0.0646736994386,
        "mean": 0.0100694680586,
        "min": 4.27740305895e-05,
        "stdev": 0.00773488730192
    },
    "spectral_entropy": {
        "max": 8.63380241394,
        "mean": 7.72906351089,
        "min": 7.15228223801,
        "stdev": 0.192316636443
    },
    "spectral_flux": {
        "max": 0.246077120304,
        "mean": 0.108100600541,
        "min": 0.0440105572343,
        "stdev": 0.0348336994648
    },
    "spectral_kurtosis": {
        "max": 12.8567428589,
        "mean": 3.70035386086,
        "min": -0.515005350113,
        "stdev": 1.95490813255
    },
    "spectral_rms": {
        "max": 0.010271393694,
        "mean": 0.00558786652982,
        "min": 0.000267389143119,
        "stdev": 0.0014874212211
    },
    "spectral_rolloff": {
        "max": 9646.875,
        "mean": 1636.10021973,
        "min": 86.1328125,
        "stdev": 836.675292969
    },
    "spectral_skewness": {
        "max": 2.52381682396,
        "mean": 1.42160475254,
        "min": 0.506238698959,
        "stdev": 0.304807007313
    },
    "spectral_spread": {
        "max": 19321474,
        "mean": 3892906.75,
        "min": 2380140,
        "stdev": 1010174.375
    },
    "spectral_strongpeak": {
        "max": 10.0246829987,
        "mean": 2.15743732452,
        "min": 0,
        "stdev": 2.26631116867
    },
    "zerocrossingrate": {
        "max": 0.2314453125,
        "mean": 0.0666934400797,
        "min": 0.013671875,
        "stdev": 0.0213328618556
    },
    "barkbands": {
        "max": [0.0292626023293, 0.0703277140856, 0.0229832716286, 0.0173191037029, 0.0446523576975, 0.0192992128432, 0.0411163531244, 0.0335525795817, 0.0475885272026, 0.0435111150146, 0.0422540009022, 0.0212056487799, 0.0308989603072, 0.0260068383068, 0.0127747645602, 0.0164374001324, 0.00445149373263, 0.00390308210626, 0.00356775941327, 0.00524665694684, 0.00607454124838, 0.00911940075457, 0.0078525878489, 0.00726799573749, 0.00505217537284, 1.49658899318e-05, 5.19790000908e-06],
        "mean": [0.00123630615417, 0.00403875252232, 0.00189086969476, 0.00122386147268, 0.00224375445396, 0.000838140549604, 0.000744252989534, 0.0014746976085, 0.00216060993262, 0.00318299583159, 0.00388735439628, 0.00182448490523, 0.00317363720387, 0.00205581472255, 0.000786921067629, 0.000835946935695, 0.000497225555591, 0.000408031133702, 0.000412758410675, 0.000415754213464, 0.000253773323493, 0.000324218563037, 0.000153196408064, 0.000118245618069, 9.08249567146e-05, 1.72989373937e-07, 7.89058152151e-09],
        "min": [8.58395993175e-11, 1.71624510159e-08, 2.44422171392e-08, 5.31435659923e-08, 1.00016552551e-06, 1.27918713133e-06, 1.13577141292e-06, 1.38885047818e-06, 8.53746030316e-07, 7.82712220371e-07, 1.13209830488e-06, 3.0544620131e-06, 1.4090236391e-06, 1.42151463933e-06, 9.58145619734e-07, 1.64292555382e-06, 1.14358522296e-06, 2.11442034015e-06, 6.43495923214e-07, 8.44986516313e-07, 4.7382854973e-07, 1.84574150808e-06, 6.20440403054e-07, 5.18525666848e-07, 1.13988654959e-07, 4.90860740943e-10, 4.25772833657e-10],
        "stdev": [0.00350197800435, 0.00768917100504, 0.00259346095845, 0.00209381850436, 0.00443259673193, 0.00144592614379, 0.00215283548459, 0.00238041114062, 0.00358558748849, 0.00396466813982, 0.00608136644587, 0.00241051591001, 0.00532734114677, 0.00354536250234, 0.00128099718131, 0.00159903813619, 0.000499784189742, 0.000358797522495, 0.000366387859685, 0.000469427119242, 0.000426639278885, 0.000549106276594, 0.000496561871842, 0.000418231269578, 0.000277796556475, 7.67600738527e-07, 1.76898709014e-07]
    },
    "erbbands": {
        "max": [3.37505507469, 10.3272943497, 25.5121765137, 41.0104408264, 81.279548645, 250.572509766, 172.919998169, 135.347335815, 671.576904297, 292.369506836, 887.076293945, 1286.51196289, 1774.12866211, 559.955688477, 2100.19018555, 754.729858398, 1655.27832031, 1359.1809082, 1456.81286621, 394.729522705, 908.541503906, 297.831665039, 181.77885437, 234.750579834, 151.063522339, 253.213439941, 277.892974854, 214.928985596, 420.547851562, 182.175247192, 273.015533447, 136.631958008, 126.828605652, 42.8020324707, 45.822467804, 2.63416314125, 0.0667231678963, 0.00418006023392, 0.000752615334932, 0.000165919089341],
        "mean": [0.138820439577, 0.820767223835, 2.11352491379, 3.29532217979, 5.49056816101, 8.87227630615, 6.03976726532, 7.71124124527, 10.3249540329, 14.8485326767, 40.7663383484, 50.3333816528, 97.6354827881, 85.7742385864, 179.269104004, 78.903755188, 147.365737915, 124.505027771, 57.0934028625, 42.0737838745, 43.4544563293, 27.4526767731, 22.970582962, 21.6529197693, 19.5182781219, 20.1411552429, 10.9806728363, 11.5880851746, 11.5948534012, 8.50595474243, 4.10239505768, 2.64008975029, 1.86517322063, 1.11491322517, 0.599821507931, 0.0378422029316, 0.00102089729626, 8.06421521702e-05, 3.07430200337e-05, 4.4290227379e-05],
        "min": [4.94354651437e-07, 5.2089339988e-06, 4.03963022109e-05, 0.000264201371465, 0.00131302408408, 0.00320072728209, 0.0113367354497, 0.0140984728932, 0.0260355174541, 0.049909375608, 0.0163727346808, 0.0188685376197, 0.0221079904586, 0.0428856760263, 0.0843795463443, 0.0901197120547, 0.0569877438247, 0.0734711140394, 0.0820674821734, 0.0319171100855, 0.116238430142, 0.0664349719882, 0.129459217191, 0.0457445904613, 0.0284497626126, 0.044454511255, 0.0190202388912, 0.0338975004852, 0.0622423179448, 0.0526610501111, 0.0106714274734, 0.0145266624168, 0.00528901582584, 0.00178562069777, 0.000425852776971, 0.000182254254469, 2.14009069168e-05, 3.10451378027e-06, 3.71065061699e-06, 7.67491144416e-07],
        "stdev": [0.340103894472, 1.36291992664, 2.85047006607, 4.48040819168, 8.81466674805, 22.8934078217, 11.3617486954, 13.0476160049, 32.8471031189, 24.0935058594, 65.7983322144, 76.8893814087, 139.326171875, 89.6821594238, 303.981231689, 82.072517395, 248.59677124, 190.09425354, 96.0035629272, 54.9754524231, 78.1110153198, 28.2511405945, 19.6260375977, 19.5439777374, 18.247505188, 22.3901023865, 18.0345230103, 18.5764350891, 21.2821540833, 15.2654857635, 15.781208992, 8.96263504028, 7.17745304108, 3.36038756371, 2.10437297821, 0.135083913803, 0.00336139602587, 0.000236846186453, 3.92103320337e-05, 2.21863174374e-05]
    },
    "gfcc": {
        "mean": [14.3811731339, 89.8539886475, -176.049667358, 30.8549499512, -74.4618148804, 33.9235229492, -28.1427326202, 8.56498813629, -21.7239933014, -8.81616783142, -8.98605060577, -15.1599750519, 0.724788665771],
        "cov": [[2835.15942383, 884.417663574, 1586.38745117, 1228.56469727, 589.579528809, 400.238311768, -122.18371582, -105.553474426, -85.7178344727, 418.372558594, 93.412399292, 161.627212524, -18.2021026611], [884.417663574, 847.079528809, 801.654174805, 661.376525879, 369.826477051, 169.204391479, 113.656639099, -44.5002059937, 61.4711456299, 97.4267578125, 64.4848022461, 15.4055080414, 19.8696689606], [1586.38745117, 801.654174805, 1460.23083496, 1027.81152344, 442.107574463, 254.621932983, -98.5334014893, -74.8296890259, -47.3696594238, 322.58114624, 89.9049682617, 107.365493774, -22.0689067841], [1228.56469727, 661.376525879, 1027.81152344, 895.497253418, 407.671142578, 199.930953979, -23.9854049683, -67.5819244385, 4.16338729858, 207.162963867, 58.1507644653, 74.6487884521, 14.5427942276], [589.579528809, 369.826477051, 442.107574463, 407.671142578, 390.31942749, 233.830963135, 125.366043091, 18.2813148499, -29.2272434235, 83.4600143433, 15.8243732452, 0.415990322828, -19.8131027222], [400.238311768, 169.204391479, 254.621932983, 199.930953979, 233.830963135, 283.34173584, 169.79675293, 26.9628658295, -36.8305282593, 54.8435897827, 27.0489139557, -5.11749839783, -36.4262619019], [-122.18371582, 113.656639099, -98.5334014893, -23.9854049683, 125.366043091, 169.79675293, 286.49621582, 77.8557434082, 28.4491634369, -40.2252616882, 8.62528514862, -50.2814216614, -15.519698143], [-105.553474426, -44.5002059937, -74.8296890259, -67.5819244385, 18.2813148499, 26.9628658295, 77.8557434082, 129.272537231, 50.0139884949, -19.932510376, -20.0303001404, -42.4500846863, 2.15862441063], [-85.7178344727, 61.4711456299, -47.3696594238, 4.16338729858, -29.2272434235, -36.8305282593, 28.4491634369, 50.0139884949, 142.489517212, -23.7280330658, 2.03563117981, -14.1856412888, 31.1120204926], [418.372558594, 97.4267578125, 322.58114624, 207.162963867, 83.4600143433, 54.8435897827, -40.2252616882, -19.932510376, -23.7280330658, 176.736465454, 52.4361305237, 50.0154838562, -24.3888549805], [93.412399292, 64.4848022461, 89.9049682617, 58.1507644653, 15.8243732452, 27.0489139557, 8.62528514862, -20.0303001404, 2.03563117981, 52.4361305237, 68.170539856, 33.3158340454, -4.24327993393], [161.627212524, 15.4055080414, 107.365493774, 74.6487884521, 0.415990322828, -5.11749839783, -50.2814216614, -42.4500846863, -14.1856412888, 50.0154838562, 33.3158340454, 86.8329620361, 23.1320266724], [-18.2021026611, 19.8696689606, -22.0689067841, 14.5427942276, -19.8131027222, -36.4262619019, -15.519698143, 2.15862441063, 31.1120204926, -24.3888549805, -4.24327993393, 23.1320266724, 72.8963165283]],
        "icov": [[0.00161925889552, -0.00216922024265, 0.0015572559787, -0.00181262067053, 0.0015288189752, -0.00363948568702, 0.0031540771015, -0.00189406203572, 0.00117956532631, -0.00234872964211, 0.00210522394627, -0.00172185315751, 0.000532829668373], [-0.00216922024265, 0.0131732169539, -0.0102431802079, 0.00472645414993, -0.00884559284896, 0.0128064183518, -0.0127267949283, 0.0107708750293, -0.00712001975626, 0.00844299793243, -0.00836268439889, 0.00728181796148, -0.00414360547438], [0.0015572559787, -0.0102431802079, 0.0136773306876, -0.00989219453186, 0.00834906101227, -0.0120393624529, 0.0121728200465, -0.0106359487399, 0.00698220264167, -0.00845149718225, 0.00555111421272, -0.00579097634181, 0.00480801146477], [-0.00181262067053, 0.00472645414993, -0.00989219453186, 0.0135437455028, -0.00900041405112, 0.00757702207193, -0.00632620882243, 0.00890834443271, -0.00649277400225, 0.0035186635796, -0.00254634302109, 0.00353427743539, -0.00502981385216], [0.0015288189752, -0.00884559284896, 0.00834906101227, -0.00900041405112, 0.0162469632924, -0.0129804769531, 0.00711908517405, -0.00971891358495, 0.00743743265048, -0.00599768944085, 0.00732250837609, -0.00440389150754, 0.00349184474908], [-0.00363948568702, 0.0128064183518, -0.0120393624529, 0.00757702207193, -0.0129804769531, 0.0265562850982, -0.0199916288257, 0.0105647454038, -0.00476372474805, 0.00951983314008, -0.00984071847051, 0.00604561017826, -0.00165599724278], [0.0031540771015, -0.0127267949283, 0.0121728200465, -0.00632620882243, 0.00711908517405, -0.0199916288257, 0.0235063843429, -0.0132069597021, 0.00527237914503, -0.00728803873062, 0.00459302589297, -0.00497181853279, 0.00370111712255], [-0.00189406203572, 0.0107708750293, -0.0106359487399, 0.00890834443271, -0.00971891358495, 0.0105647454038, -0.0132069597021, 0.023605465889, -0.0113486321643, 0.00391561212018, -0.00261112954468, 0.0103055518121, -0.00654777279124], [0.00117956532631, -0.00712001975626, 0.00698220264167, -0.00649277400225, 0.00743743265048, -0.00476372474805, 0.00527237914503, -0.0113486321643, 0.0157409217209, -0.00370872206986, 0.00115883280523, -0.00243199616671, -0.000375826726668], [-0.00234872964211, 0.00844299793243, -0.00845149718225, 0.0035186635796, -0.00599768944085, 0.00951983314008, -0.00728803873062, 0.00391561212018, -0.00370872206986, 0.0198740698397, -0.0121857170016, 0.000491489714477, 0.00267771794461], [0.00210522394627, -0.00836268439889, 0.00555111421272, -0.00254634302109, 0.00732250837609, -0.00984071847051, 0.00459302589297, -0.00261112954468, 0.00115883280523, -0.0121857170016, 0.0309230107814, -0.0121151572093, 0.00419465498999], [-0.00172185315751, 0.00728181796148, -0.00579097634181, 0.00353427743539, -0.00440389150754, 0.00604561017826, -0.00497181853279, 0.0103055518121, -0.00243199616671, 0.000491489714477, -0.0121151572093, 0.0274165458977, -0.0126155521721], [0.000532829668373, -0.00414360547438, 0.00480801146477, -0.00502981385216, 0.00349184474908, -0.00165599724278, 0.00370111712255, -0.00654777279124, -0.000375826726668, 0.00267771794461, 0.00419465498999, -0.0126155521721, 0.0238468050957]]
    },
    "melbands": {
        "max": [0.0239471998066, 0.0120322927833, 0.00637375749648, 0.0088682603091, 0.0060194763355, 0.0030561296735, 0.00979945901781, 0.0034654547926, 0.00634364644065, 0.00805025454611, 0.00868475437164, 0.00243727955967, 0.00563383754343, 0.00297116115689, 0.00267680222169, 0.00405635777861, 0.00308296224102, 0.00292182527483, 0.000593530829065, 0.00100997544359, 0.00116997712757, 0.000354136805981, 0.000257070321823, 0.00019474302826, 0.000204293857678, 0.00011820007785, 0.000129724954604, 0.000184042408364, 0.000173537744558, 0.000199167843675, 0.000130406013341, 0.000272227596724, 0.000123338162666, 0.000113900787255, 0.000163131495356, 0.000130301865283, 8.19122869871e-05, 9.94331930997e-05, 5.73011166125e-05, 3.77344586013e-05],
        "mean": [0.00120996043552, 0.00108967826236, 0.000639271805994, 0.000519485154655, 0.000254997372394, 0.000169637045474, 0.000156747468282, 0.000184140677447, 0.000345813343301, 0.000318279402563, 0.000491561484523, 0.000326500652591, 0.000546296767425, 0.00030486274045, 0.000232773614698, 0.000310489616822, 0.000231063022511, 9.44116764003e-05, 5.55638871447e-05, 6.00108796789e-05, 4.81859460706e-05, 2.97840106214e-05, 2.19586308958e-05, 1.80199222086e-05, 1.74836586666e-05, 1.53153469e-05, 1.29254649437e-05, 1.38153664011e-05, 7.43466762287e-06, 5.35826848136e-06, 7.16818749424e-06, 6.99845804775e-06, 5.55015685677e-06, 4.1024645725e-06, 2.36625351135e-06, 1.81748555406e-06, 1.52603001879e-06, 1.30715079649e-06, 1.1689224948e-06, 8.52317270983e-07],
        "min": [6.84756429337e-09, 1.82838437723e-08, 1.31825970584e-07, 1.96554324816e-07, 4.72995424161e-07, 2.59922558143e-07, 2.85057268457e-07, 5.16799673278e-07, 1.046974063e-07, 1.27425636265e-07, 1.0337609524e-07, 1.60538860428e-07, 2.03208742278e-07, 4.14556154738e-07, 7.65082575072e-08, 1.74094523686e-07, 1.22892387822e-07, 1.44057338503e-07, 5.31742152532e-08, 4.15912602136e-08, 1.68086060626e-07, 7.24198443436e-08, 7.92833745322e-08, 1.08262334209e-07, 2.94670563505e-08, 2.40097595139e-08, 1.90037638959e-08, 3.23107265388e-08, 1.3316844516e-08, 7.26751236968e-09, 2.47260611985e-08, 3.7776707984e-08, 3.4741713506e-08, 2.51479708169e-08, 5.92018922774e-09, 3.53167162181e-09, 1.12069500346e-08, 3.78594267048e-09, 2.21323825933e-09, 1.15207055007e-09],
        "stdev": [0.00247792433947, 0.0014108272735, 0.000838074833155, 0.00104746501893, 0.000498356705066, 0.000286682799924, 0.000481927738292, 0.000285814196104, 0.000564754125662, 0.000504948431626, 0.000706065096892, 0.000385765946703, 0.000863426772412, 0.00040654145414, 0.000363979197573, 0.00056337955175, 0.000420824508183, 0.000178697315278, 7.14956477168e-05, 0.000105164210254, 8.85065601324e-05, 3.32118797814e-05, 2.03007912205e-05, 1.61555817613e-05, 1.70639777934e-05, 1.62879441632e-05, 1.41783311847e-05, 1.67354628502e-05, 1.26318900584e-05, 1.10159744509e-05, 1.1449741578e-05, 1.34361480377e-05, 9.71368172031e-06, 8.19599063107e-06, 9.63955062616e-06, 6.98348594597e-06, 5.58958845431e-06, 5.41777853869e-06, 3.79798234462e-06, 2.80669451058e-06]
    },
    "melbands128": {
        "max": [0.00896481983364, 0.0310421213508, 0.0313105583191, 0.0142604224384, 0.0141260549426, 0.0102086830884, 0.00945835188031, 0.00962088629603, 0.00946910865605, 0.014018189162, 0.0189749002457, 0.0119045246392, 0.0070503228344, 0.00703760469332, 0.00423945579678, 0.00473393825814, 0.0107654891908, 0.0179333183914, 0.00759728066623, 0.00466390931979, 0.00714750681072, 0.0113470582291, 0.0095315920189, 0.0110668195412, 0.0123486993834, 0.00971294287592, 0.0173280462623, 0.0143125178292, 0.00774369202554, 0.00474037323147, 0.0035566072911, 0.00429541058838, 0.0070561543107, 0.0156171126291, 0.00548150436953, 0.00346049992368, 0.00463968794793, 0.00442659016699, 0.00741066411138, 0.00862092711031, 0.00733988313004, 0.00315015437081, 0.00518268626183, 0.00615367572755, 0.00185282411985, 0.00616943975911, 0.00259978813119, 0.000827241165098, 0.0009516752325, 0.000997112016194, 0.00205664872192, 0.00168214202859, 0.00200406694785, 0.00103239901364, 0.000401345838327, 0.000627067638561, 0.000368869223166, 0.000227137003094, 0.000425555976108, 0.000211755628698, 0.000242391572101, 0.000212471815757, 0.000254521728493, 0.000244297581958, 0.000247573916567, 0.000236790423514, 0.000168592741829, 9.94675283437e-05, 0.000209679856198, 0.000165651013958, 0.000221268128371, 0.000177278285264, 0.000383910635719, 0.000211220467463, 0.00016526451509, 0.00036746848491, 0.00015056214761, 0.000153966379003, 0.000148586041178, 0.000224845396588, 0.000323459302308, 0.000358813413186, 0.000191240003915, 0.000109805034299, 0.000175693974597, 9.76480805548e-05, 0.000142452787259, 0.000118185198517, 0.000150237392518, 0.000259687949438, 0.000197250308702, 7.29499370209e-05, 9.6933246823e-05, 9.52987174969e-05, 8.71561132954e-05, 6.79247677908e-05, 0.000146717167809, 9.66216393863e-05, 5.4962511058e-05, 5.65701375308e-05, 3.54187141056e-05, 4.40352268924e-05, 5.17923363077e-05, 6.82114914525e-05, 7.94144580141e-05, 4.48544269602e-05, 1.0908409422e-05, 5.12512201567e-07, 3.22237063699e-08, 3.1186893068e-08, 3.01506588585e-08, 2.90199224651e-08, 2.80529111052e-08, 2.7169583916e-08, 2.64899924218e-08, 2.56568011281e-08, 2.47792204533e-08, 2.42435440612e-08, 2.36089707784e-08, 2.30593855122e-08, 2.24173604124e-08, 2.20547118346e-08, 2.16067448378e-08, 2.11366089076e-08, 2.10017496727e-08, 2.06778221212e-08, 2.04448404872e-08, 2.03514876063e-08],
        "mean": [0.000586008478422, 0.00119449594058, 0.00142685999162, 0.00133398268372, 0.00113796093501, 0.000891742878594, 0.000645964755677, 0.00062719284324, 0.000521919573657, 0.000528383883648, 0.000552162877284, 0.000311972253257, 0.000182041883818, 0.000159397706739, 0.000187413024832, 0.000161560252309, 0.000158631868544, 0.000167545615113, 0.000138947201776, 0.000143757861224, 0.000195139844436, 0.000324152118992, 0.000406402454246, 0.000322345644236, 0.000289501185762, 0.000322495354339, 0.000353354116669, 0.000653048744425, 0.000454103923403, 0.000321796222124, 0.000301377294818, 0.000286515074549, 0.000496924389154, 0.000936727563385, 0.000321832456393, 0.000150925479829, 0.000151391272084, 0.000161334610311, 0.000346505403286, 0.000401659548515, 0.00032707041828, 0.000128363608383, 0.000273627752904, 0.000279711704934, 8.70249714353e-05, 8.3705461293e-05, 6.46388507448e-05, 5.49597134523e-05, 5.01503673149e-05, 5.26809017174e-05, 7.02112229192e-05, 5.56154627702e-05, 5.41657027497e-05, 4.27350387326e-05, 3.86371866625e-05, 2.93450993922e-05, 2.17017004616e-05, 2.00738450076e-05, 2.31075628108e-05, 2.42796959355e-05, 1.49959387272e-05, 1.50367150127e-05, 2.06331387744e-05, 1.59699557116e-05, 1.73593816726e-05, 1.59347273438e-05, 1.38584573506e-05, 1.23432528198e-05, 1.2255677575e-05, 1.47440478031e-05, 1.39183966894e-05, 1.43771931107e-05, 9.98498398985e-06, 5.63618596061e-06, 4.87160195917e-06, 5.55565793547e-06, 4.81640108774e-06, 7.07795697963e-06, 7.91021921032e-06, 6.62899537929e-06, 7.77381501393e-06, 7.37471236789e-06, 4.76538116345e-06, 4.86967201141e-06, 7.13170311428e-06, 4.69108090329e-06, 3.09586266667e-06, 2.59473927144e-06, 2.20949118557e-06, 2.44775674219e-06, 1.83600946002e-06, 1.68340216078e-06, 1.67524603967e-06, 1.56162218445e-06, 1.46106765442e-06, 1.16158730634e-06, 1.43385398133e-06, 1.23245206396e-06, 1.2230534594e-06, 1.14236206628e-06, 8.79024184997e-07, 8.17521652152e-07, 7.82610015904e-07, 8.20267757717e-07, 8.89666864623e-07, 6.65932702759e-07, 1.52069205228e-07, 7.42139283361e-09, 6.69826555333e-11, 5.34369874738e-11, 5.35572454441e-11, 4.73989979211e-11, 5.00586308516e-11, 5.45904987881e-11, 5.01578015233e-11, 4.45194332788e-11, 3.91361665297e-11, 3.68805229412e-11, 3.59689361629e-11, 3.50735239463e-11, 3.41045629237e-11, 3.35278194097e-11, 3.30019622741e-11, 3.22479196124e-11, 3.13204219504e-11, 2.96868293836e-11, 2.87347680372e-11, 2.85104110459e-11],
        "min": [1.32250211216e-12, 2.28410707015e-10, 2.01122496435e-09, 3.67660657474e-09, 3.03805158808e-09, 1.34341640035e-08, 1.66930949064e-08, 3.5925488362e-08, 7.24998869828e-08, 8.83318378442e-08, 6.08822858794e-08, 7.74321264885e-08, 7.94416763483e-08, 1.97322179929e-07, 4.20291002001e-08, 8.15613603322e-08, 1.61761363415e-07, 5.46733041062e-08, 2.11593942367e-07, 2.31002587725e-07, 5.04211243424e-07, 1.3923879294e-07, 3.11921191098e-08, 8.26018933253e-08, 1.14737112256e-07, 1.55330241114e-07, 1.41452218827e-07, 1.14224363301e-07, 3.9656615769e-08, 1.1669121136e-07, 2.47775545859e-07, 1.67618836144e-07, 6.44413375994e-08, 2.85081085849e-07, 6.43177145321e-07, 4.36989438413e-07, 8.73819203662e-08, 6.4847014869e-08, 3.86575074174e-08, 1.21765296512e-07, 2.31781726256e-07, 2.17672024405e-07, 1.13403274327e-07, 5.56300818744e-08, 1.55458650397e-07, 1.76512699568e-07, 1.20690302197e-07, 5.33235287037e-08, 1.61241260344e-08, 4.33845848136e-08, 2.12274890998e-08, 6.2347481844e-08, 1.68699656911e-07, 2.32763881058e-07, 1.29459891696e-07, 5.10873121584e-08, 2.82000041096e-08, 2.33850290243e-08, 9.23317173829e-08, 2.04457009545e-07, 1.14708242904e-07, 4.93486957964e-08, 1.47990455446e-08, 3.53310163348e-08, 2.85023187274e-08, 2.99049887076e-08, 1.32958506427e-08, 1.81077837169e-08, 1.25942980489e-08, 2.92224662246e-08, 5.05191835032e-08, 1.67030300702e-08, 2.48968774486e-08, 9.82157288831e-09, 6.75893030433e-09, 3.80625619911e-09, 7.28842541875e-09, 1.68990546001e-08, 2.44376430203e-08, 3.30083480549e-08, 5.08797874943e-08, 2.53983269971e-08, 3.95595165514e-08, 2.88778281288e-08, 3.87758163356e-08, 4.24406287891e-08, 1.0358207625e-08, 1.42310110363e-08, 4.00419786217e-09, 2.7718600748e-09, 1.07399555915e-09, 3.96678556669e-09, 5.99746119434e-09, 1.8975409688e-08, 8.06141464693e-09, 3.6429503858e-09, 4.10149736396e-09, 1.55268586877e-09, 2.10083128671e-09, 2.97157076723e-09, 1.32606503556e-09, 7.77020114917e-10, 7.57104490212e-10, 8.26094692652e-10, 2.55440474328e-10, 2.88622847844e-10, 3.29057892046e-10, 4.00091288225e-12, 1.3244049954e-12, 9.17886860269e-13, 1.44397764145e-12, 1.41309240784e-12, 1.09085960751e-12, 1.21915227479e-12, 1.38702254977e-12, 1.40264221678e-12, 1.08555276313e-12, 1.23547829953e-12, 1.33956290071e-12, 1.38746512109e-12, 1.26881491425e-12, 1.24265040532e-12, 1.51256535508e-12, 1.45766948859e-12, 8.73759615008e-13, 3.97578156378e-13, 5.29274296916e-14, 1.43082128939e-15],
        "stdev": [0.00130969181191, 0.00315972510725, 0.00320305465721, 0.00216504745185, 0.0016805898631, 0.0012320325477, 0.000966908759438, 0.00116290850565, 0.000942857470363, 0.001273896778, 0.00168859388214, 0.000750874867663, 0.000406344159273, 0.000403696583817, 0.000379132514354, 0.000319745653542, 0.000540704815648, 0.000773170322645, 0.00040346631431, 0.000319094047882, 0.000405849830713, 0.000715316971764, 0.000788680859841, 0.000903028005268, 0.000577217841055, 0.000710435560904, 0.00075701973401, 0.00118212902453, 0.000736528425477, 0.000522403104696, 0.000426933838753, 0.000472815911053, 0.00090904062381, 0.00207814271562, 0.000570256263018, 0.000247703952482, 0.000355658354238, 0.000353297480615, 0.000832747435197, 0.000996211427264, 0.000823840964586, 0.000300333282212, 0.000632103008684, 0.000635794887785, 0.000170691651874, 0.000308350397972, 0.000195990287466, 8.13504302641e-05, 8.06120588095e-05, 9.73989008344e-05, 0.000155845991685, 0.000122967830976, 0.000147471480886, 8.02481881692e-05, 4.89948579343e-05, 5.05159368913e-05, 2.84254983853e-05, 2.60713513853e-05, 2.87441271212e-05, 2.76359623967e-05, 1.95194024855e-05, 1.87351852219e-05, 2.70074597211e-05, 1.90054870473e-05, 2.21505415539e-05, 2.49281129072e-05, 1.83500287676e-05, 1.43908728205e-05, 1.95778266061e-05, 2.09656082006e-05, 2.0850020519e-05, 1.90788614418e-05, 2.09658173844e-05, 1.20489239634e-05, 9.79760443443e-06, 1.54916760948e-05, 1.11709196062e-05, 1.44309778989e-05, 1.33691428346e-05, 1.27980538309e-05, 1.58818947966e-05, 1.66941390489e-05, 1.06461538962e-05, 9.70079599938e-06, 1.32899731398e-05, 9.79940978141e-06, 8.06728530733e-06, 7.93845356384e-06, 9.05534216145e-06, 1.41609189086e-05, 8.46877901495e-06, 5.54293501409e-06, 6.06120147495e-06, 6.39443624095e-06, 5.97197276875e-06, 3.97646908823e-06, 7.65007644077e-06, 5.14062912771e-06, 3.81817244488e-06, 3.7748422983e-06, 2.95730887956e-06, 3.17058538712e-06, 2.92647223432e-06, 2.9893158171e-06, 3.56141094926e-06, 2.36475102611e-06, 6.60955038256e-07, 2.95284134921e-08, 1.12829601218e-09, 1.06674336031e-09, 1.04712316595e-09, 9.89048509759e-10, 9.57691037584e-10, 9.33564781036e-10, 9.05638064541e-10, 8.74533834239e-10, 8.43406899875e-10, 8.25071677646e-10, 8.03473565458e-10, 7.84770082252e-10, 7.6292056006e-10, 7.5057937643e-10, 7.35328520296e-10, 7.19330373045e-10, 7.14762637966e-10, 7.03779368116e-10, 6.95871360534e-10, 6.9269739944e-10]
    },
    "mfcc": {
        "mean": [-601.474304199, 102.1275177, -33.9023971558, -1.76547503471, -13.6239318848, 9.67131900787, 6.96614837646, 9.84165000916, 3.36101293564, 1.64223742485, 1.63663268089, -4.59112358093, -2.73561096191],
        "cov": [[2081.18115234, 394.065917969, 1019.05285645, 812.901550293, 633.549987793, 522.7109375, 179.244308472, -118.225784302, 12.4849357605, -36.2853088379, 112.34752655, 120.631271362, 202.375366211], [394.065917969, 457.123535156, 393.063140869, 364.903869629, 228.842300415, 224.197967529, 132.131317139, 32.8738365173, 40.9825744629, 34.3039321899, 58.9171218872, 46.0667381287, 56.6491241455], [1019.05285645, 393.063140869, 1118.8425293, 762.973266602, 519.380310059, 386.867645264, 93.4192047119, -132.971603394, -25.9511070251, -20.5855789185, 76.2001647949, 159.80821228, 135.904251099], [812.901550293, 364.903869629, 762.973266602, 744.135742188, 455.84085083, 339.009460449, 93.263168335, -82.0389328003, 18.699836731, -10.6127338409, 59.3978691101, 99.957824707, 120.976112366], [633.549987793, 228.842300415, 519.380310059, 455.84085083, 409.555786133, 247.926544189, 103.175086975, -35.7900619507, 28.1467914581, 6.17179775238, 35.0932159424, 66.5411376953, 71.8804702759], [522.7109375, 224.197967529, 386.867645264, 339.009460449, 247.926544189, 368.472991943, 207.898086548, 24.2910747528, 8.79931735992, -6.36611413956, 92.7498855591, 59.4761009216, 74.350112915], [179.244308472, 132.131317139, 93.4192047119, 93.263168335, 103.175086975, 207.898086548, 291.141876221, 87.7782287598, 52.1201019287, 34.0940628052, 81.9372024536, 32.6177330017, 10.4521722794], [-118.225784302, 32.8738365173, -132.971603394, -82.0389328003, -35.7900619507, 24.2910747528, 87.7782287598, 160.760818481, 75.1903152466, 61.3296165466, 12.5499410629, -28.6391944885, -14.9325819016], [12.4849357605, 40.9825744629, -25.9511070251, 18.699836731, 28.1467914581, 8.79931735992, 52.1201019287, 75.1903152466, 135.128448486, 63.6452445984, 7.48659467697, -7.86749219894, 5.42709875107], [-36.2853088379, 34.3039321899, -20.5855789185, -10.6127338409, 6.17179775238, -6.36611413956, 34.0940628052, 61.3296165466, 63.6452445984, 115.313972473, 22.8971748352, 16.770652771, -18.9228630066], [112.34752655, 58.9171218872, 76.2001647949, 59.3978691101, 35.0932159424, 92.7498855591, 81.9372024536, 12.5499410629, 7.48659467697, 22.8971748352, 101.181030273, 41.7154884338, 14.6369743347], [120.631271362, 46.0667381287, 159.80821228, 99.957824707, 66.5411376953, 59.4761009216, 32.6177330017, -28.6391944885, -7.86749219894, 16.770652771, 41.7154884338, 94.7850952148, 24.7537002563], [202.375366211, 56.6491241455, 135.904251099, 120.976112366, 71.8804702759, 74.350112915, 10.4521722794, -14.9325819016, 5.42709875107, -18.9228630066, 14.6369743347, 24.7537002563, 90.9582672119]],
        "icov": [[0.00117597950157, 0.000105713494122, -0.000438845658209, 0.000165345772984, -0.000951545953285, -0.000670330889989, 6.97343130014e-05, 0.000643060717266, -0.000220648973482, -0.000134220565087, -0.000437833368778, 0.000733910128474, -0.000993094174191], [0.000105713494122, 0.00443748943508, -0.000705939077307, -0.00195502722636, 0.000465953518869, -0.000102864003566, -0.000794434396084, -0.00149615725968, 0.000305525638396, -0.000831623619888, -0.000457363086753, 0.000933502800763, -0.000154059336637], [-0.000438845658209, -0.000705939077307, 0.00422452483326, -0.00206448789686, -0.0012475856347, -0.000847037124913, 0.000705980171915, 0.000888970447704, 0.000742752919905, -0.00010074632155, 0.000561647699215, -0.00283291609958, 0.000208250741707], [0.000165345772984, -0.00195502722636, -0.00206448789686, 0.00797787867486, -0.00388385052793, -0.0023769501131, 0.00164184218738, 0.00221511232667, -0.00180451094639, 0.000136798829772, -9.53529015533e-05, 0.000373434158973, -0.00143935985398], [-0.000951545953285, 0.000465953518869, -0.0012475856347, -0.00388385052793, 0.0102435573936, -0.00110464147292, -0.00133134389762, 0.000115525697765, -0.00115120899864, -0.000940085621551, 0.00276231672615, -0.000319188082358, 0.00135189155117], [-0.000670330889989, -0.000102864003566, -0.000847037124913, -0.0023769501131, -0.00110464147292, 0.0120993107557, -0.00547165423632, -0.00348737509921, 0.00310579081997, 0.00214986293577, -0.0038001537323, 0.00102275679819, -0.00238329311833], [6.97343130014e-05, -0.000794434396084, 0.000705980171915, 0.00164184218738, -0.00133134389762, -0.00547165423632, 0.00907990708947, -0.00216899323277, -0.0021424756851, 0.00113114994019, -0.00233605829999, -0.0020447934512, 0.00252187578008], [0.000643060717266, -0.00149615725968, 0.000888970447704, 0.00221511232667, 0.000115525697765, -0.00348737509921, -0.00216899323277, 0.0151062784716, -0.00448616314679, -0.00514398002997, 0.00135706178844, 0.00378090376034, -0.00133458652999], [-0.000220648973482, 0.000305525638396, 0.000742752919905, -0.00180451094639, -0.00115120899864, 0.00310579081997, -0.0021424756851, -0.00448616314679, 0.0138226803392, -0.00538294902071, 0.000310242496198, 0.0017721876502, -0.00300516281277], [-0.000134220565087, -0.000831623619888, -0.00010074632155, 0.000136798829772, -0.000940085621551, 0.00214986293577, 0.00113114994019, -0.00514398002997, -0.00538294902071, 0.0165257956833, -0.00314369285479, -0.00518732517958, 0.00447304407135], [-0.000437833368778, -0.000457363086753, 0.000561647699215, -9.53529015533e-05, 0.00276231672615, -0.0038001537323, -0.00233605829999, 0.00135706178844, 0.000310242496198, -0.00314369285479, 0.0174827370793, -0.00551359774545, -2.41454072238e-05], [0.000733910128474, 0.000933502800763, -0.00283291609958, 0.000373434158973, -0.000319188082358, 0.00102275679819, -0.0020447934512, 0.00378090376034, 0.0017721876502, -0.00518732517958, -0.00551359774545, 0.0194569341838, -0.00379901495762], [-0.000993094174191, -0.000154059336637, 0.000208250741707, -0.00143935985398, 0.00135189155117, -0.00238329311833, 0.00252187578008, -0.00133458652999, -0.00300516281277, 0.00447304407135, -2.41454072238e-05, -0.00379901495762, 0.0174213070422]]
    },
    "spectral_contrast_coeffs": {
        "max": [-0.429813146591, -0.469758361578, -0.538442671299, -0.591471195221, -0.694309532642, -0.616894006729],
        "mean": [-0.721321642399, -0.749366939068, -0.749670386314, -0.772057414055, -0.786302387714, -0.738618969917],
        "min": [-0.881164193153, -0.906743347645, -0.906030893326, -0.906358957291, -0.890030682087, -0.862853884697],
        "stdev": [0.0690484791994, 0.0860933661461, 0.0737265497446, 0.0642342045903, 0.0272255577147, 0.0355582907796]
    },
    "spectral_contrast_valleys": {
        "max": [-5.18672990799, -4.8685541153, -4.82201814651, -5.46582460403, -5.63763523102, -7.58289194107],
        "mean": [-7.22991991043, -6.60566520691, -6.35759019852, -6.78676176071, -7.00292873383, -9.86488342285],
        "min": [-11.0521221161, -9.34210586548, -9.20679187775, -9.33776283264, -9.39154243469, -11.4363021851],
        "stdev": [1.45496022701, 0.69461029768, 0.517418861389, 0.374515503645, 0.352903336287, 0.523012936115]
    }
},
"rhythm": {
    "beats_count": 40,
    "beats_loudness": {
        "max": 0.0924655273557,
        "mean": 0.0362607017159,
        "min": 0.00560165708885,
        "stdev": 0.017930381
    },
    "bpm": 138.27456665,
    "bpm_histogram_first_peak_bpm": 140,
    "bpm_histogram_first_peak_weight": 0.38095241785,
    "bpm_histogram_second_peak_bpm": 103,
    "bpm_histogram_second_peak_spread": 0.181818187237,
    "bpm_histogram_second_peak_weight": 0.230769231915,
    "danceability": 0.894491195679,
    "onset_rate": 1.0504001379,
    "beats_loudness_band_ratio": {
        "max": [0.771950185299, 0.487118899822, 0.596412479877, 0.76998257637, 0.336346179247, 0.490205168724],
        "mean": [0.254781514406, 0.0792187899351, 0.16210539639, 0.3808850348, 0.107080601156, 0.0571560971439],
        "min": [0.000104428727354, 0.00028408045182, 0.0217026080936, 0.012228211388, 0.0210396423936, 0.00989695172757],
        "stdev": [0.224890515208, 0.119230680168, 0.119272999465, 0.225080758333, 0.0800600573421, 0.0738692432642]
    },
    "beats_position": [0.406349211931, 0.835918366909, 1.26548755169, 1.69505667686, 2.12462592125, 2.56580495834, 3.00698399544, 3.43655323982, 3.86612248421, 4.3073015213, 4.74848079681, 5.17804956436, 5.60761880875, 6.03718805313, 6.47836732864, 6.90793657303, 7.33750534058, 7.77868461609, 8.20825386047, 8.63782310486, 9.07900238037, 9.53179073334, 9.97297000885, 10.5186395645, 11.0643081665, 11.6099767685, 12.1556463242, 12.7013149261, 13.2469835281, 13.8274831772, 14.4195919037, 15.0000905991, 15.5805892944, 16.1610889435, 16.7415866852, 17.3220863342, 17.9025840759, 18.4714736938, 19.0519733429, 19.6324710846],
