{
"metadata": {
    "version": {
        "essentia": "2.1-beta5",
        "essentia_git_sha": "Undefined",
        "extractor": "music 2.0"
    },
    "audio_properties": {
        "analysis": {
            "equal_loudness": 0,
            "length": 48.7502937317,
            "sample_rate": 44100,
            "start_time": 29.0017242432,
            "downmix": "mix"
        },
        "bit_rate": 192000,
        "length": 193.886627197,
        "lossless": 0,
        "number_channels": 2,
        "replay_gain": -8.96686172485,
        "sample_rate": 48000,
        "codec": "mp3",
        "md5_encoded": "b709737a474525535d1e25b4580924d4"
    },
    "tags": {
        "file_name": "Iceland_Is It True_Yohanna.mp3",
        "encoding": ["Lavf58.29.100"]
    }
},
"lowlevel": {
    "average_loudness": 0.922883093357,
    "barkbands_crest": {
        "max": 22.9896259308,
        "mean": 10.2059984207,
        "min": 2.47223162651,
        "stdev": 3.49040722847
    },
    "barkbands_flatness_db": {
        "max": 0.229298591614,
        "mean": 0.122473970056,
        "min": 0.0203077252954,
        "stdev": 0.0305931773037
    },
    "barkbands_kurtosis": {
        "max": 61.1282119751,
        "mean": 3.20261454582,
        "min": -1.86197042465,
        "stdev": 4.29228448868
    },
    "barkbands_skewness": {
        "max": 6.80845594406,
        "mean": 1.31143677235,
        "min": -1.36603140831,
        "stdev": 1.0358440876
    },
    "barkbands_spread": {
        "max": 94.3843460083,
        "mean": 21.4639587402,
        "min": 3.49169063568,
        "stdev": 11.5474805832
    },
    "dissonance": {
        "max": 0.499972224236,
        "mean": 0.456856518984,
        "min": 0.307032763958,
        "stdev": 0.0284456517547
    },
    "dynamic_complexity": 2.57199549675,
    "erbbands_crest": {
        "max": 27.2579574585,
        "mean": 10.774928093,
        "min": 2.49832725525,
        "stdev": 4.81679534912
    },
    "erbbands_flatness_db": {
        "max": 0.285990089178,
        "mean": 0.148316681385,
        "min": 0.0464813783765,
        "stdev": 0.0429064147174
    },
    "erbbands_kurtosis": {
        "max": 19.4686126709,
        "mean": 1.15247011185,
        "min": -1.70620644093,
        "stdev": 2.25263524055
    },
    "erbbands_skewness": {
        "max": 3.60555243492,
        "mean": 0.618470132351,
        "min": -1.92461919785,
        "stdev": 0.696753263474
    },
    "erbbands_spread": {
        "max": 118.736816406,
        "mean": 35.465927124,
        "min": 4.54657268524,
        "stdev": 19.2255058289
    },
    "hfc": {
        "max": 98.5657272339,
        "mean": 23.7317123413,
        "min": 0.44146168232,
        "stdev": 18.4657344818
    },
    "loudness_ebu128": {
        "integrated": -14.1352891922,
        "loudness_range": 3.96026039124,
        "momentary": {
            "max": -9.9974603653,
            "mean": -14.6964941025,
            "min": -21.823015213,
            "stdev": 2.30317831039
        },
        "short_term": {
            "max": -11.6696109772,
            "mean": -14.3035945892,
            "min": -18.9811477661,
            "stdev": 1.57649183273
        }
    },
    "melbands_crest": {
        "max": 31.7967014313,
        "mean": 13.9013328552,
        "min": 4.70526409149,
        "stdev": 4.87568950653
    },
    "melbands_flatness_db": {
        "max": 0.350085586309,
        "mean": 0.193712100387,
        "min": 0.0592141076922,
        "stdev": 0.0393505655229
    },
    "melbands_kurtosis": {
        "max": 113.354972839,
        "mean": 9.52897357941,
        "min": -1.57268381119,
        "stdev": 11.5311145782
    },
    "melbands_skewness": {
        "max": 9.23943901062,
        "mean": 2.12454819679,
        "min": -0.609357237816,
        "stdev": 1.42735946178
    },
    "melbands_spread": {
        "max": 139.015213013,
        "mean": 23.1694793701,
        "min": 2.05420327187,
        "stdev": 14.2728567123
    },
    "pitch_salience": {
        "max": 0.808826506138,
        "mean": 0.522357404232,
        "min": 0.237551510334,
        "stdev": 0.0941435098648
    },
    "silence_rate_20dB": {
        "max": 1,
        "mean": 1,
        "min": 1,
        "stdev": 0
    },
    "silence_rate_30dB": {
        "max": 1,
        "mean": 1,
        "min": 1,
        "stdev": 0
    },
    "silence_rate_60dB": {
        "max": 1,
        "mean": 0.00285578286275,
        "min": 0,
        "stdev": 0.0533627420664
    },
    "spectral_centroid": {
        "max": 3221.09765625,
        "mean": 1184.77478027,
        "min": 465.436523438,
        "stdev": 483.998199463
    },
    "spectral_complexity": {
        "max": 41,
        "mean": 17.2870063782,
        "min": 0,
        "stdev": 5.16209316254
    },
    "spectral_decrease": {
        "max": -8.97632732033e-11,
        "mean": -7.7682180688e-09,
        "min": -2.90719111007e-08,
        "stdev": 4.66342031658e-09
    },
    "spectral_energy": {
        "max": 0.116905257106,
        "mean": 0.0314716026187,
        "min": 0.00037882925244,
        "stdev": 0.0188546497375
    },
    "spectral_energyband_high": {
        "max": 0.00976793374866,
        "mean": 0.000821571506094,
        "min": 1.36663184094e-05,
        "stdev": 0.000998569419608
    },
    "spectral_energyband_low": {
        "max": 0.0659888833761,
        "mean": 0.00928103271872,
        "min": 2.6795805752e-05,
        "stdev": 0.00904438365251
    },
    "spectral_energyband_middle_high": {
        "max": 0.0681971758604,
        "mean": 0.00814180541784,
        "min": 3.89670931327e-05,
        "stdev": 0.0110109159723
    },
    "spectral_energyband_middle_low": {
        "max": 0.10153157264,
        "mean": 0.0142681766301,
        "min": 0.000185479482752,
        "stdev": 0.010950576514
    },
    "spectral_entropy": {
        "max": 8.77502441406,
        "mean": 7.52601242065,
        "min": 6.64785146713,
        "stdev": 0.351761341095
    },
    "spectral_flux": {
        "max": 0.237595617771,
        "mean": 0.0797278136015,
        "min": 0.0180760193616,
        "stdev": 0.0397323742509
    },
    "spectral_kurtosis": {
        "max": 14.2247180939,
        "mean": 4.2105755806,
        "min": -1.0470443964,
        "stdev": 1.95711672306
    },
    "spectral_rms": {
        "max": 0.010679602623,
        "mean": 0.00527353724465,
        "min": 0.00060793873854,
        "stdev": 0.00170112657361
    },
    "spectral_rolloff": {
        "max": 10508.203125,
        "mean": 1259.04443359,
        "min": 86.1328125,
        "stdev": 1149.37243652
    },
    "spectral_skewness": {
        "max": 2.94513678551,
        "mean": 1.6980907917,
        "min": 0.13526327908,
        "stdev": 0.368954539299
    },
    "spectral_spread": {
        "max": 18490506,
        "mean": 5242724.5,
        "min": 3025946,
        "stdev": 1432639.625
    },
    "spectral_strongpeak": {
        "max": 13.4535560608,
        "mean": 1.69000947475,
        "min": 0,
        "stdev": 2.15431165695
    },
    "zerocrossingrate": {
        "max": 0.2861328125,
        "mean": 0.0566671192646,
        "min": 0.0107421875,
        "stdev": 0.0266582537442
    },
    "barkbands": {
        "max": [0.00710393302143, 0.0628900527954, 0.0206651557237, 0.0429577156901, 0.0330934673548, 0.0299289673567, 0.0242962911725, 0.013148970902, 0.0944060459733, 0.0616679750383, 0.0351624079049, 0.0151985762641, 0.0452510565519, 0.0196007825434, 0.0174054242671, 0.0143344858661, 0.0228594932705, 0.00729134585708, 0.00181685155258, 0.00354605074972, 0.00612310459837, 0.00196321075782, 0.00233216863126, 0.00361606222577, 0.00364605337381, 0.000649488531053, 0.000188420483028],
        "mean": [0.000478813628433, 0.00731176091358, 0.00102134002373, 0.000977689749561, 0.0027223683428, 0.00376589084044, 0.00186967104673, 0.000822022615466, 0.00297914305702, 0.00189667521045, 0.00179264508188, 0.000883715460077, 0.00119310012087, 0.000558797211852, 0.000804077775683, 0.00047847640235, 0.000643761304673, 0.000249829638051, 0.000149646177306, 0.000184896969586, 0.000289188436, 6.34087991784e-05, 9.49510795181e-05, 0.000117074916488, 8.82769891177e-05, 2.72997822321e-05, 7.09206187821e-06],
        "min": [1.69950311601e-08, 7.96587187324e-07, 6.7221418476e-07, 5.09875917487e-07, 1.98278921744e-05, 2.79935502476e-05, 7.75825719757e-06, 1.11130584628e-05, 6.43876319373e-06, 5.0932603699e-06, 2.35745824284e-06, 3.064907105e-06, 3.9204105633e-06, 1.58497641678e-06, 2.04090406442e-06, 2.51389269579e-06, 5.52944584342e-06, 1.11265819669e-06, 6.71843508826e-07, 1.60801675975e-06, 2.61214313468e-06, 8.0888668208e-07, 1.52504958351e-06, 1.85219346349e-06, 5.28744806161e-07, 7.83012268357e-08, 3.11661335628e-10],
        "stdev": [0.000801867106929, 0.00787392724305, 0.00151006237138, 0.00211106101051, 0.00290859257802, 0.00456723244861, 0.00317612942308, 0.00113707198761, 0.00676835794002, 0.00449106283486, 0.00450907461345, 0.00191265030298, 0.00450129527599, 0.00170216034167, 0.00199294299819, 0.00118276884314, 0.00173069816083, 0.000541994930245, 0.000198587149498, 0.00028756307438, 0.00055618933402, 0.000115220682346, 0.000144950128742, 0.00020302766643, 0.000183829426533, 4.61273812107e-05, 1.38564901135e-05]
    },
    "erbbands": {
        "max": [2.9823114872, 12.1287240982, 16.2510967255, 76.055229187, 181.555862427, 119.036811829, 303.226318359, 361.341888428, 541.031433105, 377.513031006, 516.184509277, 1886.22680664, 2495.16064453, 1091.33215332, 931.521972656, 780.399353027, 2351.68652344, 1102.16455078, 593.215026855, 611.636169434, 932.33215332, 710.948364258, 524.2265625, 132.41708374, 53.8010749817, 89.7833404541, 316.951873779, 90.1648330688, 64.1581954956, 59.9111213684, 63.9746513367, 77.0552749634, 56.9649276733, 50.4631233215, 21.2659263611, 4.76175880432, 0.931264162064, 0.252543032169, 0.0277646444738, 0.000767228484619],
        "mean": [0.282920658588, 1.35145306587, 1.25293457508, 2.57859921455, 5.29735183716, 10.3109283447, 20.9472923279, 28.7512722015, 34.3392868042, 15.3849592209, 27.3429374695, 71.2569274902, 79.2124099731, 67.6334838867, 37.7156639099, 41.5676269531, 55.3259963989, 42.6917572021, 28.0629043579, 37.0070266724, 31.54454422, 32.5872116089, 15.7278804779, 10.8877229691, 5.02300453186, 8.04702472687, 15.3252534866, 7.37037754059, 2.55389475822, 2.18300151825, 2.84037542343, 2.70938801765, 1.74845981598, 1.21600306034, 0.486756235361, 0.143040969968, 0.0470102392137, 0.0117344902828, 0.00128207122907, 6.84835395077e-05],
        "min": [2.52928748523e-05, 0.000608502596151, 0.00952924694866, 0.0224200803787, 0.0372973419726, 0.0526909381151, 0.201968729496, 0.121634863317, 0.079048499465, 0.291753470898, 0.520468115807, 0.173455104232, 0.108043894172, 0.163037419319, 0.0763578340411, 0.154359698296, 0.172882854939, 0.12198356539, 0.104141324759, 0.215189486742, 0.226630911231, 0.278607279062, 0.0937828049064, 0.0935596525669, 0.0532362125814, 0.0738560706377, 0.0719655975699, 0.0853643342853, 0.0669219717383, 0.0500697866082, 0.0493889823556, 0.0435019694269, 0.023979794234, 0.0113134179264, 0.00218916242011, 0.000591115094721, 0.000106612511445, 1.14304011731e-05, 2.22169069275e-06, 1.48225240082e-06],
        "stdev": [0.336528539658, 1.4855004549, 1.57519745827, 4.32834291458, 9.60761070251, 10.2476673126, 32.3136024475, 40.9378700256, 61.9392204285, 22.8387393951, 40.6882095337, 165.880905151, 166.029266357, 150.986114502, 86.1137237549, 88.9369277954, 189.645996094, 108.148445129, 53.780670166, 74.910484314, 68.8783721924, 81.2861862183, 34.6208457947, 14.8237752914, 5.10512256622, 10.3303937912, 31.7809944153, 10.7560024261, 4.23036050797, 3.58243727684, 4.34065580368, 4.75209712982, 3.24487543106, 2.42626214027, 1.18671989441, 0.286366909742, 0.073441080749, 0.0195851158351, 0.00250401860103, 6.70346344123e-05]
    },
    "gfcc": {
        "mean": [25.8615970612, 85.5930709839, -106.623390198, 20.9311923981, -59.506855011, 18.2566070557, -38.0248031616, 12.5952043533, -21.5235614777, 5.18260669708, -13.0897140503, 2.8359439373, -0.516044139862],
        "cov": [[1603.10449219, -253.6668396, -44.60912323, 123.129554749, 137.949493408, 20.6892910004, 191.361709595, 158.399169922, 140.962310791, 109.41368103, 59.4967803955, 55.1119384766, 86.5662078857], [-253.6668396, 551.112365723, -99.1062011719, -44.6002426147, 28.1037101746, 50.7251243591, 74.5886764526, 24.5282325745, 16.9986534119, -12.70840168, 72.206451416, -56.0550842285, 32.3221549988], [-44.60912323, -99.1062011719, 576.803344727, 116.348052979, 51.5263938904, 23.3395862579, -12.1199569702, 5.77572727203, 14.5965852737, 43.9455184937, -8.24650096893, 73.3790054321, -70.98097229], [123.129554749, -44.6002426147, 116.348052979, 319.515411377, 46.2758598328, -55.2758369446, -39.6166610718, 51.1631355286, 52.3097801208, 14.7588653564, 8.45941543579, 49.0301361084, 43.1347160339], [137.949493408, 28.1037101746, 51.5263938904, 46.2758598328, 227.702957153, 95.6341705322, 84.5930328369, 52.8247451782, 67.5842895508, 41.5953865051, -0.570572733879, 29.931596756, 26.5241146088], [20.6892910004, 50.7251243591, 23.3395862579, -55.2758369446, 95.6341705322, 247.492156982, 123.474082947, 0.801175475121, 17.6331100464, 60.8390960693, 41.6213607788, -4.10903692245, -6.41509437561], [191.361709595, 74.5886764526, -12.1199569702, -39.6166610718, 84.5930328369, 123.474082947, 206.930084229, 56.7857475281, 41.3332633972, 55.6714668274, 43.5770111084, 0.966686844826, 13.6801700592], [158.399169922, 24.5282325745, 5.77572727203, 51.1631355286, 52.8247451782, 0.801175475121, 56.7857475281, 156.211990356, 82.7229385376, 8.74723148346, 2.45452022552, 12.9246721268, 35.2085227966], [140.962310791, 16.9986534119, 14.5965852737, 52.3097801208, 67.5842895508, 17.6331100464, 41.3332633972, 82.7229385376, 118.386489868, 20.1266784668, -10.098200798, 15.6234798431, 27.3370380402], [109.41368103, -12.70840168, 43.9455184937, 14.7588653564, 41.5953865051, 60.8390960693, 55.6714668274, 8.74723148346, 20.1266784668, 107.755279541, 69.2600784302, 29.0051441193, 7.33425855637], [59.4967803955, 72.206451416, -8.24650096893, 8.45941543579, -0.570572733879, 41.6213607788, 43.5770111084, 2.45452022552, -10.098200798, 69.2600784302, 136.899505615, 36.13048172, 26.7940502167], [55.1119384766, -56.0550842285, 73.3790054321, 49.0301361084, 29.931596756, -4.10903692245, 0.966686844826, 12.9246721268, 15.6234798431, 29.0051441193, 36.13048172, 89.8022918701, 25.3220233917], [86.5662078857, 32.3221549988, -70.98097229, 43.1347160339, 26.5241146088, -6.41509437561, 13.6801700592, 35.2085227966, 27.3370380402, 7.33425855637, 26.7940502167, 25.3220233917, 88.0939331055]],
        "icov": [[0.00103832047898, 0.000811830803286, 0.000116225237434, -0.000183866824955, -0.000305415916955, 0.00055617117323, -0.00107428606134, -0.00018532233662, -0.000700819655322, -0.000139572002809, -0.000741017865948, 0.000644263229333, -0.000491859449539], [0.000811830803286, 0.00335992802866, -0.000127533086925, 0.000134735280881, -0.000916224671528, 0.000539345492143, -0.0013713069493, 0.000175874913111, -0.00154536764603, 0.0022339404095, -0.00375941814855, 0.00336790294386, -0.00127253483515], [0.000116225237434, -0.000127533086925, 0.00286669330671, -0.00111292127986, -0.000183160751476, -0.000378701457521, 0.000125871563796, -0.000494661508128, 0.000301808671793, -0.00102457893081, 0.00095009530196, -0.00286864233203, 0.00352030177601], [-0.000183866824955, 0.000134735280881, -0.00111292127986, 0.00463336613029, -0.000787906814367, 0.000896043260582, 0.00138602289371, -0.000463552976726, -0.00108721363358, -8.89381917659e-05, -0.000664212973788, 4.53432476206e-05, -0.00222789985128], [-0.000305415916955, -0.000916224671528, -0.000183160751476, -0.000787906814367, 0.00758573971689, -0.00250480137765, -0.000984262558632, -0.000239269182202, -0.00138250412419, -0.00178517249878, 0.00348118739203, -0.00268957414664, -0.00105148309376], [0.00055617117323, 0.000539345492143, -0.000378701457521, 0.000896043260582, -0.00250480137765, 0.00760557455942, -0.00362039566971, 0.00154488079716, -0.000816583400592, -0.00134050683118, -0.00174428068567, 0.00207385444082, 6.39081263216e-05], [-0.00107428606134, -0.0013713069493, 0.000125871563796, 0.00138602289371, -0.000984262558632, -0.00362039566971, 0.0103560993448, -0.00288350344636, 0.000593275937717, -0.00211081281304, 6.47454999125e-06, -0.000183873693459, 0.000601027451921], [-0.00018532233662, 0.000175874913111, -0.000494661508128, -0.000463552976726, -0.000239269182202, 0.00154488079716, -0.00288350344636, 0.0118718594313, -0.00706876674667, 0.00225433474407, -0.00129248294979, 0.000950785004534, -0.00204083160497], [-0.000700819655322, -0.00154536764603, 0.000301808671793, -0.00108721363358, -0.00138250412419, -0.000816583400592, 0.000593275937717, -0.00706876674667, 0.0173525307328, -0.00437846081331, 0.00569448107854, -0.00238206819631, -0.000946503831074], [-0.000139572002809, 0.0022339404095, -0.00102457893081, -8.89381917659e-05, -0.00178517249878, -0.00134050683118, -0.00211081281304, 0.00225433474407, -0.00437846081331, 0.0200837515295, -0.0111251287162, 0.00101583497599, 0.00118057266809], [-0.000741017865948, -0.00375941814855, 0.00095009530196, -0.000664212973788, 0.00348118739203, -0.00174428068567, 6.47454999125e-06, -0.00129248294979, 0.00569448107854, -0.0111251287162, 0.0187231898308, -0.00779487891123, -0.00175632990431], [0.000644263229333, 0.00336790294386, -0.00286864233203, 4.53432476206e-05, -0.00268957414664, 0.00207385444082, -0.000183873693459, 0.000950785004534, -0.00238206819631, 0.00101583497599, -0.00779487891123, 0.0211118441075, -0.00663600629196], [-0.000491859449539, -0.00127253483515, 0.00352030177601, -0.00222789985128, -0.00105148309376, 6.39081263216e-05, 0.000601027451921, -0.00204083160497, -0.000946503831074, 0.00118057266809, -0.00175632990431, -0.00663600629196, 0.0199097506702]]
    },
    "melbands": {
        "max": [0.019429853186, 0.00911756511778, 0.0169919468462, 0.00919764954597, 0.00999694224447, 0.0070756203495, 0.00697179278359, 0.00330906175077, 0.00521746464074, 0.0148579888046, 0.0123281786218, 0.00458637904376, 0.00312312645838, 0.00165094889235, 0.00230125896633, 0.00552420923486, 0.00248806644231, 0.000758527370635, 0.0018194449367, 0.00110357964877, 0.00163332407828, 0.000954481423832, 0.000408863095799, 0.000290630909149, 0.0001240176789, 4.9613066949e-05, 3.7631518353e-05, 7.62912241044e-05, 0.000290256750304, 0.000100394390756, 4.97085857205e-05, 3.68826295016e-05, 4.07987754443e-05, 3.61448546755e-05, 3.8785932702e-05, 5.72109711356e-05, 4.95795356983e-05, 4.71293787996e-05, 3.43125175277e-05, 4.62080752186e-05],
        "mean": [0.00229168706574, 0.00101007334888, 0.000509679142851, 0.000557506165933, 0.000662864709739, 0.000704238831531, 0.000485173077323, 0.000147385697346, 0.000242186884861, 0.000482891133288, 0.000383816281101, 0.000255764345638, 0.000162463504239, 9.18357691262e-05, 8.82982421899e-05, 0.000147999540786, 7.09591913619e-05, 3.23531749018e-05, 7.72979692556e-05, 3.72857575712e-05, 3.63312865375e-05, 4.09595231758e-05, 1.59945266205e-05, 9.83662539511e-06, 9.18429395824e-06, 3.64334709957e-06, 3.49788092535e-06, 5.75926060264e-06, 9.97814004222e-06, 7.28973554942e-06, 3.29383283315e-06, 1.37164704483e-06, 1.12400448415e-06, 1.26033910419e-06, 1.62729384101e-06, 1.72493855644e-06, 1.64259563462e-06, 1.2614774505e-06, 1.08763811113e-06, 1.00699639916e-06],
        "min": [1.650544732e-07, 4.51533105661e-06, 3.13341115543e-06, 4.52804943052e-06, 8.90627234185e-06, 3.15021497954e-06, 1.2978198356e-06, 2.5486897357e-06, 2.32546062762e-06, 8.41201313051e-07, 5.38035180853e-07, 6.99992426689e-07, 2.86355202661e-07, 3.12197784069e-07, 4.19175705701e-07, 3.70419627416e-07, 1.91621367662e-07, 1.41095540585e-07, 1.5601452219e-07, 1.66106545407e-07, 1.62335766163e-07, 2.98416239275e-07, 1.17316822923e-07, 6.0511126776e-08, 5.53550307814e-08, 1.86310984418e-08, 3.92773351621e-08, 4.53878605811e-08, 3.54118085966e-08, 4.85540603279e-08, 4.7252420643e-08, 1.84683059956e-08, 1.00465191721e-08, 2.49649065864e-08, 2.52037644088e-08, 2.49725911061e-08, 2.71236455518e-08, 1.47425414099e-08, 1.34533175711e-08, 5.7934235187e-09],
        "stdev": [0.00251787505113, 0.0010925072711, 0.000873461191077, 0.00062389037339, 0.000922109291423, 0.000941506412346, 0.000824571761768, 0.000215981897782, 0.000390852655983, 0.0011702531483, 0.000835749495309, 0.000578716339078, 0.000387859443435, 0.000183608615771, 0.000192830193555, 0.000578419945668, 0.000211131220567, 6.19324055151e-05, 0.000204041600227, 0.00010036866297, 0.00010265999299, 0.000109207598143, 3.66469030268e-05, 1.84816781257e-05, 1.358296322e-05, 4.42573082182e-06, 3.80779169973e-06, 8.13604765426e-06, 2.15721156565e-05, 1.38740560942e-05, 4.66025130663e-06, 2.44056400334e-06, 2.24062773668e-06, 2.01598754757e-06, 2.3863392471e-06, 3.20384492625e-06, 2.84143334284e-06, 2.51618530456e-06, 1.83390079656e-06, 2.24711538976e-06]
    },
    "melbands128": {
        "max": [0.00709990086034, 0.0298432651907, 0.0299859885126, 0.0178316682577, 0.00987335108221, 0.0130155012012, 0.0147546650842, 0.0237436629832, 0.0200798660517, 0.00875942781568, 0.00688742427155, 0.0145601499826, 0.0140654668212, 0.0109901856631, 0.0129815116525, 0.0147128179669, 0.0178806595504, 0.00615241192281, 0.00854292325675, 0.00503479363397, 0.00420869141817, 0.00302201020531, 0.00863542407751, 0.00679144170135, 0.0101365400478, 0.035331338644, 0.013085979037, 0.0236900113523, 0.0152826346457, 0.00989371072501, 0.00738658104092, 0.0105328615755, 0.00352913234383, 0.00655592978001, 0.000850207114127, 0.00340544315986, 0.00417180359364, 0.00514909997582, 0.0033041134011, 0.0119278309867, 0.0109893130139, 0.00408019078895, 0.00395833235234, 0.00309053948149, 0.00167867506389, 0.000695338239893, 0.00298781739548, 0.00449333759025, 0.00207445025444, 0.000979733886197, 0.00244679651223, 0.00135575118475, 0.00151331769302, 0.00402985047549, 0.00242418725975, 0.00214525242336, 0.0014036539942, 0.000680191500578, 0.000777521287091, 0.00118102459237, 0.000262850109721, 0.000272294768365, 0.000342189508956, 0.000301992171444, 0.000151985586854, 8.68599236128e-05, 6.78822834743e-05, 4.86263088533e-05, 6.11386349192e-05, 7.88713005022e-05, 0.000130895496113, 0.000139923475217, 0.000415673886891, 0.000592891359702, 0.000453945918707, 0.000228935139603, 0.000140095333336, 0.00012003199663, 8.46184848342e-05, 3.19312712236e-05, 4.32871383964e-05, 3.80999663321e-05, 3.77381984435e-05, 4.59612347186e-05, 5.06115393364e-05, 2.43598151428e-05, 5.2073464758e-05, 5.02051261719e-05, 4.52584026789e-05, 4.63750766357e-05, 5.54122998437e-05, 7.82494971645e-05, 0.000104050603113, 5.28035852767e-05, 5.12963306392e-05, 4.72114879813e-05, 6.69938526698e-05, 3.67419634131e-05, 3.05058492813e-05, 6.21918225079e-05, 5.05380194227e-05, 4.90349520987e-05, 4.5570461225e-05, 6.20426144451e-05, 3.94245325879e-05, 1.78295049409e-05, 1.1014748452e-05, 8.72556483955e-06, 1.2045231415e-05, 6.3560196395e-06, 5.78414483243e-06, 3.33243883688e-06, 4.01402894568e-06, 3.51206949745e-06, 3.6214901229e-06, 2.05190804081e-06, 2.59805756286e-06, 2.22186713472e-06, 1.98396560336e-06, 1.27823614093e-06, 1.0346821e-06, 5.35252013378e-07, 4.27873970921e-07, 2.21019309521e-08, 5.15377207577e-09, 5.07315167653e-09, 5.02041475059e-09, 4.97934449228e-09],
        "mean": [0.000439622352133, 0.00232680724002, 0.00331858801655, 0.00182576174848, 0.000671712623443, 0.000532346195541, 0.000522799906321, 0.000477590190712, 0.00051897612866, 0.000581107102334, 0.00058261671802, 0.00050875695888, 0.000787927303463, 0.000748720078263, 0.000506365671754, 0.000805562769528, 0.000866047339514, 0.000279634608887, 0.00026707816869, 0.000133345776703, 0.000104692364403, 0.000119193959108, 0.00032773296698, 0.000276070873952, 0.000354181771399, 0.000767801597249, 0.000309964962071, 0.0005066646263, 0.000238140361034, 8.68007482495e-05, 0.000387012813007, 0.000357030832674, 6.60491568851e-05, 0.000127535371576, 3.14667922794e-05, 9.77423987933e-05, 0.000158352369908, 8.72199234436e-05, 2.42151727434e-05, 0.000148233142681, 0.000241513480432, 3.84552004107e-05, 7.54434004193e-05, 8.93480682862e-05, 1.89486818272e-05, 1.60710733326e-05, 4.13420311816e-05, 0.000135116802994, 5.72367716813e-05, 1.39575968205e-05, 5.20492940268e-05, 4.27049671998e-05, 2.01700240723e-05, 4.40937546955e-05, 5.06300275447e-05, 5.12879632879e-05, 2.10125072044e-05, 1.00971565189e-05, 1.80277202162e-05, 1.94177046069e-05, 5.56232953386e-06, 5.36344214197e-06, 1.27349494505e-05, 9.77553736448e-06, 5.50999448024e-06, 2.66915481006e-06, 2.95340942102e-06, 3.45008083968e-06, 3.46636306858e-06, 3.67570714843e-06, 4.93153447678e-06, 6.50672609481e-06, 1.02539315776e-05, 8.96167330211e-06, 1.3035703887e-05, 7.66644097894e-06, 4.78686251881e-06, 4.9677169045e-06, 3.11659641739e-06, 1.68166729964e-06, 1.40505574109e-06, 1.23957795495e-06, 1.18314562769e-06, 1.15090892905e-06, 1.03223931092e-06, 1.10248754481e-06, 1.27674707073e-06, 1.66139284374e-06, 1.7277494635e-06, 1.43899660543e-06, 1.86857369044e-06, 1.6832974552e-06, 1.77519916633e-06, 1.62916558111e-06, 1.6384257151e-06, 1.40325585107e-06, 1.1792691339e-06, 1.04277012269e-06, 1.03503293758e-06, 1.16810224426e-06, 1.11916938295e-06, 9.91060801425e-07, 8.62956426317e-07, 7.05706668214e-07, 5.19419415923e-07, 4.11804876421e-07, 3.28246727577e-07, 2.59021362581e-07, 2.29555283227e-07, 1.97281863734e-07, 1.85468081781e-07, 1.65109469208e-07, 1.47863701727e-07, 1.21862157698e-07, 1.08813743793e-07, 1.04239241239e-07, 8.73719798733e-08, 7.35613525649e-08, 6.56938468069e-08, 3.76758357845e-08, 2.87370571783e-08, 1.71624705558e-08, 8.22051848814e-09, 2.45243020336e-10, 6.92771491215e-12, 6.76912562461e-12, 6.67064970969e-12, 6.61990167544e-12],
        "min": [3.67593372408e-10, 3.93191896819e-08, 2.24544933758e-08, 7.43935615333e-08, 4.21732352152e-07, 2.11430531749e-07, 7.57684745167e-07, 1.41342241022e-07, 1.63421816524e-06, 1.78499226422e-06, 7.52517621549e-07, 4.60495016341e-07, 2.41623092734e-06, 2.65371204478e-06, 7.62992385717e-07, 1.35357709041e-07, 3.07426915924e-07, 4.86975750391e-07, 2.83463919004e-07, 2.95201033396e-07, 4.7773261258e-07, 2.46262828796e-07, 2.99863927467e-07, 3.65949631487e-07, 3.89404817724e-07, 5.99644778276e-08, 1.61828751288e-07, 5.25505015503e-07, 4.21785898652e-07, 4.35140606214e-07, 4.8333919267e-07, 1.54712751055e-07, 2.99644625557e-07, 1.05868764422e-07, 1.38506038638e-07, 2.91103901873e-07, 4.40253415945e-07, 3.2228754776e-07, 1.61692128131e-07, 2.3540567895e-07, 3.22287604604e-07, 2.42827894681e-07, 1.59774330655e-07, 4.05128375291e-08, 5.52564038969e-08, 1.4292105277e-07, 1.18592197396e-07, 1.30481708993e-07, 5.5075492611e-08, 7.01332538711e-08, 7.70245662807e-08, 1.17875394778e-07, 1.01292791044e-07, 6.9222757304e-08, 5.42429852146e-08, 7.78386777256e-08, 1.3894633355e-07, 3.55241027705e-08, 3.59856215937e-08, 5.51310392893e-08, 3.07299288238e-08, 3.78332067896e-08, 9.79150716063e-09, 1.59985962256e-08, 9.47948475272e-09, 1.50646890518e-08, 1.59130220112e-08, 2.14964863687e-08, 3.24503410809e-08, 1.68566458569e-08, 2.73933622452e-08, 2.24830536411e-08, 1.65395537266e-08, 3.34896839149e-08, 4.31428013314e-08, 3.38296857194e-08, 2.92851130013e-08, 3.61232572743e-08, 2.19795204259e-08, 1.28474706429e-08, 7.16781434207e-09, 8.01568411646e-09, 5.04532193801e-09, 5.18470066879e-09, 7.66324781409e-09, 1.09429887374e-08, 1.40762930201e-08, 2.1648501658e-08, 1.87219271197e-08, 8.03812039152e-09, 2.12516759746e-08, 1.69197011957e-08, 2.59928754076e-08, 2.50436738014e-08, 2.00104395276e-08, 1.06872777295e-08, 1.05688240382e-08, 1.18772156554e-08, 6.3287926011e-09, 6.29981578015e-09, 4.69437022588e-09, 4.10853617794e-09, 5.50910250752e-09, 8.38960290128e-10, 2.57985743879e-10, 1.04409636492e-09, 6.27760787797e-10, 9.91572490783e-10, 5.85304194001e-10, 4.27780866286e-10, 4.79044970358e-10, 3.46210254909e-10, 1.62131016945e-10, 6.54630100128e-11, 1.22318946638e-10, 5.79339493045e-11, 6.25371065696e-12, 1.34584577098e-13, 1.07751948911e-13, 7.67658709495e-14, 6.72356660907e-14, 7.20598507622e-14, 6.65277769397e-14, 7.3740194723e-14, 5.3221959988e-14, 1.99919291191e-14, 3.2736476629e-15, 7.6788347551e-17],
        "stdev": [0.000746300152969, 0.00306775118224, 0.00363712315448, 0.0021758931689, 0.000912841642275, 0.000830528093502, 0.000903291103896, 0.00116374657955, 0.00110327266157, 0.000772640982177, 0.00067712191958, 0.000912320974749, 0.00147279014345, 0.00118907867, 0.00100766832475, 0.0016771015944, 0.00192540080752, 0.000539432745427, 0.000669046014082, 0.000237158237724, 0.000198851106688, 0.000250703626079, 0.000613624462858, 0.000586436421145, 0.000953327398747, 0.00234112748876, 0.000796750362497, 0.00144660263322, 0.000904662942048, 0.000334726239089, 0.00103526806924, 0.00112170469947, 0.000207616918487, 0.000486634584377, 7.36952279112e-05, 0.000305270921672, 0.000429588544648, 0.000275389844319, 9.64990031207e-05, 0.00073908601189, 0.00104568665847, 0.000193309067981, 0.000283812405542, 0.000326385663357, 7.46207515476e-05, 3.72891045117e-05, 0.000151584783453, 0.000403478799853, 0.000189075479284, 4.09521599067e-05, 0.000207739081816, 0.000119987678772, 8.07422256912e-05, 0.00021066555928, 0.000188277757843, 0.000191154831555, 8.35696191643e-05, 3.41622799169e-05, 6.15359094809e-05, 6.23215964879e-05, 1.30711187012e-05, 1.45539406731e-05, 2.84195284621e-05, 1.97280096472e-05, 1.17876734294e-05, 4.55733515992e-06, 5.23843618794e-06, 5.54459802515e-06, 4.57067517345e-06, 6.07647143624e-06, 8.84399742063e-06, 1.25634842334e-05, 3.10815594275e-05, 2.86118811346e-05, 4.02518271585e-05, 1.95193479158e-05, 1.06058687379e-05, 1.12265470307e-05, 5.2106415751e-06, 2.89673062071e-06, 2.70900909527e-06, 2.40081658376e-06, 2.8633992315e-06, 2.42236615122e-06, 2.21308710024e-06, 2.00135764317e-06, 2.25896542361e-06, 2.64634263658e-06, 2.7016903914e-06, 2.56813427768e-06, 3.59589193977e-06, 3.74711362383e-06, 3.87137606594e-06, 3.03596880258e-06, 2.9184975574e-06, 2.8041247333e-06, 2.88940418613e-06, 2.13560588236e-06, 1.70716009507e-06, 2.29490933634e-06, 2.28820272241e-06, 2.63384049504e-06, 2.35483344113e-06, 2.19888829633e-06, 1.56626276748e-06, 1.05916217308e-06, 7.69458665673e-07, 5.65903064853e-07, 5.221088486e-07, 4.3412998707e-07, 3.45906840948e-07, 2.78601675063e-07, 2.42483480406e-07, 1.99761004183e-07, 1.87563173881e-07, 1.70837793689e-07, 1.71735621279e-07, 1.54026153609e-07, 1.50073972804e-07, 9.16058056077e-08, 6.91678749831e-08, 4.53326975958e-08, 2.66343356259e-08, 1.27836485841e-09, 1.12636559801e-10, 1.10871825609e-10, 1.09717741836e-10, 1.08819418754e-10]
    },
    "mfcc": {
        "mean": [-622.74798584, 121.29296875, 10.2254600525, 9.59760665894, 5.38193178177, 0.9851115942, 1.99923419952, 0.248143956065, 4.88882350922, 2.33956217766, -8.89999675751, 6.11854314804, -4.07145690918],
        "cov": [[1601.76599121, -265.584197998, -165.305145264, 133.228469849, -27.4991436005, -66.2316207886, 76.0508880615, 58.2893791199, 156.137451172, 107.380081177, 9.03968429565, 82.0748901367, 29.41746521], [-265.584197998, 470.056274414, -55.1151657104, -104.3230896, -19.1106033325, 23.2795314789, 81.1647796631, 19.6692943573, -13.9404830933, 75.9832305908, 41.2422142029, -35.8963737488, -5.23183250427], [-165.305145264, -55.1151657104, 383.721801758, 82.1660614014, 48.2078819275, 48.8756446838, -28.9343662262, 2.33597493172, -46.2336196899, -37.4866104126, 30.9764652252, 28.0700931549, 62.1676063538], [133.228469849, -104.3230896, 82.1660614014, 293.859924316, 94.190788269, -54.9615707397, -56.0193405151, 16.6461257935, 56.8025398254, -46.6556243896, -16.7564430237, 84.8591308594, 22.072435379], [-27.4991436005, -19.1106033325, 48.2078819275, 94.190788269, 172.322357178, 16.996723175, -31.5409030914, 32.9018783569, 48.3345527649, -10.1474704742, 7.98414039612, 23.3553562164, 15.0899372101], [-66.2316207886, 23.2795314789, 48.8756446838, -54.9615707397, 16.996723175, 219.645980835, 85.9134674072, 13.3277301788, -12.0977582932, 37.3804779053, 48.7650756836, -23.2632675171, 33.9695930481], [76.0508880615, 81.1647796631, -28.9343662262, -56.0193405151, -31.5409030914, 85.9134674072, 175.233306885, 17.7877388, -13.9450035095, 63.5469207764, 35.2776184082, 6.14972114563, 21.8815231323], [58.2893791199, 19.6692943573, 2.33597493172, 16.6461257935, 32.9018783569, 13.3277301788, 17.7877388, 115.172073364, 75.1094818115, 42.0441207886, 37.1879348755, -13.6692094803, 10.6823291779], [156.137451172, -13.9404830933, -46.2336196899, 56.8025398254, 48.3345527649, -12.0977582932, -13.9450035095, 75.1094818115, 149.784179688, 46.0257492065, 13.7684402466, 4.38067865372, -3.19758319855], [107.380081177, 75.9832305908, -37.4866104126, -46.6556243896, -10.1474704742, 37.3804779053, 63.5469207764, 42.0441207886, 46.0257492065, 141.765228271, 53.8450508118, -25.0189571381, 0.20685121417], [9.03968429565, 41.2422142029, 30.9764652252, -16.7564430237, 7.98414039612, 48.7650756836, 35.2776184082, 37.1879348755, 13.7684402466, 53.8450508118, 102.484466553, -22.5971088409, 20.1781101227], [82.0748901367, -35.8963737488, 28.0700931549, 84.8591308594, 23.3553562164, -23.2632675171, 6.14972114563, -13.6692094803, 4.38067865372, -25.0189571381, -22.5971088409, 122.62638855, 30.5438976288], [29.41746521, -5.23183250427, 62.1676063538, 22.072435379, 15.0899372101, 33.9695930481, 21.8815231323, 10.6823291779, -3.19758319855, 0.20685121417, 20.1781101227, 30.5438976288, 103.471336365]],
        "icov": [[0.0010101130465, 0.000728657934815, 0.000401973724365, -0.000369681132725, 0.000367615750292, 0.000416017166572, -0.000668388209306, 0.00011718145106, -0.000675818126183, -0.000789206183981, -8.76975609572e-05, -0.000299975654343, -0.000387586769648], [0.000728657934815, 0.00313980388455, 0.000456017412944, 0.000389192136936, -0.000243134767516, 0.000830608187243, -0.00135660567321, -0.000160527240951, 0.000100975114037, -0.00142030569259, -0.000475921871839, -1.02331578091e-05, -0.000237389103859], [0.000401973724365, 0.000456017412944, 0.00391866452992, -0.00120127282571, -0.000197711211513, -0.000820102926809, 0.000996293965727, -0.000959016033448, 0.00198643258773, -0.0001418695756, -0.00115193298552, -0.000389270746382, -0.00160177017096], [-0.000369681132725, 0.000389192136936, -0.00120127282571, 0.00646645622328, -0.00226286705583, 0.00116639374755, 0.000314747012453, 0.000193952640984, -0.00197630841285, 0.0015209246194, -0.000489428872243, -0.00294670788571, 0.000228781835176], [0.000367615750292, -0.000243134767516, -0.000197711211513, -0.00226286705583, 0.00844763964415, -0.00170833454467, 0.00150747410953, -0.00121171423234, -0.00178984599188, 0.000335041782819, -0.000226627060329, -0.000714065041393, -0.000181134426384], [0.000416017166572, 0.000830608187243, -0.000820102926809, 0.00116639374755, -0.00170833454467, 0.00737397372723, -0.00391513155773, 0.00103733409196, -0.000674703391269, -0.000138749295729, -0.00157546170522, 0.00144118547905, -0.00142200256232], [-0.000668388209306, -0.00135660567321, 0.000996293965727, 0.000314747012453, 0.00150747410953, -0.00391513155773, 0.0108001399785, -0.00234393565916, 0.00309566711076, -0.00282694236375, -0.000210964179132, -0.0028185416013, -0.000546308467165], [0.00011718145106, -0.000160527240951, -0.000959016033448, 0.000193952640984, -0.00121171423234, 0.00103733409196, -0.00234393565916, 0.015832953155, -0.00798637513071, -4.47244133284e-07, -0.00317761208862, 0.00224322639406, -0.00109867181163], [-0.000675818126183, 0.000100975114037, 0.00198643258773, -0.00197630841285, -0.00178984599188, -0.000674703391269, 0.00309566711076, -0.00798637513071, 0.0147162973881, -0.00401913793758, 0.00127897085622, -0.000669575762004, 0.000488780206069], [-0.000789206183981, -0.00142030569259, -0.0001418695756, 0.0015209246194, 0.000335041782819, -0.000138749295729, -0.00282694236375, -4.47244133284e-07, -0.00401913793758, 0.0133960368112, -0.00453317863867, 0.000945824664086, 0.000961756159086], [-8.76975609572e-05, -0.000475921871839, -0.00115193298552, -0.000489428872243, -0.000226627060329, -0.00157546170522, -0.000210964179132, -0.00317761208862, 0.00127897085622, -0.00453317863867, 0.0152895450592, 0.00223579350859, -0.00187272019684], [-0.000299975654343, -1.02331578091e-05, -0.000389270746382, -0.00294670788571, -0.000714065041393, 0.00144118547905, -0.0028185416013, 0.00224322639406, -0.000669575762004, 0.000945824664086, 0.00223579350859, 0.0127257034183, -0.00327241816558], [-0.000387586769648, -0.000237389103859, -0.00160177017096, 0.000228781835176, -0.000181134426384, -0.00142200256232, -0.000546308467165, -0.00109867181163, 0.000488780206069, 0.000961756159086, -0.00187272019684, -0.00327241816558, 0.0127428648993]]
    },
    "spectral_contrast_coeffs": {
        "max": [-0.459061563015, -0.49191018939, -0.479388177395, -0.520590901375, -0.579264342785, -0.690587878227],
        "mean": [-0.726503610611, -0.727596342564, -0.722784698009, -0.772971093655, -0.781480133533, -0.794528901577],
        "min": [-0.888832509518, -0.933650135994, -0.916186630726, -0.905240833759, -0.895681679249, -0.870119690895],
        "stdev": [0.0774937719107, 0.0720253363252, 0.0827567577362, 0.0708792954683, 0.0534266605973, 0.0293439049274]
    },
    "spectral_contrast_valleys": {
        "max": [-4.77879858017, -4.91896677017, -5.86931991577, -6.1914229393, -6.26745176315, -7.61738634109],
        "mean": [-6.4301276207, -6.56614637375, -7.17834091187, -7.58205080032, -7.6788520813, -9.78394603729],
        "min": [-8.59014606476, -8.34143924713, -8.7018699646, -9.04709720612, -9.4642162323, -11.4972076416],
        "stdev": [0.592590987682, 0.478342294693, 0.387941509485, 0.356044262648, 0.472244858742, 0.528841555119]
    }
},
"rhythm": {
    "beats_count": 68,
    "beats_loudness": {
        "max": 0.0786662325263,
        "mean": 0.0352440178394,
        "min": 0.00931882858276,
        "stdev": 0.0156579334289
    },
    "bpm": 84.0491409302,
    "bpm_histogram_first_peak_bpm": 85,
    "bpm_histogram_first_peak_weight": 0.49253731966,
    "bpm_histogram_second_peak_bpm": 0,
    "bpm_histogram_second_peak_spread": 0,
    "bpm_histogram_second_peak_weight": 0,
    "danceability": 0.939507722855,
    "onset_rate": 3.5888671875,
    "beats_loudness_band_ratio": {
        "max": [0.907321691513, 0.61233741045, 0.634319245815, 0.568390309811, 0.488767921925, 0.208428427577],
        "mean": [0.386373192072, 0.216833144426, 0.188433930278, 0.129226326942, 0.0824288874865, 0.0590350143611],
        "min": [0.0389666929841, 0.0183733273298, 0.019063308835, 0.0109197692946, 0.00670375162736, 0.00200319755822],
        "stdev": [0.220314517617, 0.14356943965, 0.13879416883, 0.147213250399, 0.0910244509578, 0.0459999740124]
    },
    "beats_position": [0.673378646374, 1.369977355, 2.08979582787, 2.79800438881, 3.50621318817, 4.22603178024, 4.93424034119, 5.64244890213, 6.3622674942, 7.08208608627, 7.81351470947, 8.52172279358, 9.22993183136, 9.93814086914, 10.6579589844, 11.3777770996, 12.0859861374, 12.7941951752, 13.5140132904, 14.2222223282, 14.9304304123, 15.6502494812, 16.3700675964, 17.0782756805, 17.786485672, 18.5063037872, 19.2261219025, 19.9459400177, 20.6541500092, 21.3623580933, 22.0821762085, 22.8019943237, 23.5218143463, 24.2300224304, 24.9382305145, 25.6580486298, 26.3662586212, 27.0744667053, 27.7942848206, 28.5141029358, 29.2339229584, 29.9421310425, 30.6503391266, 31.3701572418, 32.0783653259, 32.7865753174, 33.5063934326, 34.2262115479, 34.9460296631, 35.6542396545, 36.3740577698, 37.0822677612, 37.8020858765, 38.5102958679, 39.2185020447, 39.9383201599, 40.6581382751, 41.3779602051, 42.0861663818, 42.7943763733, 43.5141944885, 44.2340126038, 44.9422225952, 45.650428772, 46.3702468872, 47.0900688171, 47.7982749939, 48.5064849854],
