{
"metadata": {
    "version": {
        "essentia": "2.1-beta5",
        "essentia_git_sha": "Undefined",
        "extractor": "music 2.0"
    },
    "audio_properties": {
        "analysis": {
            "equal_loudness": 0,
            "length": 34.8647613525,
            "sample_rate": 44100,
            "start_time": 158.998641968,
            "downmix": "mix"
        },
        "bit_rate": 192000,
        "length": 193.886627197,
        "lossless": 0,
        "number_channels": 2,
        "replay_gain": -9.9919834137,
        "sample_rate": 48000,
        "codec": "mp3",
        "md5_encoded": "b709737a474525535d1e25b4580924d4"
    },
    "tags": {
        "file_name": "Iceland_Is It True_Yohanna.mp3",
        "encoding": ["Lavf58.29.100"]
    }
},
"lowlevel": {
    "average_loudness": 0.957472264767,
    "barkbands_crest": {
        "max": 22.2640476227,
        "mean": 9.53737926483,
        "min": 2.5475358963,
        "stdev": 3.62223148346
    },
    "barkbands_flatness_db": {
        "max": 0.256832301617,
        "mean": 0.120201647282,
        "min": 0.0299815591425,
        "stdev": 0.0418772026896
    },
    "barkbands_kurtosis": {
        "max": 14.2916755676,
        "mean": 1.45303869247,
        "min": -1.79845845699,
        "stdev": 2.34172344208
    },
    "barkbands_skewness": {
        "max": 2.97442221642,
        "mean": 0.810385882854,
        "min": -2.0500934124,
        "stdev": 0.783594429493
    },
    "barkbands_spread": {
        "max": 76.0258789062,
        "mean": 19.888999939,
        "min": 2.30911636353,
        "stdev": 10.7640590668
    },
    "dissonance": {
        "max": 0.500000059605,
        "mean": 0.469109237194,
        "min": 0.363168388605,
        "stdev": 0.0235709939152
    },
    "dynamic_complexity": 2.36561226845,
    "erbbands_crest": {
        "max": 30.8721790314,
        "mean": 11.5142202377,
        "min": 3.16832518578,
        "stdev": 4.98041343689
    },
    "erbbands_flatness_db": {
        "max": 0.36497682333,
        "mean": 0.189466521144,
        "min": 0.0658623799682,
        "stdev": 0.0489493906498
    },
    "erbbands_kurtosis": {
        "max": 16.4351387024,
        "mean": 1.26805174351,
        "min": -1.64313948154,
        "stdev": 1.94054639339
    },
    "erbbands_skewness": {
        "max": 2.76415920258,
        "mean": 0.678346335888,
        "min": -1.99932146072,
        "stdev": 0.697068333626
    },
    "erbbands_spread": {
        "max": 113.441741943,
        "mean": 23.3499565125,
        "min": 3.4294090271,
        "stdev": 11.8220777512
    },
    "hfc": {
        "max": 123.074951172,
        "mean": 30.7876720428,
        "min": 3.6950484894e-09,
        "stdev": 19.1191825867
    },
    "loudness_ebu128": {
        "integrated": -12.1744356155,
        "loudness_range": 3.55281734467,
        "momentary": {
            "max": -9.40290546417,
            "mean": -12.8787822723,
            "min": -36.4844055176,
            "stdev": 3.10413837433
        },
        "short_term": {
            "max": -10.7871208191,
            "mean": -12.3509635925,
            "min": -18.2026386261,
            "stdev": 1.48583638668
        }
    },
    "melbands_crest": {
        "max": 29.0243339539,
        "mean": 11.9040269852,
        "min": 3.79327583313,
        "stdev": 4.32848167419
    },
    "melbands_flatness_db": {
        "max": 0.274596959352,
        "mean": 0.158279016614,
        "min": 0.0180540177971,
        "stdev": 0.0347494594753
    },
    "melbands_kurtosis": {
        "max": 36.2015342712,
        "mean": 3.84394598007,
        "min": -1.58446097374,
        "stdev": 4.24795198441
    },
    "melbands_skewness": {
        "max": 4.95311737061,
        "mean": 1.32371723652,
        "min": -1.02972280979,
        "stdev": 0.881005942822
    },
    "melbands_spread": {
        "max": 164.451980591,
        "mean": 27.9838371277,
        "min": 4.1171913147,
        "stdev": 15.5740480423
    },
    "pitch_salience": {
        "max": 0.91205817461,
        "mean": 0.57420706749,
        "min": 0.283650636673,
        "stdev": 0.114507079124
    },
    "silence_rate_20dB": {
        "max": 1,
        "mean": 1,
        "min": 1,
        "stdev": 0
    },
    "silence_rate_30dB": {
        "max": 1,
        "mean": 1,
        "min": 1,
        "stdev": 0
    },
    "silence_rate_60dB": {
        "max": 1,
        "mean": 0.0326014645398,
        "min": 0,
        "stdev": 0.177591145039
    },
    "spectral_centroid": {
        "max": 4012.54785156,
        "mean": 1528.18347168,
        "min": 568.900939941,
        "stdev": 406.538909912
    },
    "spectral_complexity": {
        "max": 51,
        "mean": 22.8582839966,
        "min": 0,
        "stdev": 7.08989477158
    },
    "spectral_decrease": {
        "max": -1.09962749148e-20,
        "mean": -6.84480827573e-09,
        "min": -2.11728305999e-08,
        "stdev": 3.65057739593e-09
    },
    "spectral_energy": {
        "max": 0.0874159410596,
        "mean": 0.0286263842136,
        "min": 3.76654138651e-13,
        "stdev": 0.0152052333578
    },
    "spectral_energyband_high": {
        "max": 0.0147967413068,
        "mean": 0.000830622506328,
        "min": 3.01109533358e-13,
        "stdev": 0.00102623691782
    },
    "spectral_energyband_low": {
        "max": 0.043220423162,
        "mean": 0.00429607788101,
        "min": 9.87898253328e-15,
        "stdev": 0.00521319359541
    },
    "spectral_energyband_middle_high": {
        "max": 0.0712079033256,
        "mean": 0.013813204132,
        "min": 5.29383733573e-14,
        "stdev": 0.0113465627655
    },
    "spectral_energyband_middle_low": {
        "max": 0.06578604877,
        "mean": 0.0106129786,
        "min": 8.7037073783e-15,
        "stdev": 0.00757248187438
    },
    "spectral_entropy": {
        "max": 8.98585319519,
        "mean": 7.62026548386,
        "min": 6.9062666893,
        "stdev": 0.23519769311
    },
    "spectral_flux": {
        "max": 0.27365347743,
        "mean": 0.0869908109307,
        "min": 1.2637715372e-05,
        "stdev": 0.0357658490539
    },
    "spectral_kurtosis": {
        "max": 13.1221389771,
        "mean": 4.90869140625,
        "min": -0.620102405548,
        "stdev": 1.78256106377
    },
    "spectral_rms": {
        "max": 0.00923492480069,
        "mean": 0.00504085002467,
        "min": 1.91694411456e-08,
        "stdev": 0.00158684526104
    },
    "spectral_rolloff": {
        "max": 16472.9003906,
        "mean": 1734.01916504,
        "min": 409.130859375,
        "stdev": 930.864013672
    },
    "spectral_skewness": {
        "max": 2.61667466164,
        "mean": 1.68818676472,
        "min": 0.107216820121,
        "stdev": 0.281571745872
    },
    "spectral_spread": {
        "max": 12423865,
        "mean": 4120173,
        "min": 2509780.75,
        "stdev": 982132.4375
    },
    "spectral_strongpeak": {
        "max": 12.4730615616,
        "mean": 2.27028799057,
        "min": 0,
        "stdev": 2.21887588501
    },
    "zerocrossingrate": {
        "max": 0.57958984375,
        "mean": 0.0666437298059,
        "min": 0.02197265625,
        "stdev": 0.0260123815387
    },
    "barkbands": {
        "max": [0.00331738707609, 0.0414530821145, 0.0180130843073, 0.0141134243459, 0.0136324781924, 0.022957611829, 0.0607660710812, 0.0189075618982, 0.0418159887195, 0.0606092363596, 0.0581147745252, 0.0578803345561, 0.0262889843434, 0.030577680096, 0.0230005942285, 0.0217068828642, 0.0177716612816, 0.00715789850801, 0.00863618776202, 0.00237524299882, 0.00326704164036, 0.00576483551413, 0.00372900511138, 0.00287969224155, 0.00203651492484, 0.000640570186079, 8.58006387716e-05],
        "mean": [0.000184290795005, 0.00318483146839, 0.000633959542029, 0.000525206734892, 0.00124768412206, 0.00137129705399, 0.00284356111661, 0.000630526046734, 0.00272162654437, 0.00302385725081, 0.00345322466455, 0.00180123874452, 0.00118308188394, 0.0008834580658, 0.00118751358241, 0.00125725055113, 0.000653421273455, 0.000500129070133, 0.000411568616983, 0.000223331706366, 0.000268167350441, 0.000105581471871, 0.000119942706078, 0.000113992900879, 7.35125504434e-05, 2.03897579922e-05, 3.75990703105e-06],
        "min": [5.73846525853e-15, 4.1756471192e-15, 1.94317362561e-15, 2.20553234015e-15, 2.80872228958e-15, 5.08531688235e-16, 3.72136831475e-16, 6.73483943175e-16, 1.55983552457e-15, 1.70294957606e-15, 1.22015392514e-15, 1.96316677954e-15, 1.29892248352e-15, 9.55894976888e-15, 9.26770426623e-15, 3.91112000032e-15, 3.03355172708e-15, 6.00864166365e-15, 9.95731868134e-15, 1.73285271901e-14, 1.80084405369e-14, 2.13406291878e-14, 2.70591519027e-14, 2.85486119066e-14, 4.88070887416e-14, 6.0400923358e-14, 8.61271977673e-14],
        "stdev": [0.00035768802627, 0.0043159397319, 0.00107676151674, 0.000920528837014, 0.00178220658563, 0.00210928125307, 0.00597744947299, 0.000903693202417, 0.0035322655458, 0.0040372768417, 0.00585983181372, 0.00556170847267, 0.00237638410181, 0.00178370939102, 0.00186699000187, 0.00222240178846, 0.00128932460211, 0.000639709760435, 0.000552344601601, 0.000235459854594, 0.000346715125488, 0.000267152790911, 0.000226745833061, 0.000205269854632, 0.000151217391249, 4.47111851827e-05, 7.98551991466e-06]
    },
    "erbbands": {
        "max": [1.74691271782, 7.60564136505, 11.4566717148, 52.0083847046, 41.3264274597, 55.67603302, 91.6244125366, 218.671707153, 863.905883789, 676.466247559, 239.339904785, 1138.0916748, 2181.4675293, 1429.2479248, 2760.05126953, 2901.24511719, 1404.03930664, 1072.63427734, 1098.99450684, 1509.01416016, 1208.66845703, 957.197875977, 370.293426514, 639.163208008, 103.879096985, 100.023849487, 154.166381836, 134.433288574, 202.096237183, 151.769058228, 108.332443237, 57.6081695557, 58.9788742065, 32.4895248413, 11.4131774902, 4.50132751465, 1.22452628613, 0.206769898534, 0.0159622412175, 0.000370186055079],
        "mean": [0.106950305402, 0.651159405708, 0.718752861023, 1.54778671265, 2.26265764236, 4.58420848846, 5.46275854111, 15.3734760284, 44.5553321838, 21.5505084991, 18.146818161, 67.1642684937, 91.6624145508, 94.701713562, 145.816696167, 85.6510543823, 57.7784576416, 50.7228088379, 52.7568397522, 71.7411651611, 56.1528511047, 32.6236801147, 27.2284889221, 31.2366600037, 14.2502288818, 10.9415712357, 11.8203601837, 8.4504442215, 4.09785556793, 3.35184669495, 3.5194401741, 2.62415671349, 1.72175765038, 0.998742341995, 0.432371914387, 0.11850143224, 0.0331872403622, 0.0071688122116, 0.00067723961547, 5.17349035363e-05],
        "min": [1.98843789741e-13, 6.96365979203e-13, 2.00576512864e-12, 5.28356958879e-12, 1.00984186291e-11, 8.45990551918e-12, 3.88155523348e-12, 4.69199765846e-12, 7.51820307399e-12, 5.2848749682e-12, 1.4980698973e-11, 3.25196050643e-11, 5.48265217948e-11, 6.7223879241e-11, 4.89535044446e-11, 7.55992629609e-11, 6.23097198837e-11, 3.04340858071e-10, 6.26363849676e-10, 3.49837242508e-10, 1.82210205257e-10, 1.90803262079e-10, 3.2750258061e-10, 4.21206847179e-10, 5.03457220358e-10, 8.86829276681e-10, 5.59244928144e-10, 8.50802317487e-10, 1.02044517281e-09, 6.22375484483e-10, 7.35539240626e-10, 4.16624595934e-10, 6.38322117386e-10, 4.72404115825e-10, 3.90256410521e-10, 2.50208631591e-10, 1.28161786739e-10, 6.28735050134e-11, 1.27801753555e-11, 8.45368588499e-13],
        "stdev": [0.158883303404, 0.892983853817, 0.988936126232, 2.74435997009, 3.89180612564, 6.8103966713, 7.90777254105, 22.1502189636, 89.4932403564, 40.8660469055, 20.5367412567, 89.0930633545, 132.884719849, 144.023162842, 263.268157959, 265.555603027, 104.928108215, 78.5685348511, 85.473526001, 113.912635803, 103.312065125, 58.8312225342, 33.5778656006, 46.6917190552, 13.0420637131, 11.1237516403, 16.6452922821, 11.2055130005, 9.46716022491, 8.35188102722, 6.21718597412, 4.37557077408, 3.50086927414, 2.19428873062, 0.860205948353, 0.270195603371, 0.0690396204591, 0.0133350733668, 0.00144088035449, 4.32274828199e-05]
    },
    "gfcc": {
        "mean": [17.1048488617, 66.3957443237, -153.233108521, 7.03835105896, -64.6423721313, 17.3055381775, -33.8425483704, 15.1245346069, -22.9472026825, 1.88388621807, -14.6124248505, 2.03668761253, -5.47942638397],
        "cov": [[6440.87890625, 905.603637695, 1428.08154297, 1212.45812988, 659.879882812, 431.669555664, 35.1060676575, 182.44140625, 212.966690063, 277.655883789, 426.928710938, 364.81149292, 265.465118408], [905.603637695, 1004.84729004, 734.002502441, 614.371154785, 307.617492676, 113.908660889, 25.1536445618, -11.2691345215, 113.355537415, 152.482849121, 287.669921875, 129.66569519, 127.424186707], [1428.08154297, 734.002502441, 1290.04016113, 843.047790527, 413.940032959, 179.607833862, -18.0304965973, 4.95430326462, 112.179489136, 195.580581665, 287.280426025, 201.839691162, 103.571334839], [1212.45812988, 614.371154785, 843.047790527, 796.147399902, 348.305999756, 137.993438721, -36.0064926147, -3.14624619484, 100.201972961, 128.877929688, 223.639526367, 158.989807129, 117.739059448], [659.879882812, 307.617492676, 413.940032959, 348.305999756, 339.627441406, 132.487045288, 43.5001106262, 19.1399860382, 46.8214111328, 62.2796440125, 94.515663147, 100.533309937, 79.0684127808], [431.669555664, 113.908660889, 179.607833862, 137.993438721, 132.487045288, 166.386459351, 62.3096351624, 26.1312522888, 21.3899860382, 32.2784690857, 55.4769172668, 38.280254364, 30.149105072], [35.1060676575, 25.1536445618, -18.0304965973, -36.0064926147, 43.5001106262, 62.3096351624, 137.571517944, 31.2956142426, 16.1430397034, 26.0836429596, 23.4158859253, 3.325715065, -11.2495679855], [182.44140625, -11.2691345215, 4.95430326462, -3.14624619484, 19.1399860382, 26.1312522888, 31.2956142426, 113.200378418, 45.6904182434, 4.86711025238, -8.86728000641, -6.66202306747, 17.7209339142], [212.966690063, 113.355537415, 112.179489136, 100.201972961, 46.8214111328, 21.3899860382, 16.1430397034, 45.6904182434, 86.6106719971, 51.3964042664, 53.2414855957, 17.2426357269, 21.8154830933], [277.655883789, 152.482849121, 195.580581665, 128.877929688, 62.2796440125, 32.2784690857, 26.0836429596, 4.86711025238, 51.3964042664, 120.306686401, 115.136299133, 43.4726142883, 7.40569257736], [426.928710938, 287.669921875, 287.280426025, 223.639526367, 94.515663147, 55.4769172668, 23.4158859253, -8.86728000641, 53.2414855957, 115.136299133, 214.823669434, 82.2324676514, 29.2142772675], [364.81149292, 129.66569519, 201.839691162, 158.989807129, 100.533309937, 38.280254364, 3.325715065, -6.66202306747, 17.2426357269, 43.4726142883, 82.2324676514, 94.6679763794, 43.846408844], [265.465118408, 127.424186707, 103.571334839, 117.739059448, 79.0684127808, 30.149105072, -11.2495679855, 17.7209339142, 21.8154830933, 7.40569257736, 29.2142772675, 43.846408844, 91.6119155884]],
        "icov": [[0.000265594979282, 1.40872070915e-05, -1.3849966308e-05, -0.000240516339545, 6.19100392214e-05, -0.00037889360101, 0.000140843098052, -0.000439999479568, 9.83378777164e-05, -0.000184653967153, 2.77773051494e-05, -0.000478339556139, -7.91888815002e-05], [1.40872070915e-05, 0.00289610959589, -0.000706948048901, -0.000819981447421, -0.000707150960807, 0.000962161109783, -0.00117612467147, 0.00116527348291, -0.000909962633159, 0.000901845807675, -0.00282737240195, 0.00274120317772, -0.00255868560635], [-1.3849966308e-05, -0.000706948048901, 0.00322047877125, -0.00236824923195, -0.000461843417725, -0.000723383040167, 0.000988040934317, -0.000940631842241, 0.000887217116542, -0.00196026288904, 0.000693227222655, -0.00199751695618, 0.00204830849543], [-0.000240516339545, -0.000819981447421, -0.00236824923195, 0.00634457590058, -0.0019872544799, -0.000384479644708, 0.00216694269329, 0.00144294241909, -0.00256709149107, 0.00142590154428, -0.00101146136876, -0.000146559454151, -0.000921736471355], [6.19100392214e-05, -0.000707150960807, -0.000461843417725, -0.0019872544799, 0.00840175431222, -0.00303736072965, -0.00212498661131, -0.000146901234984, 0.000203323113965, -0.000800736714154, 0.00299295340665, -0.00411931844428, -0.00157056492753], [-0.00037889360101, 0.000962161109783, -0.000723383040167, -0.000384479644708, -0.00303736072965, 0.0116764986888, -0.00473178597167, -0.000527551863343, 0.00142240605783, 0.00142461317591, -0.00233531882986, 0.00287165795453, -0.00171217950992], [0.000140843098052, -0.00117612467147, 0.000988040934317, 0.00216694269329, -0.00212498661131, -0.00473178597167, 0.0124698504806, -0.00284367660061, -0.00025685178116, -0.0023389516864, -0.000170035142219, -0.00168875104282, 0.00391107145697], [-0.000439999479568, 0.00116527348291, -0.000940631842241, 0.00144294241909, -0.000146901234984, -0.000527551863343, -0.00284367660061, 0.0153128765523, -0.00973861850798, 0.00235243397765, 0.000715301022865, 0.00300816842355, -0.00368662714027], [9.83378777164e-05, -0.000909962633159, 0.000887217116542, -0.00256709149107, 0.000203323113965, 0.00142240605783, -0.00025685178116, -0.00973861850798, 0.0243236087263, -0.00848412979394, -0.000544306181837, 0.00252513261512, -0.00165575637948], [-0.000184653967153, 0.000901845807675, -0.00196026288904, 0.00142590154428, -0.000800736714154, 0.00142461317591, -0.0023389516864, 0.00235243397765, -0.00848412979394, 0.0222967434675, -0.00970428157598, 0.000489569385536, 0.00222250446677], [2.77773051494e-05, -0.00282737240195, 0.000693227222655, -0.00101146136876, 0.00299295340665, -0.00233531882986, -0.000170035142219, 0.000715301022865, -0.000544306181837, -0.00970428157598, 0.016245149076, -0.0088398149237, 0.00235895020887], [-0.000478339556139, 0.00274120317772, -0.00199751695618, -0.000146559454151, -0.00411931844428, 0.00287165795453, -0.00168875104282, 0.00300816842355, 0.00252513261512, 0.000489569385536, -0.0088398149237, 0.0279751010239, -0.00937016215175], [-7.91888815002e-05, -0.00255868560635, 0.00204830849543, -0.000921736471355, -0.00157056492753, -0.00171217950992, 0.00391107145697, -0.00368662714027, -0.00165575637948, 0.00222250446677, 0.00235895020887, -0.00937016215175, 0.0206323005259]]
    },
    "melbands": {
        "max": [0.0135270366445, 0.00545905530453, 0.00710917636752, 0.00267602060921, 0.00280469027348, 0.00498656509444, 0.0136077115312, 0.00611937278882, 0.0022562337108, 0.00783172249794, 0.0111129563302, 0.0053581292741, 0.00841575674713, 0.0068768626079, 0.00312597095035, 0.00338353472762, 0.00177019077819, 0.00239473604597, 0.00167919008527, 0.00168201851193, 0.00141010480002, 0.000790304446127, 0.000995154492557, 0.000466407014756, 0.000623536470812, 0.000138157411129, 4.84993979626e-05, 7.05006023054e-05, 0.000148752340465, 9.88680985756e-05, 8.04762166808e-05, 0.000111068096885, 0.000124180631246, 8.81720698089e-05, 6.43480889266e-05, 4.61559247924e-05, 4.01142606279e-05, 4.7832250857e-05, 3.19742466672e-05, 2.51145575021e-05],
        "mean": [0.000947321299464, 0.000543625326827, 0.000277603190625, 0.000238759195781, 0.000215639069211, 0.000328737747623, 0.000669425178785, 0.000198417590582, 0.000163657037774, 0.000448838924058, 0.000450363470009, 0.000364441366401, 0.000442129094154, 0.000304154295009, 0.000139416588354, 0.000111920016934, 9.46688087424e-05, 7.74180734879e-05, 8.78648934304e-05, 0.000107866406324, 5.52566052647e-05, 3.1954023143e-05, 3.24391003232e-05, 2.21089085244e-05, 2.64706486632e-05, 1.08918839032e-05, 7.48177399146e-06, 7.09127789378e-06, 7.70698807173e-06, 6.20439959675e-06, 4.66318715553e-06, 2.27387999985e-06, 1.84934867775e-06, 1.8812778535e-06, 2.12482382267e-06, 1.77356662334e-06, 1.55344037012e-06, 1.31107890411e-06, 9.14628458304e-07, 8.23681489237e-07],
        "min": [1.74212760273e-15, 1.01180181956e-15, 1.06312545166e-15, 7.00571315674e-16, 1.69259761583e-16, 1.08038794342e-16, 1.03792227748e-16, 8.00004950104e-17, 1.07570583645e-16, 2.39392183792e-16, 2.70117165753e-16, 2.67741211866e-16, 1.52034565742e-16, 2.24743569532e-16, 1.6548546218e-16, 1.39154119525e-16, 6.38312911743e-16, 1.10277146403e-15, 6.40851204789e-16, 3.36856850431e-16, 1.86021656872e-16, 2.21784486401e-16, 1.5251828773e-16, 3.46895752573e-16, 3.37348420708e-16, 4.04142606662e-16, 3.3551305913e-16, 6.95343534203e-16, 3.03689978362e-16, 4.99252601117e-16, 4.41678262915e-16, 5.17831210024e-16, 4.61376728787e-16, 3.63591910164e-16, 4.83962227051e-16, 2.95477041026e-16, 2.32479786137e-16, 5.3136446718e-16, 2.79142248866e-16, 4.40200958045e-16],
        "stdev": [0.00129776727408, 0.000693231064361, 0.000439118855866, 0.000323408632539, 0.000328967173118, 0.000477200024761, 0.00135428656358, 0.000369127199519, 0.000207170669455, 0.000608544098213, 0.00066973164212, 0.000584403635003, 0.000759390357416, 0.000706965045538, 0.000329228001647, 0.000247320829658, 0.000166219455423, 0.000151996340719, 0.000148070088471, 0.000184977077879, 0.000124905884149, 6.30951544736e-05, 5.74444275117e-05, 3.02514108625e-05, 4.3672236643e-05, 1.26309178086e-05, 6.35271089777e-06, 8.01264741312e-06, 1.29315913e-05, 8.69214363775e-06, 6.7985329224e-06, 5.26475969309e-06, 5.63412595511e-06, 4.60216006104e-06, 3.88870739698e-06, 2.89168656309e-06, 2.76857531389e-06, 2.72647594102e-06, 1.96282917386e-06, 1.88046954008e-06]
    },
    "melbands128": {
        "max": [0.00305838673376, 0.0142795825377, 0.0210870541632, 0.012305220589, 0.00485629308969, 0.0116771999747, 0.0131347235292, 0.00403057737276, 0.00552885234356, 0.00298057682812, 0.00360925495625, 0.00588456820697, 0.00351312523708, 0.00429170858115, 0.0061644599773, 0.0115053514019, 0.0115474574268, 0.0254466794431, 0.0142720453441, 0.0124158617109, 0.00674622366205, 0.00286140921526, 0.00406790291891, 0.00518193468451, 0.00753126479685, 0.0139474989846, 0.00586393941194, 0.0218008328229, 0.0107589075342, 0.010987018235, 0.0096090901643, 0.0126032456756, 0.0108173023909, 0.015580508858, 0.0052748224698, 0.0142746167257, 0.011257564649, 0.00488729774952, 0.00475976895541, 0.0071574440226, 0.00733768288046, 0.00726800039411, 0.00217117206194, 0.00429727043957, 0.00729685183614, 0.00423241080716, 0.00345054944046, 0.00302452570759, 0.00425500096753, 0.00396365998313, 0.00357189029455, 0.00456908671185, 0.00379100465216, 0.00338664604351, 0.00161224545445, 0.00168543693144, 0.00260862475261, 0.00279302918352, 0.000809712626506, 0.000715571106412, 0.000954875082243, 0.000861268956214, 0.00134647707455, 0.000729570980184, 0.000469722523121, 0.00026911313762, 0.000194083389943, 0.000114763817692, 8.4751387476e-05, 0.000136088696308, 0.000154278066475, 0.000121678836877, 0.000242278983933, 0.00029706271016, 0.000223225943046, 0.000168985425262, 0.000245125440415, 8.65867914399e-05, 0.00010327767086, 0.000112245834316, 0.000114335482067, 0.00014134158846, 9.70135661191e-05, 0.000168326674611, 0.00011035217176, 9.47618027567e-05, 0.000104459541035, 0.000109073829663, 4.72715182696e-05, 9.32483308134e-05, 6.67023996357e-05, 3.73307884729e-05, 3.52154165739e-05, 4.33775894635e-05, 4.66678466182e-05, 5.64740112168e-05, 5.1554703532e-05, 4.07031184295e-05, 3.54796029569e-05, 3.70040324924e-05, 3.51712296833e-05, 2.5388375434e-05, 2.17205488298e-05, 1.61425359693e-05, 1.43709012264e-05, 1.29393229145e-05, 7.45663101043e-06, 1.18061625471e-05, 9.10952894628e-06, 7.08212292011e-06, 5.38792119187e-06, 5.41542749488e-06, 6.22427114649e-06, 2.13860812437e-06, 5.77529544898e-06, 2.16012722376e-06, 1.18487412237e-06, 9.32042496515e-07, 9.63226057138e-07, 6.53753090774e-07, 4.35943377397e-07, 4.80625828914e-07, 1.63770437211e-07, 2.78493175188e-08, 2.73391798089e-08, 2.69410254106e-08, 2.6656811869e-08, 2.64880011258e-08],
        "mean": [0.000165354722412, 0.000804565206636, 0.0014403895475, 0.000938767043408, 0.000371060770703, 0.000350084010279, 0.000334432668751, 0.000234090999584, 0.00022090098355, 0.000217766719288, 0.000257256440818, 0.000307801528834, 0.000143833560287, 0.000168314596522, 0.000358426914318, 0.000371578673366, 0.000536849664059, 0.00101421901491, 0.000443357275799, 0.000152985259774, 0.00012989147217, 9.38564771786e-05, 0.000148918639752, 0.000237716725678, 0.000448279461125, 0.000566933187656, 0.000381970981834, 0.000569113821257, 0.000321167521179, 0.000389615946915, 0.000398470467189, 0.000291553034913, 0.000344075175235, 0.000801455578767, 0.000178284914, 0.000290067342576, 0.000232352147577, 6.80826851749e-05, 0.000140767151606, 0.000141381169669, 0.000112833047751, 5.26504227309e-05, 0.000103231002868, 0.000120616961794, 5.2103674534e-05, 7.3161922046e-05, 0.000103784477687, 7.82956703915e-05, 8.60512081999e-05, 9.77160452749e-05, 0.000136934395414, 8.76337071531e-05, 5.57728708372e-05, 4.60424125777e-05, 3.88293337892e-05, 2.19011999434e-05, 3.12276897603e-05, 4.85153832415e-05, 2.41903799179e-05, 2.18239601963e-05, 1.5660047211e-05, 2.21892241825e-05, 4.90204329253e-05, 1.89514103113e-05, 8.77350248629e-06, 1.10733035399e-05, 1.27840003188e-05, 7.26771349946e-06, 5.97769940214e-06, 8.08850563772e-06, 6.29933765595e-06, 7.42584825275e-06, 7.76002343628e-06, 7.97026314103e-06, 6.63621995045e-06, 8.209648513e-06, 4.77015419165e-06, 4.13801353716e-06, 6.09796552453e-06, 3.41657414538e-06, 2.03412969313e-06, 2.0640893581e-06, 1.93110327018e-06, 1.75629315891e-06, 1.91092158275e-06, 1.57267197665e-06, 1.94596600522e-06, 2.33794889937e-06, 2.14526198761e-06, 1.97779877453e-06, 1.92354809769e-06, 1.66243955846e-06, 1.64097343713e-06, 1.42563101235e-06, 1.75262448465e-06, 1.30472494675e-06, 1.40396036841e-06, 9.31001466142e-07, 9.49268439854e-07, 8.38665584979e-07, 8.77780450992e-07, 8.35760715745e-07, 7.70001861383e-07, 5.85680425047e-07, 4.81472454794e-07, 4.03204040822e-07, 2.73020020813e-07, 2.2089380991e-07, 1.903931377e-07, 1.58784175142e-07, 1.2777637437e-07, 1.14342519453e-07, 1.09831262307e-07, 7.57692646403e-08, 7.26435942511e-08, 6.48426450311e-08, 5.11137194792e-08, 4.10922211813e-08, 3.38762475849e-08, 1.9258928674e-08, 1.30093633643e-08, 7.9083823934e-09, 3.32553251603e-09, 8.73847313954e-11, 2.16527490382e-11, 2.13020729528e-11, 2.10588629868e-11, 2.09242709964e-11],
        "min": [2.69198018538e-15, 2.02329002517e-15, 1.41531169261e-15, 1.06632141285e-15, 9.62824256968e-16, 9.79653213443e-16, 1.04790363432e-15, 1.12275911224e-15, 1.06558587061e-15, 7.71067856171e-16, 4.23477298353e-16, 2.21753172652e-16, 1.23331795534e-16, 6.13453884405e-17, 8.17054598366e-17, 1.50556850592e-16, 1.59426741387e-16, 1.00606404485e-16, 3.19656072962e-17, 2.04347476075e-17, 1.25776663492e-16, 1.94648277158e-16, 8.91130276582e-17, 3.07234467139e-17, 1.66616674681e-16, 3.39645521121e-16, 3.86275955417e-16, 2.61779185179e-16, 1.5833048223e-16, 2.53984629179e-16, 3.35245105551e-16, 2.51500122726e-16, 6.99124054005e-17, 1.310492583e-16, 2.49178961283e-16, 2.73194065874e-16, 1.48556396998e-16, 1.98014372856e-16, 1.51644626184e-16, 6.9427075374e-17, 9.65239703766e-17, 2.95809872035e-16, 3.99260202875e-16, 9.35555090022e-16, 1.30243756437e-15, 1.1385335127e-15, 8.70474054674e-16, 7.51944658019e-16, 4.82111195363e-16, 3.75743524234e-16, 3.79802559057e-16, 2.30701784572e-16, 1.51962885579e-16, 1.51307851178e-16, 2.64648350469e-16, 2.79741683495e-16, 1.6464229382e-16, 2.33826869617e-17, 1.20117318734e-16, 4.52176256914e-16, 3.88432448361e-16, 2.90357441544e-16, 1.76234204401e-16, 3.88937200588e-16, 5.19794897093e-16, 4.27235160024e-16, 3.36762538606e-16, 3.05700278713e-16, 2.99140723221e-16, 3.85150539798e-16, 7.78591785144e-16, 9.45652252149e-16, 3.45507862619e-16, 1.5922342701e-16, 2.34226844531e-16, 3.99258244111e-16, 7.12926085303e-16, 6.28846736223e-16, 3.85130237477e-16, 3.13076109269e-16, 1.56421971416e-16, 7.55237922118e-16, 1.04765873592e-15, 3.4997188507e-16, 3.6772946097e-17, 2.86470857335e-16, 5.20681528831e-16, 4.38084010952e-16, 6.81602383397e-16, 2.43821424952e-16, 4.20147638307e-16, 3.06168079128e-16, 1.06368842417e-16, 2.29081331134e-16, 2.05085589188e-16, 5.86314829661e-16, 6.49120893332e-16, 4.52984379285e-16, 1.20827714679e-16, 2.35102067793e-16, 5.15845817735e-16, 1.99962297171e-16, 7.86387664632e-16, 7.02612453319e-16, 2.72065341532e-16, 4.23656842868e-16, 2.67464867367e-16, 4.62603020736e-16, 6.00116596262e-16, 4.31172222102e-16, 1.2255040764e-16, 2.72975610782e-16, 6.58980303898e-16, 3.80146745601e-16, 3.56451104781e-16, 2.46859493906e-16, 9.5197185909e-16, 3.44527342573e-16, 3.7692701455e-16, 3.15488538512e-16, 5.7407080959e-16, 3.09074672687e-16, 1.42597718738e-16, 1.93868133344e-16, 3.57463547381e-16, 1.22610546979e-16, 2.37045462468e-17, 7.70740673151e-18],
        "stdev": [0.000333965435857, 0.00134862144478, 0.001993766753, 0.00136227230541, 0.00053735030815, 0.000640949525405, 0.000664203194901, 0.000402541918447, 0.000470867817057, 0.00034829240758, 0.000413537432905, 0.00063560588751, 0.000262020912487, 0.000275991478702, 0.000629277899861, 0.000828471092973, 0.000998209347017, 0.00248165382072, 0.00112803431693, 0.000494980136864, 0.000297496007988, 0.000146320846397, 0.000261036097072, 0.000421230855864, 0.000671575893648, 0.00100765784737, 0.000618674617726, 0.00116159731988, 0.000643669452984, 0.000700553646311, 0.000926972134039, 0.000847621762659, 0.000736372719985, 0.00184619612992, 0.000499439891428, 0.00127713859547, 0.00103870464955, 0.00023565167794, 0.00034332217183, 0.000383403734304, 0.000379460194381, 0.000271123717539, 0.000191716200789, 0.000276480306638, 0.00030587989022, 0.000178530812263, 0.000253806269029, 0.000222998292884, 0.0002206684876, 0.000286247959593, 0.000302383123199, 0.000219109570025, 0.000213364968658, 0.00017156242393, 0.00010438697791, 7.7022552432e-05, 0.000112915491627, 0.000125095582916, 4.21110889874e-05, 4.74474290968e-05, 4.4941320084e-05, 4.82726900373e-05, 0.000101342746348, 4.30352229159e-05, 2.60290344158e-05, 1.66137506312e-05, 1.90187001863e-05, 9.31424074224e-06, 7.42340444049e-06, 1.1260732208e-05, 1.12648667709e-05, 1.05993703983e-05, 1.76265712071e-05, 2.11510669033e-05, 1.43614352055e-05, 1.32851700982e-05, 1.19722762975e-05, 8.60161071614e-06, 1.04415585156e-05, 7.4157974268e-06, 5.13127815793e-06, 6.56887959849e-06, 5.63406547371e-06, 6.79643335388e-06, 5.09532446813e-06, 4.80301332573e-06, 5.16296040587e-06, 5.38400399819e-06, 3.85381190426e-06, 4.18805075242e-06, 3.69316398974e-06, 2.77121171166e-06, 2.80406402453e-06, 3.0138164675e-06, 3.33331990987e-06, 2.92797108159e-06, 3.15733427669e-06, 2.30190539696e-06, 1.99442865778e-06, 1.99850114768e-06, 2.23837309932e-06, 2.09577319765e-06, 1.6162942984e-06, 1.22157882743e-06, 1.08456970338e-06, 8.71094243848e-07, 6.09753840308e-07, 5.92904086716e-07, 5.07841662056e-07, 4.4856903969e-07, 2.9743404184e-07, 2.60580435452e-07, 2.6351381166e-07, 1.47839514852e-07, 2.0029798975e-07, 1.27501920133e-07, 1.01281585785e-07, 9.64672182135e-08, 8.1756418524e-08, 5.1476263252e-08, 3.69014188095e-08, 3.00123907948e-08, 1.30012089983e-08, 9.34160304666e-10, 7.0488809234e-10, 6.94621637987e-10, 6.87291445978e-10, 6.829402599e-10]
    },
    "mfcc": {
        "mean": [-616.499450684, 103.652893066, -30.8262023926, -4.8001241684, -8.83253574371, -3.75899982452, 0.0321123152971, 5.53775501251, 2.39545273781, 3.68006896973, -5.68957519531, -0.0758843719959, -3.10533046722],
        "cov": [[4534.68798828, 361.397644043, 1003.20758057, 820.162597656, 777.897155762, 370.332275391, 243.561691284, 138.66583252, 127.843605042, -13.8443641663, 23.3056755066, 339.240203857, 296.690856934], [361.397644043, 570.707580566, 367.04486084, 330.729888916, 240.214050293, 149.624755859, 91.2763900757, -3.85616374016, -20.9173316956, 13.9431018829, 27.6056785583, 108.35055542, 122.132347107], [1003.20758057, 367.04486084, 983.480163574, 638.316467285, 503.8621521, 255.081771851, 106.582679749, -11.431511879, -33.1628494263, -36.6140861511, 34.8522109985, 227.79649353, 221.577911377], [820.162597656, 330.729888916, 638.316467285, 639.686645508, 445.945068359, 224.573150635, 80.3550491333, 5.09032726288, -1.34815812111, -49.4676170349, -4.05387115479, 184.531036377, 174.01260376], [777.897155762, 240.214050293, 503.8621521, 445.945068359, 455.222106934, 191.614685059, 75.2291030884, 37.5847930908, 25.4728069305, -29.9438438416, -16.7231903076, 116.435531616, 127.247200012], [370.332275391, 149.624755859, 255.081771851, 224.573150635, 191.614685059, 221.680252075, 92.203956604, 24.1932792664, -9.79437541962, -19.0241260529, 21.2420654297, 55.9898529053, 78.9438858032], [243.561691284, 91.2763900757, 106.582679749, 80.3550491333, 75.2291030884, 92.203956604, 122.397071838, 33.2930374146, 3.74800419807, 10.7200555801, 29.1290645599, 40.7897453308, 47.6677093506], [138.66583252, -3.85616374016, -11.431511879, 5.09032726288, 37.5847930908, 24.1932792664, 33.2930374146, 92.6777191162, 45.3359909058, 20.9293251038, -1.96444416046, -30.0650310516, -1.99648332596], [127.843605042, -20.9173316956, -33.1628494263, -1.34815812111, 25.4728069305, -9.79437541962, 3.74800419807, 45.3359909058, 104.509529114, 34.5307540894, -9.2471704483, -27.374797821, -13.0657901764], [-13.8443641663, 13.9431018829, -36.6140861511, -49.4676170349, -29.9438438416, -19.0241260529, 10.7200555801, 20.9293251038, 34.5307540894, 94.8798599243, 28.3170013428, -12.1769714355, -10.3223705292], [23.3056755066, 27.6056785583, 34.8522109985, -4.05387115479, -16.7231903076, 21.2420654297, 29.1290645599, -1.96444416046, -9.2471704483, 28.3170013428, 81.7048339844, 37.9743270874, 26.2449073792], [339.240203857, 108.35055542, 227.79649353, 184.531036377, 116.435531616, 55.9898529053, 40.7897453308, -30.0650310516, -27.374797821, -12.1769714355, 37.9743270874, 184.238494873, 106.893867493], [296.690856934, 122.132347107, 221.577911377, 174.01260376, 127.247200012, 78.9438858032, 47.6677093506, -1.99648332596, -13.0657901764, -10.3223705292, 26.2449073792, 106.893867493, 128.481658936]],
        "icov": [[0.00036144873593, 8.99306105566e-05, -0.000134110116051, 1.07846935862e-05, -0.000320807303069, -2.6706027711e-05, -0.000262015091721, -0.000286239432171, -0.0003700547677, 3.60315789294e-05, 8.78201171872e-05, -0.000427086168202, 2.60770448222e-05], [8.99306105566e-05, 0.00294690160081, 3.30241309712e-05, -0.00126725109294, -0.000359728903277, -3.8817175664e-05, -0.00121056591161, 0.000779041554779, 0.000794896157458, -0.00154278625268, -2.70132168225e-05, 0.000584633031394, -0.0010321958689], [-0.000134110116051, 3.30241309712e-05, 0.0037868830841, -0.00206526275724, -0.00188197777607, 4.72579667985e-05, -6.26853652648e-05, 0.00106880476233, 0.0013366471976, -0.00067656225292, -0.00130218395498, 0.000222102782573, -0.00141786388122], [1.07846935862e-05, -0.00126725109294, -0.00206526275724, 0.00822688918561, -0.00350912869908, -0.00199179514311, 0.00150208873674, 9.98664545477e-05, -0.00138027057983, 0.00161452987231, 0.00162688724231, -0.0026663125027, -0.000382013240596], [-0.000320807303069, -0.000359728903277, -0.00188197777607, -0.00350912869908, 0.00978842750192, -0.00217948621139, 0.000544698210433, -0.0023440758232, -0.00180768070277, 0.000290339434287, 0.00297815422527, -0.000160302588483, -0.00014813519374], [-2.6706027711e-05, -3.8817175664e-05, 4.72579667985e-05, -0.00199179514311, -0.00217948621139, 0.0109723284841, -0.00551296910271, -0.000126249433379, 0.00167287443765, 0.00157376320567, -0.00271953968331, 0.00303252320737, -0.00149606901687], [-0.000262015091721, -0.00121056591161, -6.26853652648e-05, 0.00150208873674, 0.000544698210433, -0.00551296910271, 0.0153780812398, -0.00483062909916, 0.000333568517817, -0.000636231794488, -0.0019101271173, -0.00214424612932, -0.00094609183725], [-0.000286239432171, 0.000779041554779, 0.00106880476233, 9.98664545477e-05, -0.0023440758232, -0.000126249433379, -0.00483062909916, 0.0183086581528, -0.00488269794732, -0.0016753267264, -0.000400598364649, 0.00461371801794, -0.00197005248629], [-0.0003700547677, 0.000794896157458, 0.0013366471976, -0.00138027057983, -0.00180768070277, 0.00167287443765, 0.000333568517817, -0.00488269794732, 0.0155443632975, -0.00538168055937, 0.00112137454562, 0.00147967913654, -8.57596241985e-05], [3.60315789294e-05, -0.00154278625268, -0.00067656225292, 0.00161452987231, 0.000290339434287, 0.00157376320567, -0.000636231794488, -0.0016753267264, -0.00538168055937, 0.0160455144942, -0.00585948675871, 9.68732911133e-06, 0.00124962336849], [8.78201171872e-05, -2.70132168225e-05, -0.00130218395498, 0.00162688724231, 0.00297815422527, -0.00271953968331, -0.0019101271173, -0.000400598364649, 0.00112137454562, -0.00585948675871, 0.0194524899125, -0.00419228896499, -0.00155329587869], [-0.000427086168202, 0.000584633031394, 0.000222102782573, -0.0026663125027, -0.000160302588483, 0.00303252320737, -0.00214424612932, 0.00461371801794, 0.00147967913654, 9.68732911133e-06, -0.00419228896499, 0.0145694483072, -0.00829250644892], [2.60770448222e-05, -0.0010321958689, -0.00141786388122, -0.000382013240596, -0.00014813519374, -0.00149606901687, -0.00094609183725, -0.00197005248629, -8.57596241985e-05, 0.00124962336849, -0.00155329587869, -0.00829250644892, 0.0203612949699]]
    },
    "spectral_contrast_coeffs": {
        "max": [-0.538068473339, -0.480011761189, -0.470878124237, -0.58838814497, -0.576743543148, -0.634105682373],
        "mean": [-0.747171700001, -0.707897901535, -0.708002686501, -0.756279110909, -0.771846711636, -0.769758820534],
        "min": [-0.952360630035, -0.964769303799, -0.978390693665, -0.947515904903, -0.947998642921, -0.93699234724],
        "stdev": [0.0646449401975, 0.0736425146461, 0.0795086696744, 0.0660391673446, 0.0460226461291, 0.0300317127258]
    },
    "spectral_contrast_valleys": {
        "max": [-5.20989179611, -5.17817544937, -5.30492305756, -6.05772590637, -6.0748128891, -7.7419924736],
        "mean": [-7.39093828201, -6.70062923431, -6.78805589676, -7.13008594513, -7.3174290657, -9.94800853729],
        "min": [-19.5751419067, -19.2294769287, -18.8313503265, -19.1168632507, -18.8481559753, -19.8615856171],
        "stdev": [1.51953876019, 0.777791917324, 0.666355550289, 0.589498460293, 0.620803833008, 0.774480342865]
    }
},
"rhythm": {
    "beats_count": 83,
    "beats_loudness": {
        "max": 0.0816483050585,
        "mean": 0.0328182652593,
        "min": 0.000860040308908,
        "stdev": 0.0159057639539
    },
    "bpm": 165.695709229,
    "bpm_histogram_first_peak_bpm": 167,
    "bpm_histogram_first_peak_weight": 0,
    "bpm_histogram_second_peak_bpm": 172,
    "bpm_histogram_second_peak_spread": 0,
    "bpm_histogram_second_peak_weight": 0.18292683363,
    "danceability": 0.922061622143,
    "onset_rate": 2.12178015709,
    "beats_loudness_band_ratio": {
        "max": [0.61877322197, 0.493440300226, 0.836949288845, 0.800087809563, 0.645953595638, 0.417779475451],
        "mean": [0.161296010017, 0.0853239446878, 0.28150588274, 0.305425882339, 0.156913980842, 0.050650510937],
        "min": [0.000107385101728, 0.000222850401769, 0.0116821695119, 0.0219376515597, 0.0114166205749, 0.00696171727031],
        "stdev": [0.155311122537, 0.100754514337, 0.196424722672, 0.185567528009, 0.128388091922, 0.0583662427962]
    },
