{
"metadata": {
    "version": {
        "essentia": "2.1-beta5",
        "essentia_git_sha": "Undefined",
        "extractor": "music 2.0"
    },
    "audio_properties": {
        "analysis": {
            "equal_loudness": 0,
            "length": 32.4963264465,
            "sample_rate": 44100,
            "start_time": 12.7477550507,
            "downmix": "mix"
        },
        "bit_rate": 192000,
        "length": 190.531356812,
        "lossless": 0,
        "number_channels": 2,
        "replay_gain": -14.6458797455,
        "sample_rate": 48000,
        "codec": "mp3",
        "md5_encoded": "bdbba9f63a72614c565e92e12e1d0f14"
    },
    "tags": {
        "file_name": "Russia_Mamo_Anastasia Prikhodko.mp3",
        "encoding": ["Lavf58.29.100"]
    }
},
"lowlevel": {
    "average_loudness": 0.981292486191,
    "barkbands_crest": {
        "max": 25.0548095703,
        "mean": 10.3529510498,
        "min": 2.93941640854,
        "stdev": 3.83768010139
    },
    "barkbands_flatness_db": {
        "max": 0.25663882494,
        "mean": 0.136552467942,
        "min": 0.0552887879312,
        "stdev": 0.0332543849945
    },
    "barkbands_kurtosis": {
        "max": 53.0548019409,
        "mean": 4.21561765671,
        "min": -1.93226480484,
        "stdev": 5.62456226349
    },
    "barkbands_skewness": {
        "max": 7.09783172607,
        "mean": 1.74292302132,
        "min": -2.9182240963,
        "stdev": 1.06316208839
    },
    "barkbands_spread": {
        "max": 111.59173584,
        "mean": 32.1188697815,
        "min": 3.6015086174,
        "stdev": 20.9127635956
    },
    "dissonance": {
        "max": 0.499737948179,
        "mean": 0.456584006548,
        "min": 0.267522662878,
        "stdev": 0.0313952863216
    },
    "dynamic_complexity": 1.66603147984,
    "erbbands_crest": {
        "max": 27.0423278809,
        "mean": 10.7967853546,
        "min": 2.87317228317,
        "stdev": 5.08562898636
    },
    "erbbands_flatness_db": {
        "max": 0.246814206243,
        "mean": 0.135532975197,
        "min": 0.0635582432151,
        "stdev": 0.0326914675534
    },
    "erbbands_kurtosis": {
        "max": 14.8048858643,
        "mean": 0.525052428246,
        "min": -1.83264029026,
        "stdev": 2.46894192696
    },
    "erbbands_skewness": {
        "max": 3.27288937569,
        "mean": 0.634219348431,
        "min": -3.14837145805,
        "stdev": 0.956000030041
    },
    "erbbands_spread": {
        "max": 141.093032837,
        "mean": 59.134475708,
        "min": 10.6888599396,
        "stdev": 24.2761688232
    },
    "hfc": {
        "max": 287.04888916,
        "mean": 33.8909263611,
        "min": 1.07609522343,
        "stdev": 33.0197982788
    },
    "loudness_ebu128": {
        "integrated": -8.26083660126,
        "loudness_range": 0.809173583984,
        "momentary": {
            "max": -5.6966753006,
            "mean": -8.37201499939,
            "min": -11.1642618179,
            "stdev": 0.988948523998
        },
        "short_term": {
            "max": -7.53429889679,
            "mean": -8.22069072723,
            "min": -9.30477523804,
            "stdev": 0.307911574841
        }
    },
    "melbands_crest": {
        "max": 30.651014328,
        "mean": 14.2677659988,
        "min": 4.14381027222,
        "stdev": 4.71001291275
    },
    "melbands_flatness_db": {
        "max": 0.328880101442,
        "mean": 0.176767975092,
        "min": 0.0354040451348,
        "stdev": 0.0457355380058
    },
    "melbands_kurtosis": {
        "max": 214.5259552,
        "mean": 18.1635322571,
        "min": -1.81446409225,
        "stdev": 16.6362438202
    },
    "melbands_skewness": {
        "max": 12.3710203171,
        "mean": 3.24730563164,
        "min": -0.606110095978,
        "stdev": 1.40446937084
    },
    "melbands_spread": {
        "max": 200.450927734,
        "mean": 26.960401535,
        "min": 2.22752141953,
        "stdev": 24.1523075104
    },
    "pitch_salience": {
        "max": 0.837238669395,
        "mean": 0.555863201618,
        "min": 0.187301412225,
        "stdev": 0.105009607971
    },
    "silence_rate_20dB": {
        "max": 1,
        "mean": 1,
        "min": 1,
        "stdev": 0
    },
    "silence_rate_30dB": {
        "max": 1,
        "mean": 1,
        "min": 1,
        "stdev": 0
    },
    "silence_rate_60dB": {
        "max": 0,
        "mean": 0,
        "min": 0,
        "stdev": 0
    },
    "spectral_centroid": {
        "max": 4668.546875,
        "mean": 1413.74035645,
        "min": 347.483337402,
        "stdev": 705.718505859
    },
    "spectral_complexity": {
        "max": 51,
        "mean": 16.0863666534,
        "min": 1,
        "stdev": 6.43356704712
    },
    "spectral_decrease": {
        "max": -1.18860615794e-10,
        "mean": -6.42381170479e-09,
        "min": -3.01322700125e-08,
        "stdev": 3.90257115512e-09
    },
    "spectral_energy": {
        "max": 0.117510803044,
        "mean": 0.0273189973086,
        "min": 0.000546213414054,
        "stdev": 0.0155758280307
    },
    "spectral_energyband_high": {
        "max": 0.0306146088988,
        "mean": 0.0025236371439,
        "min": 5.6218024838e-05,
        "stdev": 0.00361226173118
    },
    "spectral_energyband_low": {
        "max": 0.0836507454515,
        "mean": 0.00486731994897,
        "min": 1.60295749083e-05,
        "stdev": 0.0062806699425
    },
    "spectral_energyband_middle_high": {
        "max": 0.0236801467836,
        "mean": 0.00326700368896,
        "min": 9.74513095571e-05,
        "stdev": 0.00301904045045
    },
    "spectral_energyband_middle_low": {
        "max": 0.110864311457,
        "mean": 0.017207570374,
        "min": 0.00026740852627,
        "stdev": 0.0126669369638
    },
    "spectral_entropy": {
        "max": 8.8431558609,
        "mean": 7.76076316833,
        "min": 6.66895961761,
        "stdev": 0.399060547352
    },
    "spectral_flux": {
        "max": 0.276015162468,
        "mean": 0.0835298076272,
        "min": 0.0255552213639,
        "stdev": 0.0363486520946
    },
    "spectral_kurtosis": {
        "max": 8.85153388977,
        "mean": 1.85703742504,
        "min": -1.41861355305,
        "stdev": 1.30340147018
    },
    "spectral_rms": {
        "max": 0.0107072256505,
        "mean": 0.00497623346746,
        "min": 0.000729993917048,
        "stdev": 0.00137468182947
    },
    "spectral_rolloff": {
        "max": 12015.5273438,
        "mean": 2406.41894531,
        "min": 86.1328125,
        "stdev": 2796.36376953
    },
    "spectral_skewness": {
        "max": 2.64623332024,
        "mean": 1.24816083908,
        "min": 0.139936164021,
        "stdev": 0.355498671532
    },
    "spectral_spread": {
        "max": 18593814,
        "mean": 7210514.5,
        "min": 4262839,
        "stdev": 2016024.875
    },
    "spectral_strongpeak": {
        "max": 10.2440576553,
        "mean": 1.23055887222,
        "min": 0.0232023578137,
        "stdev": 1.00761604309
    },
    "zerocrossingrate": {
        "max": 0.369140625,
        "mean": 0.0955821871758,
        "min": 0.0224609375,
        "stdev": 0.0568906925619
    },
    "barkbands": {
        "max": [0.00736973574385, 0.0746623277664, 0.0267131570727, 0.00816050451249, 0.089850910008, 0.0820285379887, 0.0471853800118, 0.0648204237223, 0.0384486094117, 0.0201119128615, 0.0108930943534, 0.0152556700632, 0.0107011878863, 0.0103795742616, 0.00586859695613, 0.0082322852686, 0.004003519658, 0.00409725867212, 0.0037413360551, 0.00559129053727, 0.00540945818648, 0.00814127549529, 0.0108467536047, 0.00588404061273, 0.0202132426202, 0.00554107688367, 4.90956063004e-06],
        "mean": [0.000106707026134, 0.00220942310989, 0.00217562774196, 0.000804363808129, 0.00395461497828, 0.00724953599274, 0.00118166999891, 0.00194092444144, 0.00171575148124, 0.000787450931966, 0.000349135836586, 0.000333110947395, 0.000191635059309, 0.000231765749049, 0.00016572898312, 0.00024533670512, 0.000164643104654, 0.000277396262391, 0.000400888064178, 0.000526485207956, 0.000195760687348, 0.000262346176896, 0.000503331248183, 0.000523125869222, 0.000648400280625, 0.000173795269802, 4.05570794726e-08],
        "min": [6.93008956887e-08, 4.83827352582e-06, 4.17449086854e-07, 1.55332895702e-06, 3.34365176968e-05, 4.84671618324e-05, 6.43928706268e-06, 5.56815757591e-06, 1.89517359104e-05, 5.57458952244e-06, 4.71570911031e-06, 5.56239319849e-06, 1.46245963606e-06, 7.09288030976e-07, 1.5423821651e-06, 2.25301141654e-06, 1.51614528932e-06, 3.32471654474e-06, 1.0922231013e-05, 1.0016547094e-05, 7.63051104968e-07, 1.69881252532e-06, 1.56909536599e-05, 1.41345844895e-05, 2.46018817052e-06, 1.1815001244e-06, 7.16874259607e-12],
        "stdev": [0.000493072671816, 0.00516757555306, 0.0022509121336, 0.000901260529645, 0.00635105930269, 0.00844650994986, 0.00361400074326, 0.00464463094249, 0.00364176090807, 0.00159522949252, 0.000911560258828, 0.00102864322253, 0.000658355071209, 0.000814265338704, 0.000328108202666, 0.000751203682739, 0.0003421579313, 0.000351060181856, 0.000455261848401, 0.000709696323611, 0.000413082481828, 0.000591517309658, 0.000829755445011, 0.000664599065203, 0.00159609352704, 0.000398789939936, 2.32438111425e-07]
    },
    "erbbands": {
        "max": [3.56878352165, 11.0440540314, 24.6075782776, 22.3020515442, 151.794906616, 485.112335205, 484.214996338, 1058.33251953, 848.422485352, 684.595703125, 1039.64135742, 1177.91760254, 809.711791992, 579.03527832, 501.175140381, 776.597106934, 577.501342773, 608.815429688, 305.664581299, 415.982421875, 334.499938965, 167.931259155, 173.72442627, 239.741500854, 279.078582764, 312.809204102, 267.452575684, 211.84236145, 304.190246582, 368.838653564, 289.296844482, 106.437919617, 115.848274231, 133.997299194, 200.602279663, 52.1089935303, 6.03050422668, 0.325184315443, 0.00798926223069, 0.000788261531852],
        "mean": [0.0690531134605, 0.494048863649, 2.19250941277, 2.73981642723, 5.36952447891, 14.0736160278, 45.5195236206, 57.9362220764, 26.3877620697, 14.4337291718, 52.5810585022, 47.4056091309, 28.1938343048, 22.1088867188, 13.1175918579, 15.0670213699, 9.4370136261, 13.3135271072, 8.49920368195, 14.4034967422, 10.5855741501, 7.88172388077, 11.4189186096, 22.7797145844, 21.7686367035, 24.9803218842, 10.2762966156, 7.57728242874, 9.17111968994, 12.2508869171, 14.5804243088, 11.9527664185, 8.31265640259, 7.49503231049, 4.3307390213, 1.19512963295, 0.267809450626, 0.014317994006, 0.000364029954653, 6.32045266684e-05],
        "min": [0.000127113919007, 0.00137378147338, 0.00658965669572, 0.0121191320941, 0.0214556455612, 0.129033908248, 0.506880700588, 0.553289830685, 0.304300636053, 0.229671865702, 0.375426530838, 0.676619946957, 0.413058131933, 0.145680382848, 0.24751111865, 0.254152655602, 0.0729143545032, 0.0584042109549, 0.180522486567, 0.130948916078, 0.118702046573, 0.0945724621415, 0.245744004846, 0.328755110502, 0.583621621132, 0.446113198996, 0.147646352649, 0.0345477759838, 0.0495561696589, 0.200278908014, 0.406180202961, 0.389776706696, 0.107609003782, 0.0338458381593, 0.0150217553601, 0.00593165215105, 0.00150011642836, 4.10125721828e-05, 7.81533253758e-06, 6.81812116454e-06],
        "stdev": [0.254221171141, 0.775171637535, 2.03506565094, 2.45736145973, 9.52752113342, 28.4880199432, 63.1021728516, 86.6190109253, 63.1410331726, 45.492225647, 118.27243042, 102.737190247, 58.3681221008, 53.9941864014, 31.6215114594, 48.643371582, 30.0774974823, 43.2692909241, 17.637178421, 42.0279579163, 22.5881671906, 14.3306493759, 14.7979564667, 25.4059371948, 27.6918563843, 33.7113647461, 18.7651023865, 15.6442947388, 20.5799312592, 27.1675453186, 21.9163589478, 15.0402374268, 11.8710651398, 15.2180833817, 12.8747711182, 3.28814315796, 0.557968020439, 0.0336574204266, 0.000749694998376, 6.75189730828e-05]
    },
    "gfcc": {
        "mean": [32.2695884705, 62.5090713501, -89.8939056396, 39.4974822998, -83.6355438232, 14.2024002075, -52.3763313293, 20.8223838806, -36.3790359497, 0.854826152325, -11.8865098953, 0.0694224908948, -10.8985700607],
        "cov": [[1198.4753418, -625.03704834, 19.1398944855, 13.85683918, -43.4299850464, 27.9138565063, -14.3505592346, -3.0007982254, 14.311870575, 112.861030579, -73.0732727051, 37.2860336304, -24.2749500275], [-625.03704834, 834.879089355, -178.235839844, -111.033836365, 51.6335029602, -3.58311009407, 85.2746734619, 19.1048164368, 23.5858898163, -103.99130249, 118.708717346, -59.2314491272, 23.1050224304], [19.1398944855, -178.235839844, 388.519470215, 0.623259544373, -13.9573907852, 33.1675987244, -6.5881934166, 24.8703403473, -35.2233428955, 42.9791603088, -48.2893066406, 54.6214523315, -20.5263748169], [13.85683918, -111.033836365, 0.623259544373, 266.878692627, 36.3143005371, -49.0009422302, -39.0259933472, -21.2532405853, 28.9286575317, 1.86263012886, -13.0841808319, 20.3680114746, 36.145565033], [-43.4299850464, 51.6335029602, -13.9573907852, 36.3143005371, 164.013092041, 21.7329940796, -22.5240192413, 35.8080635071, 28.5710830688, 27.7175884247, 9.32146167755, 10.1512908936, 18.4673233032], [27.9138565063, -3.58311009407, 33.1675987244, -49.0009422302, 21.7329940796, 157.982254028, 78.3314590454, -2.2272131443, -13.7709741592, 29.768693924, 17.15259552, -11.132226944, -16.2728977203], [-14.3505592346, 85.2746734619, -6.5881934166, -39.0259933472, -22.5240192413, 78.3314590454, 162.706192017, 22.2123966217, -16.6651248932, 9.04615592957, 24.6927375793, -1.18909680843, -28.7213420868], [-3.0007982254, 19.1048164368, 24.8703403473, -21.2532405853, 35.8080635071, -2.2272131443, 22.2123966217, 112.26348114, 37.2195587158, 0.120966456831, 9.36690616608, 14.9148712158, 12.0741262436], [14.311870575, 23.5858898163, -35.2233428955, 28.9286575317, 28.5710830688, -13.7709741592, -16.6651248932, 37.2195587158, 92.113067627, 24.9460830688, 0.211731374264, -0.0642888322473, 14.3301544189], [112.861030579, -103.99130249, 42.9791603088, 1.86263012886, 27.7175884247, 29.768693924, 9.04615592957, 0.120966456831, 24.9460830688, 103.922042847, 2.00938034058, 1.81038665771, -12.5850992203], [-73.0732727051, 118.708717346, -48.2893066406, -13.0841808319, 9.32146167755, 17.15259552, 24.6927375793, 9.36690616608, 0.211731374264, 2.00938034058, 109.349014282, 22.6497783661, 2.72961997986], [37.2860336304, -59.2314491272, 54.6214523315, 20.3680114746, 10.1512908936, -11.132226944, -1.18909680843, 14.9148712158, -0.0642888322473, 1.81038665771, 22.6497783661, 84.9236297607, 26.4941520691], [-24.2749500275, 23.1050224304, -20.5263748169, 36.145565033, 18.4673233032, -16.2728977203, -28.7213420868, 12.0741262436, 14.3301544189, -12.5850992203, 2.72961997986, 26.4941520691, 72.0784835815]],
        "icov": [[0.00157803087495, 0.00136739166919, 0.000549735617824, 0.000524520524777, 3.85785187973e-06, 7.31611144147e-05, -0.000539336702786, 0.000112178349809, -0.000543957517948, -0.000439667288447, 2.87426391878e-05, -0.000194912136067, -0.000129585445393], [0.00136739166919, 0.00507111288607, -0.00111282803118, 0.00302267377265, -0.00364471413195, 0.00334843038581, -0.00511461915448, 0.00382933253422, -0.0044332575053, 0.00502058537677, -0.00525586819276, 0.00562806101516, -0.00409916415811], [0.000549735617824, -0.00111282803118, 0.00548985227942, -0.00161741208285, 0.00294908322394, -0.00344994477928, 0.00381435803138, -0.00454838993028, 0.00448279595003, -0.00462194671854, 0.00497367372736, -0.00665531586856, 0.00422343378887], [0.000524520524777, 0.00302267377265, -0.00161741208285, 0.00681608170271, -0.00404271390289, 0.00415026769042, -0.00430268747732, 0.00532519817352, -0.00495065329596, 0.00386094418354, -0.0033119386062, 0.00362686021253, -0.00485407421365], [3.85785187973e-06, -0.00364471413195, 0.00294908322394, -0.00404271390289, 0.012117145583, -0.00631042383611, 0.00757213262841, -0.00773351592943, 0.00452584633604, -0.00747119123116, 0.00510520022362, -0.00669255014509, 0.00388269219548], [7.31611144147e-05, 0.00334843038581, -0.00344994477928, 0.00415026769042, -0.00631042383611, 0.014016488567, -0.0100384848192, 0.00660301372409, -0.00390079151839, 0.00336045818403, -0.00618343567476, 0.00822201557457, -0.00586309935898], [-0.000539336702786, -0.00511461915448, 0.00381435803138, -0.00430268747732, 0.00757213262841, -0.0100384848192, 0.016939394176, -0.00961646903306, 0.00783948134631, -0.0073581719771, 0.00612567225471, -0.00939907692373, 0.00923569500446], [0.000112178349809, 0.00382933253422, -0.00454838993028, 0.00532519817352, -0.00773351592943, 0.00660301372409, -0.00961646903306, 0.0190920196474, -0.0116592263803, 0.00845056772232, -0.00655998568982, 0.00631417753175, -0.0069923857227], [-0.000543957517948, -0.0044332575053, 0.00448279595003, -0.00495065329596, 0.00452584633604, -0.00390079151839, 0.00783948134631, -0.0116592263803, 0.0219238754362, -0.0112036243081, 0.00662844162434, -0.00611567404121, 0.00371579499915], [-0.000439667288447, 0.00502058537677, -0.00462194671854, 0.00386094418354, -0.00747119123116, 0.00336045818403, -0.0073581719771, 0.00845056772232, -0.0112036243081, 0.0208992231637, -0.00827958807349, 0.00835442077368, -0.00356540060602], [2.87426391878e-05, -0.00525586819276, 0.00497367372736, -0.0033119386062, 0.00510520022362, -0.00618343567476, 0.00612567225471, -0.00655998568982, 0.00662844162434, -0.00827958807349, 0.0191183909774, -0.0133791258559, 0.00703783519566], [-0.000194912136067, 0.00562806101516, -0.00665531586856, 0.00362686021253, -0.00669255014509, 0.00822201557457, -0.00939907692373, 0.00631417753175, -0.00611567404121, 0.00835442077368, -0.0133791258559, 0.0275081750005, -0.0137458657846], [-0.000129585445393, -0.00409916415811, 0.00422343378887, -0.00485407421365, 0.00388269219548, -0.00586309935898, 0.00923569500446, -0.0069923857227, 0.00371579499915, -0.00356540060602, 0.00703783519566, -0.0137458657846, 0.0247388966382]]
    },
    "melbands": {
        "max": [0.0256334543228, 0.00914565101266, 0.00503354193643, 0.023583823815, 0.0129680596292, 0.0202059112489, 0.0110017089173, 0.0101413484663, 0.00838839169592, 0.00724897207692, 0.0039891670458, 0.00226654554717, 0.00168490456417, 0.00156674487516, 0.000992728979327, 0.00131080776919, 0.00115132681094, 0.00054454698693, 0.000464821554488, 0.000815643987153, 0.000536397274118, 0.000203670337214, 0.000122924684547, 0.000208789700991, 0.00022037915187, 0.000121856486658, 0.000255703780567, 0.000286078255158, 0.000207272605621, 0.000121541168483, 0.000143245255458, 0.000155826404807, 0.000190024729818, 0.000234428123804, 0.000195961270947, 0.000110635970486, 5.82702814427e-05, 9.75900766207e-05, 7.71830018493e-05, 0.000130992324557],
        "mean": [0.000600646657404, 0.000951286870986, 0.000542250403669, 0.000691376684699, 0.00137264980003, 0.00128759467043, 0.00036128537613, 0.000176947811269, 0.000424843776273, 0.000280958163785, 0.00012970501848, 8.73913086252e-05, 4.25325488322e-05, 4.20412179665e-05, 2.24389732466e-05, 2.32620386669e-05, 2.48859050771e-05, 1.30059725052e-05, 1.38533723657e-05, 2.04346961254e-05, 1.17730251077e-05, 8.3368495325e-06, 8.73289536685e-06, 1.30399839691e-05, 1.93873584067e-05, 1.32234699777e-05, 2.02086139325e-05, 1.55113229994e-05, 6.59264242131e-06, 4.5627198233e-06, 4.30234194937e-06, 4.96021766594e-06, 5.49509059056e-06, 7.48296361053e-06, 8.4989824245e-06, 7.88856414147e-06, 7.14428915671e-06, 5.64268339076e-06, 5.87146314501e-06, 6.49424646326e-06],
        "min": [1.20389859148e-06, 2.92536333291e-06, 2.15276168092e-06, 4.71353678222e-06, 1.21895182019e-05, 1.19297264973e-05, 2.94430060421e-06, 2.06466302188e-06, 1.64050663898e-06, 3.36552420777e-06, 1.95176562556e-06, 4.79122718389e-07, 6.60282694298e-07, 5.58219142022e-07, 2.78663208064e-07, 1.51314694108e-07, 8.56780104641e-08, 1.75202359287e-07, 1.0922461513e-07, 1.89409917084e-07, 1.12333879088e-07, 9.89217312508e-08, 1.02774187383e-07, 2.56605773075e-07, 1.43927834984e-07, 3.16354260121e-07, 3.92981235109e-07, 2.58988222868e-07, 4.52282158392e-08, 2.27324559177e-08, 1.79497536834e-08, 2.63902197872e-08, 3.16249852972e-08, 1.47675407902e-07, 2.03459308068e-07, 2.15574999629e-07, 2.11009307804e-07, 8.07966316074e-08, 3.240281643e-08, 2.75043046116e-08],
        "stdev": [0.00177908444311, 0.000811573001556, 0.000476315821288, 0.00145165063441, 0.0017492811894, 0.0017569353804, 0.00087139516836, 0.000531600788236, 0.000917637604289, 0.000636987213511, 0.000288409850327, 0.000220431524212, 0.000103694736026, 0.000116687420814, 6.91912282491e-05, 8.30733770272e-05, 9.14747506613e-05, 3.40761107509e-05, 3.02854205074e-05, 6.78597934893e-05, 2.93095254165e-05, 1.78388872882e-05, 1.57758258865e-05, 1.78998416231e-05, 2.29346824199e-05, 1.45012836583e-05, 3.12683623633e-05, 2.27547152463e-05, 1.2864893506e-05, 9.62189369602e-06, 9.25830045162e-06, 1.10554756247e-05, 1.3364339793e-05, 1.69483082573e-05, 1.38259974847e-05, 1.06126872197e-05, 9.07591220312e-06, 8.07889773569e-06, 1.00585712062e-05, 1.42562239489e-05]
    },
    "melbands128": {
        "max": [0.00730717368424, 0.0329321734607, 0.0329132601619, 0.0131808947772, 0.0115228267387, 0.0129030225798, 0.00452901329845, 0.00408956222236, 0.015415516682, 0.0389236435294, 0.0360946431756, 0.0176225528121, 0.0244378112257, 0.0216946136206, 0.0366257689893, 0.0223275143653, 0.0206691622734, 0.0123915011063, 0.0166814196855, 0.0115998433903, 0.0234886929393, 0.0164041537791, 0.0157499518245, 0.00676399143413, 0.0144269289449, 0.00874620955437, 0.00503182038665, 0.00772954709828, 0.0021062749438, 0.00454824743792, 0.00489605823532, 0.00294267991558, 0.00267670210451, 0.00370027241297, 0.00207237782888, 0.0025437604636, 0.00398096581921, 0.00132610078435, 0.000571668788325, 0.00315231224522, 0.00256063695997, 0.00108467950486, 0.00270089576952, 0.00292322551832, 0.00129024882335, 0.00100702769123, 0.000528495234903, 0.00057244108757, 0.00109186256304, 0.00135950266849, 0.00183146377094, 0.000499451591168, 0.000645052525215, 0.000988571089692, 0.000694913731422, 0.000415429269196, 0.000191787068616, 0.000245698349318, 0.000168714221218, 0.000385930965422, 0.000423729710747, 0.000717511633411, 0.000551715085749, 0.000228970689932, 0.000200850714464, 0.000126838407596, 0.000144455043483, 0.000703353493009, 0.000625231303275, 0.000405374070397, 0.000446033169283, 0.000334926822688, 0.000207098128158, 0.000271840806818, 0.000128985499032, 0.000164790908457, 9.83452118817e-05, 0.000165574063431, 0.000222598711844, 0.000123404868646, 0.000186809338629, 0.000139888870763, 0.000251678517088, 0.000222131988266, 0.000201505681616, 0.000347489578417, 0.000379682343919, 0.000354786752723, 0.00017509375175, 0.000188547099242, 0.000165606455994, 0.000113185160444, 0.000122300698422, 9.32455150178e-05, 7.35576468287e-05, 0.000138004383189, 0.000106765284727, 0.000100397206552, 9.00278537301e-05, 0.000120406635688, 0.000124927450088, 0.000191132858163, 0.000183694457519, 0.000285559042823, 0.000283849833068, 0.000359797355486, 0.000278932944639, 0.000127245977637, 6.00850507908e-05, 4.45224432042e-05, 5.91535026615e-05, 2.6472065656e-05, 2.45703213295e-05, 1.6785616026e-05, 9.98474024527e-06, 2.45680098487e-06, 1.80485130841e-07, 1.39682043709e-08, 1.35397835166e-08, 2.92080901687e-08, 1.28825350387e-08, 1.26404202661e-08, 1.24019727821e-08, 1.22127090663e-08, 1.2064267807e-08, 1.19345537897e-08, 1.1847310688e-08, 1.17906298058e-08],
        "mean": [9.8323187558e-05, 0.000563097477425, 0.000753177155275, 0.000786731950939, 0.00109489832539, 0.00103032879997, 0.000532532285433, 0.000412725144997, 0.000463334290544, 0.000789946876466, 0.000712249951903, 0.000925791275222, 0.00182378245518, 0.00152326736134, 0.00155168410856, 0.00102599558886, 0.000549995573238, 0.000219904934056, 0.000148418053868, 0.00011871442257, 0.000151173982886, 0.000438668444986, 0.000591872027144, 0.000208093959372, 0.000356109143468, 0.00028382128221, 0.000147714556078, 0.000152121734573, 5.73330107727e-05, 0.000100894802017, 0.00010861219198, 4.20151773142e-05, 3.47854766005e-05, 4.98073277413e-05, 2.41945526795e-05, 5.26008443558e-05, 5.15666906722e-05, 1.23096460811e-05, 1.0014048712e-05, 2.31820904446e-05, 2.79041760223e-05, 2.00778504222e-05, 3.1668554584e-05, 2.37741242017e-05, 1.1577791156e-05, 1.3150200175e-05, 1.2136888472e-05, 8.71057363838e-06, 1.26364056996e-05, 3.2013598684e-05, 2.25037147175e-05, 9.23316747503e-06, 7.87213230069e-06, 1.62615760928e-05, 1.39245757964e-05, 5.78615890845e-06, 4.32161323261e-06, 1.00658098745e-05, 9.55247924139e-06, 7.36735864848e-06, 1.05046383396e-05, 1.716515726e-05, 2.84466805169e-05, 1.56451296789e-05, 1.37280248964e-05, 1.19688256746e-05, 1.25313063108e-05, 1.86174602277e-05, 2.29381785175e-05, 2.27495802392e-05, 1.63864588103e-05, 1.18791904242e-05, 7.67168694438e-06, 5.27596148459e-06, 5.87292288401e-06, 4.69186716145e-06, 3.71409441868e-06, 4.54424343843e-06, 4.12147710449e-06, 4.37927383246e-06, 4.89827107231e-06, 4.98771851198e-06, 5.7291927078e-06, 5.2997770581e-06, 5.30965053258e-06, 7.33299248168e-06, 8.15292241896e-06, 7.97871871328e-06, 8.84330711415e-06, 8.50589185575e-06, 8.34522325022e-06, 7.67769870436e-06, 7.33558590582e-06, 7.60610282668e-06, 6.64064555167e-06, 5.89920591665e-06, 5.36106108484e-06, 5.43055102753e-06, 5.54663438379e-06, 6.25237726126e-06, 6.6235002123e-06, 6.45918544251e-06, 6.35831156615e-06, 6.84648284732e-06, 5.13649592904e-06, 3.814890988e-06, 3.05972002934e-06, 2.18412151298e-06, 1.83553243005e-06, 1.63414472354e-06, 1.45345700275e-06, 9.79905394161e-07, 8.31991144423e-07, 5.05631192027e-07, 2.768229308e-07, 3.90571628373e-08, 1.34480659941e-09, 5.1216645508e-11, 4.79790929209e-11, 6.88349932609e-11, 4.92191530588e-11, 4.6354992761e-11, 4.75744478534e-11, 4.50479480107e-11, 3.6116245411e-11, 2.28171908451e-11, 1.64029137495e-11, 1.53988870266e-11],
        "min": [2.12423980628e-08, 9.54376417894e-08, 8.34720992771e-07, 9.91140268525e-07, 3.14376097776e-06, 2.32562570091e-07, 2.62934804596e-06, 5.84074314247e-07, 1.552505978e-06, 3.60862759408e-06, 1.37889537655e-06, 4.51542200608e-06, 2.25052644964e-06, 1.43315037349e-06, 6.03030684942e-06, 1.45583760514e-06, 5.6795221326e-07, 2.68079958232e-07, 4.01951581352e-07, 5.36490574632e-07, 5.2739972034e-07, 2.10765222164e-07, 2.39216745967e-07, 7.33046363166e-07, 6.13758061263e-07, 1.36446487886e-06, 7.36627043807e-07, 1.82578475005e-07, 3.40034659985e-07, 1.54687796794e-07, 1.11201529762e-07, 1.37542173206e-07, 2.29179136113e-07, 1.17520457366e-07, 2.25612765803e-07, 1.40057593967e-07, 1.48090734342e-07, 1.069849489e-07, 7.70807844219e-08, 9.58521866323e-08, 1.81174797831e-07, 1.11999838737e-07, 6.8653733365e-08, 8.07183440088e-08, 3.04312663957e-08, 6.45228581675e-08, 6.60290737642e-08, 3.97773156635e-08, 6.66529658133e-08, 7.04602101109e-08, 7.02436580013e-08, 9.68597007045e-08, 6.44206181732e-08, 2.7233417299e-08, 7.89139065205e-08, 1.64990332507e-08, 4.71302143978e-08, 6.1676821872e-08, 7.41036458862e-08, 1.00851572427e-07, 4.78793431569e-08, 1.54491488047e-07, 1.84218635013e-07, 6.86832137831e-08, 4.55650983611e-08, 1.34523332918e-07, 2.12815109535e-07, 3.93106560637e-08, 1.66523705047e-07, 1.34674806418e-07, 1.38517748383e-07, 1.28639811692e-07, 3.48711921561e-08, 1.50232750684e-08, 3.58533789324e-08, 2.4618582728e-08, 9.77463354701e-09, 1.31896253919e-08, 9.42345312893e-09, 3.99389570305e-08, 1.87318338618e-08, 3.00193683245e-08, 2.4942478305e-08, 1.02486010789e-08, 4.90134191011e-08, 8.73841017324e-08, 8.4279328405e-08, 9.81432819458e-08, 7.15757479952e-08, 1.51249949454e-07, 1.01591126622e-07, 8.05058064657e-08, 9.42137248217e-08, 1.30291468281e-07, 1.00227190103e-07, 6.39163744154e-08, 4.76340282773e-08, 2.75310512166e-08, 4.43241532366e-08, 2.92469586327e-08, 9.03187835632e-09, 1.98386835848e-08, 2.81802972069e-08, 1.65249343098e-08, 1.91052755838e-08, 6.63892674169e-09, 1.01334070024e-08, 9.47733003187e-09, 5.28306509651e-09, 6.34014707401e-09, 3.56717405614e-10, 3.33405497654e-10, 5.37378266885e-11, 6.29380770591e-13, 2.74381808506e-13, 2.29425599205e-14, 1.75908871752e-14, 2.9480283774e-14, 2.80386862139e-14, 2.81019612691e-14, 2.49707006916e-14, 2.34446725813e-14, 2.49885493699e-14, 2.297956679e-14, 1.82223011094e-14, 6.46424035719e-15, 1.28891309518e-15, 5.7965415961e-17],
        "stdev": [0.000485255848616, 0.00237590703182, 0.00231318664737, 0.00103665539064, 0.000979024218395, 0.001112136757, 0.000536728242878, 0.000476258457638, 0.000898180529475, 0.00214022793807, 0.00193215522449, 0.00145681027789, 0.00312850694172, 0.00213394570164, 0.00291711254977, 0.00216132588685, 0.00172371836379, 0.000820258574095, 0.000808331300505, 0.00060305732768, 0.00077054311987, 0.00124349049293, 0.0015243088128, 0.000584745139349, 0.00109677808359, 0.00081173342187, 0.00042516621761, 0.000491066079121, 0.000144079618622, 0.000270092103165, 0.000387296517147, 0.00016948589473, 0.000114204915008, 0.000200010923436, 9.69918910414e-05, 0.000191748709767, 0.000221235663048, 5.86525384279e-05, 3.00327956211e-05, 0.000129605497932, 0.000136407426908, 7.05863931216e-05, 0.000148228748003, 0.000140281932545, 6.11113573541e-05, 4.56845373265e-05, 3.08665403281e-05, 2.54231636063e-05, 4.34446956206e-05, 0.000137457667734, 0.000100592478702, 2.94116398436e-05, 3.12717966153e-05, 5.70212396269e-05, 3.93392801925e-05, 2.2493148208e-05, 1.03909660538e-05, 2.49276090472e-05, 2.04677653528e-05, 1.66731442732e-05, 2.56043585978e-05, 3.26644294546e-05, 4.56245979876e-05, 2.34686394833e-05, 1.98346951947e-05, 1.4467778783e-05, 1.5755997083e-05, 5.52201890969e-05, 4.72291794722e-05, 4.14061687479e-05, 3.14317294396e-05, 2.56750572589e-05, 1.64369575941e-05, 1.37120778163e-05, 1.41724831337e-05, 1.07786736407e-05, 8.16292867967e-06, 1.06424513433e-05, 1.03598813439e-05, 9.92445529846e-06, 1.22794108393e-05, 1.15378588816e-05, 1.49579927893e-05, 1.46444253915e-05, 1.34285646709e-05, 1.9863491616e-05, 1.99470523512e-05, 1.8479055143e-05, 1.44507521327e-05, 1.34750071084e-05, 1.24065136333e-05, 1.17709814731e-05, 1.0998189282e-05, 1.05301851363e-05, 9.45500414673e-06, 9.12304676604e-06, 8.66644495545e-06, 8.8790548034e-06, 9.62257763604e-06, 1.27714165501e-05, 1.38412578963e-05, 1.60858871823e-05, 1.53852270159e-05, 1.98918751266e-05, 1.72813633981e-05, 1.60909512488e-05, 1.41296977745e-05, 7.03117711964e-06, 4.38771166955e-06, 3.8209577724e-06, 3.68947303286e-06, 2.06732693186e-06, 1.7897394855e-06, 1.28072144889e-06, 8.89790669589e-07, 1.52361764094e-07, 8.33844993053e-09, 4.28725777102e-10, 4.18253348622e-10, 8.86307083281e-10, 4.15033285517e-10, 3.94583282715e-10, 3.99764471526e-10, 3.94171195683e-10, 3.58295781933e-10, 3.32466776332e-10, 3.27190080585e-10, 3.25584836869e-10]
    },
    "mfcc": {
        "mean": [-616.392150879, 89.4791488647, 37.8569755554, 20.8980808258, 2.46644449234, -13.2179946899, 1.58287620544, 2.27333641052, -13.7891111374, 6.15016698837, -7.42468833923, -8.20768070221, -1.89449679852],
        "cov": [[1195.80358887, -561.89251709, -65.555267334, 6.17516136169, -44.9599380493, 53.91954422, -61.6000175476, -72.1600646973, 36.8701324463, 19.6303691864, -2.69688534737, 11.8412265778, 7.18760824203], [-561.89251709, 736.178100586, -106.329017639, -104.5284729, -7.25437164307, -63.1785087585, 70.7463150024, 75.4332809448, -59.5976409912, 59.5055351257, -11.1621809006, 27.1448802948, 1.66735267639], [-65.555267334, -106.329017639, 302.792480469, -10.0875434875, -44.5268592834, 24.9244251251, 23.7204399109, -3.5134165287, 25.4354400635, -69.0690383911, 52.3713226318, -13.162396431, -15.3497266769], [6.17516136169, -104.5284729, -10.0875434875, 223.425292969, 52.5397644043, -17.963891983, -56.4427947998, 1.00502514839, 14.915189743, -21.3373584747, -23.3978939056, -5.27665615082, 15.4412736893], [-44.9599380493, -7.25437164307, -44.5268592834, 52.5397644043, 197.483566284, -20.9218406677, -42.9430427551, -8.02843284607, 25.712726593, 10.9291944504, -34.8049125671, 8.93517875671, 30.8860206604], [53.91954422, -63.1785087585, 24.9244251251, -17.963891983, -20.9218406677, 146.84463501, 44.7424430847, -27.3183765411, 9.81799221039, 3.06317043304, 32.2733955383, 0.469925969839, -18.5287342072], [-61.6000175476, 70.7463150024, 23.7204399109, -56.4427947998, -42.9430427551, 44.7424430847, 146.556350708, 29.8775138855, -13.3964185715, -1.04281306267, 45.384262085, 9.04074859619, -14.3898477554], [-72.1600646973, 75.4332809448, -3.5134165287, 1.00502514839, -8.02843284607, -27.3183765411, 29.8775138855, 109.723426819, -7.60273361206, 6.61206817627, -17.6590194702, 5.84791278839, 19.2748699188], [36.8701324463, -59.5976409912, 25.4354400635, 14.915189743, 25.712726593, 9.81799221039, -13.3964185715, -7.60273361206, 123.767677307, 1.51286828518, 10.8700523376, -2.70701146126, 2.28541946411], [19.6303691864, 59.5055351257, -69.0690383911, -21.3373584747, 10.9291944504, 3.06317043304, -1.04281306267, 6.61206817627, 1.51286828518, 113.345436096, 7.59863328934, 14.2785739899, -0.772745251656], [-2.69688534737, -11.1621809006, 52.3713226318, -23.3978939056, -34.8049125671, 32.2733955383, 45.384262085, -17.6590194702, 10.8700523376, 7.59863328934, 106.976661682, 13.9021720886, -27.8280220032], [11.8412265778, 27.1448802948, -13.162396431, -5.27665615082, 8.93517875671, 0.469925969839, 9.04074859619, 5.84791278839, -2.70701146126, 14.2785739899, 13.9021720886, 74.532409668, 23.5575332642], [7.18760824203, 1.66735267639, -15.3497266769, 15.4412736893, 30.8860206604, -18.5287342072, -14.3898477554, 19.2748699188, 2.28541946411, -0.772745251656, -27.8280220032, 23.5575332642, 79.5575637817]],
        "icov": [[0.00162451993674, 0.0014564859448, 0.00080599373905, 0.000543231843039, 0.000627408328, 2.04027992368e-06, 0.00015529198572, 0.00019704044098, -0.000136203045258, -0.000455838540802, 0.000176845103852, -0.000622250372544, -0.0001443731162], [0.0014564859448, 0.00315806362778, 0.00116987060755, 0.00118828541599, 0.000373430724721, 0.000865364796482, -0.000647385895718, -0.000630858645309, 0.000407033541705, -0.000904663815163, 0.000299764069496, -0.000962747901212, 0.000259070831817], [0.00080599373905, 0.00116987060755, 0.00506405392662, 0.000712764333002, 0.000760418537538, -0.000207118428079, 0.000294408440823, -0.000754453008994, -0.000776131695602, 0.00257114530541, -0.00232169870287, 0.000306637171889, -0.00022165889095], [0.000543231843039, 0.00118828541599, 0.000712764333002, 0.00581305846572, -0.000933666946366, 4.34882931586e-05, 0.00179885234684, -0.00112057011575, -0.000105852581328, 0.00101336475927, -0.000295030768029, -9.33102055569e-05, -0.000157948466949], [0.000627408328, 0.000373430724721, 0.000760418537538, -0.000933666946366, 0.00658715842292, 0.000259211868979, 0.000568102230318, 0.00107356940862, -0.00140679371543, -0.000704320613295, 0.00133605883457, -0.000750192382839, -0.00166779640131], [2.04027992368e-06, 0.000865364796482, -0.000207118428079, 4.34882931586e-05, 0.000259211868979, 0.00895239505917, -0.00342642469332, 0.00245573627762, -0.000516993517522, -0.000959086581133, -0.000224717747187, -0.000227015509154, 0.000697072944604], [0.00015529198572, -0.000647385895718, 0.000294408440823, 0.00179885234684, 0.000568102230318, -0.00342642469332, 0.0113139143214, -0.00409902818501, 0.000821461842861, 0.00151994731277, -0.00412675831467, -0.000315077719279, 0.00036911436473], [0.00019704044098, -0.000630858645309, -0.000754453008994, -0.00112057011575, 0.00107356940862, 0.00245573627762, -0.00409902818501, 0.012453972362, -0.000371423491742, -0.00150144693907, 0.00299316458404, -0.000148256818647, -0.00244925357401], [-0.000136203045258, 0.000407033541705, -0.000776131695602, -0.000105852581328, -0.00140679371543, -0.000516993517522, 0.000821461842861, -0.000371423491742, 0.00903882924467, -0.000618454592768, -0.00138221844099, 0.00066337903263, -0.000406688341172], [-0.000455838540802, -0.000904663815163, 0.00257114530541, 0.00101336475927, -0.000704320613295, -0.000959086581133, 0.00151994731277, -0.00150144693907, -0.000618454592768, 0.0116372900084, -0.00243765744381, -0.00104670296423, 0.000636358920019], [0.000176845103852, 0.000299764069496, -0.00232169870287, -0.000295030768029, 0.00133605883457, -0.000224717747187, -0.00412675831467, 0.00299316458404, -0.00138221844099, -0.00243765744381, 0.0151170846075, -0.0041530393064, 0.00407793931663], [-0.000622250372544, -0.000962747901212, 0.000306637171889, -9.33102055569e-05, -0.000750192382839, -0.000227015509154, -0.000315077719279, -0.000148256818647, 0.00066337903263, -0.00104670296423, -0.0041530393064, 0.0169963352382, -0.00614365609363], [-0.0001443731162, 0.000259070831817, -0.00022165889095, -0.000157948466949, -0.00166779640131, 0.000697072944604, 0.00036911436473, -0.00244925357401, -0.000406688341172, 0.000636358920019, 0.00407793931663, -0.00614365609363, 0.0172984413803]]
    },
    "spectral_contrast_coeffs": {
        "max": [-0.351086258888, -0.423284471035, -0.466929227114, -0.609508156776, -0.638175845146, -0.680024027824],
        "mean": [-0.692288994789, -0.691763043404, -0.752211391926, -0.800180852413, -0.770279169083, -0.817572414875],
        "min": [-0.891981840134, -0.883768200874, -0.89814221859, -0.903499901295, -0.872878789902, -0.879134356976],
        "stdev": [0.0783968865871, 0.0834398046136, 0.0713645890355, 0.0527055151761, 0.0384673029184, 0.0289786513895]
    },
    "spectral_contrast_valleys": {
        "max": [-5.05573987961, -5.44699859619, -6.12985658646, -6.27689695358, -6.00703763962, -7.37364959717],
        "mean": [-6.41049623489, -6.68171644211, -7.52957057953, -7.97139787674, -7.39078903198, -8.99543380737],
        "min": [-8.25699043274, -8.3354549408, -8.86950588226, -9.08641910553, -8.93369960785, -10.84486866],
        "stdev": [0.401286482811, 0.401223838329, 0.415664553642, 0.431208342314, 0.480815082788, 0.631153464317]
    }
},
"rhythm": {
    "beats_count": 70,
    "beats_loudness": {
        "max": 0.0849484503269,
        "mean": 0.033332079649,
        "min": 0.0115806423128,
        "stdev": 0.015606045723
    },
    "bpm": 129.969741821,
    "bpm_histogram_first_peak_bpm": 129,
    "bpm_histogram_first_peak_weight": 0.260869562626,
    "bpm_histogram_second_peak_bpm": 0,
    "bpm_histogram_second_peak_spread": 0,
    "bpm_histogram_second_peak_weight": 0,
    "danceability": 1.52066922188,
    "onset_rate": 3.96826148033,
    "beats_loudness_band_ratio": {
        "max": [0.833799779415, 0.772228002548, 0.491573184729, 0.327095806599, 0.357867002487, 0.686657130718],
        "mean": [0.238082781434, 0.326728016138, 0.175104022026, 0.0575593337417, 0.0437943711877, 0.198689699173],
        "min": [0.0439483933151, 0.0409780070186, 0.0143284257501, 0.00309634557925, 0.0055243074894, 0.0189265180379],
        "stdev": [0.184144049883, 0.178864464164, 0.125477880239, 0.0630816593766, 0.0493370108306, 0.135396718979]
    },
    "beats_position": [0.46439909935, 0.9287981987, 1.39319729805, 1.8575963974, 2.32199549675, 2.7863945961, 3.23918366432, 3.69197273254, 4.15637159348, 4.62077093124, 5.08516979218, 5.54956912994, 6.01396799088, 6.47836732864, 6.93115615845, 7.38394546509, 7.84834432602, 8.31274318695, 8.77714252472, 9.22993183136, 9.69433116913, 10.1587295532, 10.623128891, 11.0875282288, 11.5403175354, 12.0047159195, 12.4691152573, 12.933514595, 13.3979139328, 13.8507022858, 14.3034915924, 14.7678909302, 15.2322902679, 15.696688652, 16.1610889435, 16.6254863739, 17.0782756805, 17.5542850494, 18.0070743561, 18.4598636627, 18.9242630005, 19.3886623383, 19.853061676, 20.3174591064, 20.7818584442, 21.246257782, 21.6990470886, 22.1518363953, 22.616235733, 23.0806350708, 23.5450344086, 24.009431839, 24.4738311768, 24.9382305145, 25.3910198212, 25.8438091278, 26.3082084656, 26.7726078033, 27.2370071411, 27.7014045715, 28.1658039093, 28.6302032471, 29.0946025848, 29.5473918915, 30.0001811981, 30.4645805359, 30.9289798737, 31.3933773041, 31.8577766418, 32.322177887],
