{
"metadata": {
    "version": {
        "essentia": "2.1-beta5",
        "essentia_git_sha": "Undefined",
        "extractor": "music 2.0"
    },
    "audio_properties": {
        "analysis": {
            "equal_loudness": 0,
            "length": 32.4963264465,
            "sample_rate": 44100,
            "start_time": 45.2440834045,
            "downmix": "mix"
        },
        "bit_rate": 192000,
        "length": 185.80607605,
        "lossless": 0,
        "number_channels": 2,
        "replay_gain": -3.61999320984,
        "sample_rate": 48000,
        "codec": "mp3",
        "md5_encoded": "5757a4845346010e735dc62e0bf059f5"
    },
    "tags": {
        "file_name": "Poland_I Don_t Wanna Leave_Lidia Kopania.mp3",
        "encoding": ["Lavf58.29.100"]
    }
},
"lowlevel": {
    "average_loudness": 0.968119263649,
    "barkbands_crest": {
        "max": 26.0325908661,
        "mean": 10.9428710938,
        "min": 3.91880059242,
        "stdev": 4.2041053772
    },
    "barkbands_flatness_db": {
        "max": 0.366462796926,
        "mean": 0.15703818202,
        "min": 0.0535518378019,
        "stdev": 0.0435055159032
    },
    "barkbands_kurtosis": {
        "max": 54.5322799683,
        "mean": 2.27173924446,
        "min": -1.9209510088,
        "stdev": 4.7445268631
    },
    "barkbands_skewness": {
        "max": 5.39847040176,
        "mean": 0.86668908596,
        "min": -2.02950024605,
        "stdev": 1.11927866936
    },
    "barkbands_spread": {
        "max": 115.843154907,
        "mean": 22.86353302,
        "min": 0.943257272243,
        "stdev": 16.7706928253
    },
    "dissonance": {
        "max": 0.499005824327,
        "mean": 0.435490190983,
        "min": 0.235371500254,
        "stdev": 0.0473284013569
    },
    "dynamic_complexity": 2.08776879311,
    "erbbands_crest": {
        "max": 33.6577529907,
        "mean": 14.1279888153,
        "min": 3.16656756401,
        "stdev": 6.75400304794
    },
    "erbbands_flatness_db": {
        "max": 0.408981770277,
        "mean": 0.186861678958,
        "min": 0.0674476251006,
        "stdev": 0.0530811026692
    },
    "erbbands_kurtosis": {
        "max": 43.7167129517,
        "mean": 3.36890339851,
        "min": -1.84272694588,
        "stdev": 5.77603340149
    },
    "erbbands_skewness": {
        "max": 4.84718942642,
        "mean": 0.457975357771,
        "min": -3.41118836403,
        "stdev": 1.02427816391
    },
    "erbbands_spread": {
        "max": 142.900558472,
        "mean": 31.1998939514,
        "min": 1.77053546906,
        "stdev": 23.9934959412
    },
    "hfc": {
        "max": 284.190338135,
        "mean": 24.9476108551,
        "min": 1.09066188335,
        "stdev": 22.2030639648
    },
    "loudness_ebu128": {
        "integrated": -19.3789863586,
        "loudness_range": 1.75386428833,
        "momentary": {
            "max": -16.6278572083,
            "mean": -19.5904273987,
            "min": -23.6240978241,
            "stdev": 1.39090919495
        },
        "short_term": {
            "max": -18.306268692,
            "mean": -19.4677391052,
            "min": -20.9831256866,
            "stdev": 0.580370485783
        }
    },
    "melbands_crest": {
        "max": 29.9393615723,
        "mean": 13.2918243408,
        "min": 4.60659170151,
        "stdev": 4.43790578842
    },
    "melbands_flatness_db": {
        "max": 0.404833257198,
        "mean": 0.218056812882,
        "min": 0.0945564135909,
        "stdev": 0.0523252896965
    },
    "melbands_kurtosis": {
        "max": 91.8879699707,
        "mean": 6.73543643951,
        "min": -1.74717247486,
        "stdev": 9.8295917511
    },
    "melbands_skewness": {
        "max": 7.87796783447,
        "mean": 1.67577326298,
        "min": -1.87174868584,
        "stdev": 1.41297507286
    },
    "melbands_spread": {
        "max": 218.165176392,
        "mean": 26.8343734741,
        "min": 1.87034201622,
        "stdev": 19.2309970856
    },
    "pitch_salience": {
        "max": 0.773013055325,
        "mean": 0.488264560699,
        "min": 0.138062030077,
        "stdev": 0.10661496222
    },
    "silence_rate_20dB": {
        "max": 1,
        "mean": 1,
        "min": 1,
        "stdev": 0
    },
    "silence_rate_30dB": {
        "max": 1,
        "mean": 0.998572468758,
        "min": 0,
        "stdev": 0.0377558283508
    },
    "silence_rate_60dB": {
        "max": 1,
        "mean": 0.000713775865734,
        "min": 0,
        "stdev": 0.0267071276903
    },
    "spectral_centroid": {
        "max": 4425.17382812,
        "mean": 1261.95239258,
        "min": 394.941101074,
        "stdev": 640.048095703
    },
    "spectral_complexity": {
        "max": 35,
        "mean": 14.453248024,
        "min": 1,
        "stdev": 4.27058029175
    },
    "spectral_decrease": {
        "max": -1.26610166795e-10,
        "mean": -6.43262154654e-09,
        "min": -2.85155454804e-08,
        "stdev": 3.67916674904e-09
    },
    "spectral_energy": {
        "max": 0.116603821516,
        "mean": 0.0265409965068,
        "min": 0.000576783320867,
        "stdev": 0.0148899741471
    },
    "spectral_energyband_high": {
        "max": 0.0320391878486,
        "mean": 0.000762548996136,
        "min": 1.16421306302e-05,
        "stdev": 0.00216279784217
    },
    "spectral_energyband_low": {
        "max": 0.0439436435699,
        "mean": 0.00541950110346,
        "min": 3.40964288625e-06,
        "stdev": 0.00466223899275
    },
    "spectral_energyband_middle_high": {
        "max": 0.101180866361,
        "mean": 0.010959552601,
        "min": 9.91689812508e-05,
        "stdev": 0.0131200263277
    },
    "spectral_energyband_middle_low": {
        "max": 0.0673199892044,
        "mean": 0.00990613270551,
        "min": 0.000105371080281,
        "stdev": 0.00609253393486
    },
    "spectral_entropy": {
        "max": 8.71758270264,
        "mean": 7.16329240799,
        "min": 5.38132429123,
        "stdev": 0.471252858639
    },
    "spectral_flux": {
        "max": 0.265251457691,
        "mean": 0.0761857032776,
        "min": 0.0209480244666,
        "stdev": 0.0376722812653
    },
    "spectral_kurtosis": {
        "max": 28.8717060089,
        "mean": 6.01989078522,
        "min": -1.62427473068,
        "stdev": 3.77225637436
    },
    "spectral_rms": {
        "max": 0.0106658246368,
        "mean": 0.00490100309253,
        "min": 0.000750143604819,
        "stdev": 0.00136887363624
    },
    "spectral_rolloff": {
        "max": 11929.3945312,
        "mean": 1607.66381836,
        "min": 258.3984375,
        "stdev": 1794.80957031
    },
    "spectral_skewness": {
        "max": 3.91774582863,
        "mean": 1.88216805458,
        "min": 0.00138935400173,
        "stdev": 0.558000206947
    },
    "spectral_spread": {
        "max": 19802864,
        "mean": 4683975,
        "min": 1927871.5,
        "stdev": 2306383
    },
    "spectral_strongpeak": {
        "max": 11.343378067,
        "mean": 2.18422055244,
        "min": 0,
        "stdev": 2.34724330902
    },
    "zerocrossingrate": {
        "max": 0.36376953125,
        "mean": 0.0616537854075,
        "min": 0.01318359375,
        "stdev": 0.0416886396706
    },
    "barkbands": {
        "max": [0.00433784257621, 0.0327020287514, 0.0162218660116, 0.0167303942144, 0.0157181173563, 0.0301413983107, 0.0182529781014, 0.0222346428782, 0.0573518127203, 0.0599347241223, 0.0961607545614, 0.0439047329128, 0.0113332588226, 0.00907218083739, 0.00694556813687, 0.00652343453839, 0.0119880037382, 0.0100106233731, 0.00802581943572, 0.00859372783452, 0.00784014817327, 0.00495485262945, 0.00416873302311, 0.0204733684659, 0.0135708432645, 0.00157296343241, 6.6757282184e-05],
        "mean": [8.39669664856e-05, 0.00368607672863, 0.00132201716769, 0.000778581132181, 0.00335312425159, 0.00273007643409, 0.000708533159923, 0.000826457049698, 0.00115186837502, 0.00269598793238, 0.00288849882782, 0.00302675087005, 0.000255524355453, 0.000277335639112, 0.00019012116536, 0.000217518158024, 0.000528978416696, 0.00040382752195, 0.000409572559875, 0.000349130859831, 6.28252091701e-05, 3.84467093681e-05, 8.80171937752e-05, 0.000223769704462, 0.000220688874833, 2.24170253205e-05, 8.99100371043e-07],
        "min": [8.69432881245e-09, 2.0025294134e-07, 1.02922922451e-06, 1.04460946204e-06, 7.94528841652e-06, 7.3741180131e-06, 1.9241647351e-06, 2.82247174255e-06, 2.51025994658e-06, 1.14604554255e-05, 4.35471565652e-06, 2.17569277083e-06, 2.99050930153e-06, 1.82691934469e-07, 9.28450674564e-07, 4.20566721004e-07, 3.46090530456e-07, 1.09035204332e-06, 3.1133063203e-06, 4.00783346777e-06, 3.74520823243e-07, 4.4560803758e-07, 3.86710013345e-07, 8.41468079216e-07, 2.78301911294e-07, 1.00975235284e-07, 9.92409349143e-11],
        "stdev": [0.000254491198575, 0.00345904170536, 0.00143524480518, 0.000977578456514, 0.00257120933384, 0.00345279695466, 0.00185707118362, 0.00168397428934, 0.00292276614346, 0.00758530385792, 0.00921123288572, 0.00640819501132, 0.000755631190259, 0.00075995712541, 0.000374572147848, 0.000632305396721, 0.00163779268041, 0.000907155219465, 0.00082888698671, 0.000714716617949, 0.000383933016565, 0.0002634874254, 0.000279774045339, 0.000821811147034, 0.000956398202106, 7.93138242443e-05, 3.15250031235e-06]
    },
    "erbbands": {
        "max": [1.38778471947, 8.36260223389, 16.3882160187, 35.2417182922, 22.1186828613, 59.9532661438, 189.694564819, 341.187957764, 317.840332031, 155.933166504, 510.40246582, 744.302185059, 1343.42175293, 3313.34057617, 1451.18334961, 1719.94030762, 526.221313477, 477.02911377, 439.308959961, 208.112792969, 388.570648193, 822.885620117, 482.061950684, 463.845855713, 456.953857422, 371.532440186, 354.240447998, 266.160217285, 184.821716309, 211.166351318, 105.819046021, 289.033569336, 377.5831604, 231.793289185, 101.221824646, 15.1306972504, 1.18826925755, 0.178635492921, 0.00572674535215, 0.000408729858464],
        "mean": [0.0866869091988, 0.873365163803, 1.78400230408, 1.9648963213, 3.57985782623, 9.91955947876, 24.8122234344, 25.9549465179, 15.4908628464, 9.02650547028, 19.4643440247, 20.6592578888, 61.5020675659, 145.582199097, 110.521659851, 77.2222442627, 13.2625694275, 12.7411136627, 12.713684082, 8.3287191391, 14.8534936905, 31.561214447, 25.946767807, 21.0829906464, 20.9171772003, 15.5184936523, 3.87172603607, 2.14102745056, 1.39554536343, 1.71159267426, 2.72827768326, 3.90339374542, 4.24907112122, 3.49715232849, 0.870308935642, 0.140986010432, 0.0387039855123, 0.0054862909019, 0.000167655467521, 4.05500250054e-05],
        "min": [8.14198483567e-06, 6.96404968039e-05, 0.0013284208253, 0.0050798645243, 0.00547885894775, 0.0584738813341, 0.0468330420554, 0.0639529079199, 0.0377666726708, 0.0406170375645, 0.15907728672, 0.21187774837, 0.312669664621, 0.637969553471, 0.206091344357, 0.364382773638, 0.158038467169, 0.0262392088771, 0.0423307493329, 0.0515402890742, 0.0390892624855, 0.0240078177303, 0.0451450496912, 0.15653565526, 0.149156972766, 0.211300000548, 0.0871671140194, 0.0159139465541, 0.0156607087702, 0.0116402069107, 0.0116559034213, 0.0194048248231, 0.0112903993577, 0.0066621620208, 0.00114717276301, 0.000472236832138, 0.000136177652166, 2.12794875551e-05, 3.45424518855e-06, 3.06554215967e-06],
        "stdev": [0.111696131527, 0.848049461842, 1.72942686081, 2.33332657814, 3.04973268509, 7.09645175934, 22.7659397125, 36.9482002258, 33.22813797, 14.0527715683, 41.4090995789, 48.2631912231, 150.178649902, 389.915283203, 197.188812256, 169.368423462, 33.1929168701, 34.29114151, 27.9189662933, 12.7267131805, 41.1674156189, 95.6622924805, 56.1176376343, 41.1870193481, 40.2338066101, 30.768196106, 16.6739616394, 13.8836126328, 9.46952915192, 10.0068817139, 7.44842863083, 11.6467876434, 17.1454524994, 14.5401563644, 4.53662109375, 0.679258882999, 0.0943584740162, 0.0131755378097, 0.000386809260817, 3.22046871588e-05]
    },
    "gfcc": {
        "mean": [-1.0990524292, 100.762557983, -108.800079346, 20.7937526703, -59.1305274963, 14.7184906006, -41.6419372559, 19.9003257751, -37.6313896179, -9.07546615601, 0.196715757251, 0.917590498924, -2.12818908691],
        "cov": [[1415.95410156, -813.820922852, -19.3610858917, 105.091995239, -46.4718093872, 86.3940429688, -131.650268555, 166.695587158, -103.399490356, 47.6842689514, 50.0718955994, -7.95808458328, -136.429702759], [-813.820922852, 1180.04980469, -94.4963378906, -88.1666183472, 278.771209717, 47.0467453003, 395.946075439, -82.7050094604, 123.665794373, -39.1354179382, 75.1126937866, -28.6752223969, 84.8506164551], [-19.3610858917, -94.4963378906, 405.487335205, 67.3348083496, -59.0972099304, 134.131835938, -25.2788162231, -2.75468468666, 60.6860427856, 80.5649642944, -43.6034317017, 37.6848716736, -18.4390048981], [105.091995239, -88.1666183472, 67.3348083496, 300.591827393, 10.8500785828, -28.614812851, -61.3811569214, 32.4741477966, 79.8875961304, 48.869644165, 2.99506664276, -15.5756435394, -33.5142364502], [-46.4718093872, 278.771209717, -59.0972099304, 10.8500785828, 243.731140137, 53.7761764526, 140.758666992, 42.7700080872, -10.4635658264, -37.030506134, 30.3240966797, 0.0347371548414, 11.3937072754], [86.3940429688, 47.0467453003, 134.131835938, -28.614812851, 53.7761764526, 293.101074219, 154.802841187, -35.6799087524, -23.4915504456, 49.8187179565, 32.7349090576, -3.0413916111, -33.0246925354], [-131.650268555, 395.946075439, -25.2788162231, -61.3811569214, 140.758666992, 154.802841187, 415.664154053, -56.2288742065, -57.049407959, 30.1189346313, 13.4958381653, -2.5684401989, 15.9410772324], [166.695587158, -82.7050094604, -2.75468468666, 32.4741477966, 42.7700080872, -35.6799087524, -56.2288742065, 194.274169922, 30.4844341278, -47.7506256104, 6.36106109619, -21.0399780273, 4.6952624321], [-103.399490356, 123.665794373, 60.6860427856, 79.8875961304, -10.4635658264, -23.4915504456, -57.049407959, 30.4844341278, 203.270599365, 40.1035194397, -16.5708389282, -9.01997947693, 7.13913297653], [47.6842689514, -39.1354179382, 80.5649642944, 48.869644165, -37.030506134, 49.8187179565, 30.1189346313, -47.7506256104, 40.1035194397, 150.182357788, -1.8015550375, -4.70037460327, -28.5747432709], [50.0718955994, 75.1126937866, -43.6034317017, 2.99506664276, 30.3240966797, 32.7349090576, 13.4958381653, 6.36106109619, -16.5708389282, -1.8015550375, 141.930633545, 2.12282133102, -33.5037879944], [-7.95808458328, -28.6752223969, 37.6848716736, -15.5756435394, 0.0347371548414, -3.0413916111, -2.5684401989, -21.0399780273, -9.01997947693, -4.70037460327, 2.12282133102, 82.2221450806, 13.7437124252], [-136.429702759, 84.8506164551, -18.4390048981, -33.5142364502, 11.3937072754, -33.0246925354, 15.9410772324, 4.6952624321, 7.13913297653, -28.5747432709, -33.5037879944, 13.7437124252, 86.4767150879]],
        "icov": [[0.00188288267236, 0.00178750581108, 0.000548348005395, -1.41086393342e-05, -0.000818493834231, -0.000383497856092, -0.000850235286634, -0.000967633386608, -0.000517444044817, -0.000293776887702, -0.000856923114043, 2.69746979029e-05, 0.001108097611], [0.00178750581108, 0.00563696213067, -0.000803876551799, 0.00146258657333, -0.00411164341494, 0.00199406803586, -0.00426280358806, 0.00240437546745, -0.00490611419082, 0.00188974919729, -0.00411269674078, 0.00325851514935, -0.00143878860399], [0.000548348005395, -0.000803876551799, 0.0051881284453, -0.0013793585822, 0.00204120390117, -0.00381417688914, 0.00153210293502, -0.00234289001673, 0.000602480839007, -0.00200838060118, 0.00266352109611, -0.0038918198552, 0.00128185143694], [-1.41086393342e-05, 0.00146258657333, -0.0013793585822, 0.00503583392128, -0.00238938047551, 0.00199546618387, -0.000845129077788, 0.00100159144495, -0.00271471473388, -0.000390855915612, -0.00142338837031, 0.00201562605798, 0.000601618899964], [-0.000818493834231, -0.00411164341494, 0.00204120390117, -0.00238938047551, 0.00985188223422, -0.00300878286362, 0.000975698290858, -0.00414233235642, 0.00346393068321, -7.07555500412e-06, 0.00256600533612, -0.0039303265512, 0.00118074205238], [-0.000383497856092, 0.00199406803586, -0.00381417688914, 0.00199546618387, -0.00300878286362, 0.00816215761006, -0.00380295375362, 0.00290010031313, -0.00206444505602, 0.000901499821339, -0.00342016224749, 0.00362044153735, 2.33665869018e-05], [-0.000850235286634, -0.00426280358806, 0.00153210293502, -0.000845129077788, 0.000975698290858, -0.00380295375362, 0.00780360633507, -0.00153414206579, 0.00488225324079, -0.00322844833136, 0.00366616691463, -0.0025071175769, 0.00025334340171], [-0.000967633386608, 0.00240437546745, -0.00234289001673, 0.00100159144495, -0.00414233235642, 0.00290010031313, -0.00153414206579, 0.0101867252961, -0.00422060769051, 0.00413617584854, -0.00295126717538, 0.00500009022653, -0.00283704674803], [-0.000517444044817, -0.00490611419082, 0.000602480839007, -0.00271471473388, 0.00346393068321, -0.00206444505602, 0.00488225324079, -0.00422060769051, 0.0114938952029, -0.00429617287591, 0.00399503624067, -0.00277481041849, 0.000778591202106], [-0.000293776887702, 0.00188974919729, -0.00200838060118, -0.000390855915612, -7.07555500412e-06, 0.000901499821339, -0.00322844833136, 0.00413617584854, -0.00429617287591, 0.0114824529737, -0.00177806918509, 0.00255316402763, 0.000872557749972], [-0.000856923114043, -0.00411269674078, 0.00266352109611, -0.00142338837031, 0.00256600533612, -0.00342016224749, 0.00366616691463, -0.00295126717538, 0.00399503624067, -0.00177806918509, 0.0120995268226, -0.00459424545988, 0.0050404923968], [2.69746979029e-05, 0.00325851514935, -0.0038918198552, 0.00201562605798, -0.0039303265512, 0.00362044153735, -0.0025071175769, 0.00500009022653, -0.00277481041849, 0.00255316402763, -0.00459424545988, 0.0175335984677, -0.00460606301203], [0.001108097611, -0.00143878860399, 0.00128185143694, 0.000601618899964, 0.00118074205238, 2.33665869018e-05, 0.00025334340171, -0.00283704674803, 0.000778591202106, 0.000872557749972, 0.0050404923968, -0.00460606301203, 0.0180998295546]]
    },
    "melbands": {
        "max": [0.0104952314869, 0.00757257454097, 0.00547761749476, 0.00285789859481, 0.00552981765941, 0.00674765370786, 0.00425092643127, 0.00266276323237, 0.00478396425024, 0.00696957856417, 0.00747910607606, 0.0122146373615, 0.00750720780343, 0.00658851163462, 0.000962000747677, 0.00143711362034, 0.00100955797825, 0.000711826956831, 0.000449162122095, 0.000208993384149, 0.000629691057838, 0.000842216599267, 0.0011466559954, 0.000406059552915, 0.000456677982584, 0.000250605546171, 0.000506810843945, 0.000312119867885, 0.000274105288554, 0.000171910083736, 0.000156331108883, 0.000109833948954, 8.69518553372e-05, 0.000128213825519, 6.86820931151e-05, 0.000112398462079, 0.000239410452195, 0.000348023721017, 0.000207658275031, 0.000227448064834],
        "mean": [0.000906633969862, 0.00101266650017, 0.000398335978389, 0.000425533711677, 0.000859721680172, 0.000544453447219, 0.000219432884478, 0.000117231858894, 0.000144491757965, 0.000151619853568, 0.000313704629662, 0.000585838337429, 0.000357841898222, 0.000414192501921, 3.31745759468e-05, 2.76149257843e-05, 2.27383079618e-05, 2.24053055717e-05, 1.43908373502e-05, 8.23959180707e-06, 1.83677329915e-05, 2.85164860543e-05, 3.411472062e-05, 1.89501788554e-05, 1.69742197613e-05, 1.45765288835e-05, 1.7084999854e-05, 8.56882888911e-06, 2.54504266195e-06, 1.36598669087e-06, 1.16430510388e-06, 7.95991411451e-07, 6.92980449912e-07, 1.05106516912e-06, 1.41005978094e-06, 2.02060141419e-06, 2.51766846304e-06, 2.94536812362e-06, 3.24535881191e-06, 2.86080830847e-06],
        "min": [7.63373648738e-08, 5.80852770327e-07, 7.3634112141e-07, 9.59057729233e-07, 1.84312523288e-06, 1.39711823977e-06, 5.31383022917e-07, 6.32029355074e-07, 3.85419355098e-07, 3.71813769107e-07, 1.1975957932e-06, 1.59750561579e-06, 4.20207300067e-07, 4.24267881272e-07, 1.88078033148e-07, 2.10023742397e-07, 2.46054003838e-08, 5.71336968846e-08, 7.06969416342e-08, 3.74721942364e-08, 2.80498397842e-08, 2.47401032993e-08, 2.26687255633e-08, 5.52740857529e-08, 1.01808332431e-07, 1.06156697655e-07, 1.18851446018e-07, 8.42768201892e-08, 4.38635119338e-08, 6.30084873166e-09, 5.75838399186e-09, 6.05013106281e-09, 5.10269249077e-09, 3.39002070859e-09, 4.95064078621e-09, 8.57913207142e-09, 5.71906300095e-09, 5.5110827013e-09, 4.03502831148e-09, 2.59749111109e-09],
        "stdev": [0.000913153402507, 0.000926374457777, 0.000384263810702, 0.000265063950792, 0.000760042807087, 0.000751181680243, 0.000452281819889, 0.000191757484572, 0.000323048298014, 0.000386758823879, 0.000822929257993, 0.00154931773432, 0.000825892551802, 0.000900320766959, 8.33113444969e-05, 8.66065020091e-05, 6.80227094563e-05, 5.77813480049e-05, 2.70357377303e-05, 1.59784558491e-05, 6.00299608777e-05, 9.51699330471e-05, 0.000113310357847, 4.08625237469e-05, 3.84742816095e-05, 2.64442933258e-05, 3.74727751478e-05, 1.92436618818e-05, 1.23512854771e-05, 7.97620941739e-06, 8.35081755213e-06, 5.64507763556e-06, 4.45235582447e-06, 6.06836238148e-06, 4.23199253419e-06, 5.28257487531e-06, 8.64701269165e-06, 1.35692744152e-05, 1.28663987198e-05, 1.25952947201e-05]
    },
    "melbands128": {
        "max": [0.00410852860659, 0.0121978623793, 0.0141259180382, 0.0165605489165, 0.00823138654232, 0.00748664792627, 0.00815460737795, 0.00721583561972, 0.00283738481812, 0.00317149795592, 0.00379706290551, 0.00665640365332, 0.00769339036196, 0.00997786317021, 0.00902158953249, 0.0113130630925, 0.00724921468645, 0.00643953401595, 0.0020942047704, 0.00291919126175, 0.00525300297886, 0.00720950309187, 0.00735495705158, 0.00685098674148, 0.00525983795524, 0.0120068052784, 0.0187732148916, 0.0116785718128, 0.0218512136489, 0.0181233417243, 0.025361308828, 0.0272594578564, 0.0106678679585, 0.0091782733798, 0.0126284686849, 0.0139059815556, 0.0030577769503, 0.00210764142685, 0.0017944049323, 0.00218003522605, 0.00214323215187, 0.00209835986607, 0.00209117657505, 0.00110393611249, 0.00223991228268, 0.0014316085726, 0.000830367265735, 0.000959461904131, 0.000818435568362, 0.000378915050533, 0.000283419183688, 0.000605940935202, 0.000997293973342, 0.00157742144074, 0.000328057154547, 0.00181925913785, 0.00228047254495, 0.00248917890713, 0.00136188627221, 0.000830805453006, 0.00088722538203, 0.000966130814049, 0.000361667131074, 0.00112762593199, 0.000538760679774, 0.000361485872418, 0.000444649253041, 0.000980556942523, 0.000699757947586, 0.000691724882927, 0.000345505977748, 0.000507244141772, 0.000347539054928, 0.000328621303197, 0.000189223428606, 0.000166032885318, 0.00018555909628, 0.000199119444005, 0.000235859901295, 0.000174359389348, 0.000123959951452, 0.000124881975353, 9.14980773814e-05, 8.5853447672e-05, 0.000100109195046, 0.000200727416086, 0.000116003902804, 0.000125694452436, 7.16990471119e-05, 8.68611750775e-05, 0.000107723019028, 0.000149142739247, 8.29306445667e-05, 0.000177179594175, 0.000339198828442, 0.000584911264013, 0.000306739821099, 0.000176692861714, 0.000163874472491, 0.000543845293578, 0.000232442936976, 0.000323949032463, 0.000224655523198, 0.000217049979256, 0.000153564105858, 4.49007638963e-05, 4.66257333755e-05, 5.59683503525e-05, 3.19211394526e-05, 1.19501437439e-05, 6.01699048275e-06, 5.36695415576e-06, 3.45190369444e-06, 4.3409340833e-06, 2.6609179713e-06, 2.13727366827e-06, 2.55040527009e-06, 7.96767722022e-07, 1.09929885639e-07, 1.53321167318e-07, 1.03285501041e-07, 1.02824721182e-07, 1.07031411289e-07, 9.94969795443e-08, 9.78088294801e-08, 9.66835500549e-08, 9.58544887908e-08, 9.53405674409e-08],
        "mean": [7.58028691052e-05, 0.000585123314522, 0.00123823015019, 0.00155735411681, 0.00111467973329, 0.00056295626564, 0.000358576362487, 0.000420326774474, 0.000359106372343, 0.000250679440796, 0.000478502333863, 0.00118313590065, 0.00099372654222, 0.0003860713623, 0.00063624518225, 0.000631824426819, 0.000284775800537, 0.000170330211404, 8.95174089237e-05, 5.83279907005e-05, 0.000148470790009, 0.000245113973506, 0.000133109482704, 7.04077756382e-05, 6.2190942117e-05, 0.000207885706914, 0.00030727480771, 0.000224816001719, 0.000454847206129, 0.00042702499195, 0.000799774017651, 0.000606331275776, 0.000124076992506, 0.000263524416368, 0.000761991250329, 0.000364390172763, 3.82074613299e-05, 2.62811336142e-05, 1.94764670596e-05, 2.23623355851e-05, 3.25579057971e-05, 3.05412286252e-05, 1.92147399503e-05, 1.59270439326e-05, 3.67466345779e-05, 2.02765568247e-05, 1.14304511953e-05, 1.87768964679e-05, 1.35538002723e-05, 7.71473423811e-06, 5.11617372467e-06, 9.9909502751e-06, 2.33806858887e-05, 2.33391056099e-05, 5.07971481056e-06, 2.82628116111e-05, 4.67775316793e-05, 4.92320468766e-05, 2.15846539504e-05, 1.858032374e-05, 2.22471444431e-05, 1.89248967217e-05, 8.51451841299e-06, 2.05727010325e-05, 2.31867779803e-05, 1.08136937342e-05, 1.0444326108e-05, 2.06002041523e-05, 1.82591466e-05, 1.40313777592e-05, 8.69034010975e-06, 6.51543359709e-06, 2.75763477475e-06, 2.17238516598e-06, 1.57487306751e-06, 1.30700482259e-06, 1.36587755151e-06, 1.22412780001e-06, 1.27435919239e-06, 9.0254548013e-07, 8.71267786806e-07, 7.37922732696e-07, 6.02897387125e-07, 6.90274077897e-07, 7.05475940777e-07, 9.96726384983e-07, 1.15454497518e-06, 1.24326550122e-06, 1.27427801999e-06, 1.6832369738e-06, 1.77986134986e-06, 2.15937302528e-06, 2.34424078371e-06, 2.46310219154e-06, 2.57532406067e-06, 3.04358377434e-06, 3.20620119965e-06, 2.53228677138e-06, 2.98760210171e-06, 4.02366049457e-06, 3.22862888424e-06, 2.96988559967e-06, 1.93557252715e-06, 1.33301398364e-06, 8.24001631372e-07, 5.23085930126e-07, 3.39018754403e-07, 2.48372117539e-07, 1.91843710695e-07, 1.58903063152e-07, 1.47862294853e-07, 1.44959813042e-07, 1.17834098035e-07, 9.79871046525e-08, 8.24747345973e-08, 5.90476467721e-08, 3.06413738826e-08, 6.02905014802e-09, 6.92447710282e-10, 5.86981574457e-10, 7.95726873282e-10, 1.07990683063e-09, 7.09289571521e-10, 8.75274852596e-11, 7.3890754626e-11, 7.28666779692e-11, 7.21512224966e-11, 7.1752638553e-11],
        "min": [1.68587199756e-09, 2.57873491449e-08, 6.44009645612e-08, 4.96401177941e-08, 2.69074206471e-07, 5.30784745933e-07, 5.63697653888e-07, 4.0853427663e-07, 2.31588288102e-07, 2.1973310993e-07, 1.43713270973e-06, 1.21327389024e-06, 1.30717955926e-06, 1.8490545699e-06, 1.71457168108e-06, 3.9337828639e-07, 5.88446539496e-07, 3.76044283712e-07, 3.14132677204e-07, 1.38955442708e-07, 6.24221058843e-07, 5.86950328341e-08, 3.04279808461e-07, 2.01208578687e-07, 1.75752234099e-07, 8.39860661017e-08, 1.53735015829e-07, 1.67758543057e-07, 1.0066034406e-07, 3.64654965779e-07, 5.62660090964e-07, 3.85323858154e-07, 1.95758744326e-07, 1.60199348898e-07, 2.1395743488e-07, 7.07730833938e-08, 1.07831695573e-07, 8.0590041307e-08, 3.77934199491e-08, 7.04312057564e-08, 1.89012908436e-07, 5.50467511573e-08, 1.39871936256e-08, 5.02084818166e-09, 1.3995523851e-08, 1.26272521328e-08, 8.75056258565e-08, 8.72480825365e-08, 2.97089979284e-08, 6.55096732416e-09, 2.00698724306e-09, 1.97136387214e-08, 1.80361983126e-08, 1.27605144229e-08, 5.85707882195e-09, 6.64286137209e-09, 1.28453585546e-08, 1.13115641298e-08, 1.97496818899e-09, 3.13121506501e-09, 4.87197908683e-08, 3.82425575651e-08, 9.73412461747e-09, 7.76937838509e-08, 1.22402141756e-07, 3.53853799595e-08, 1.78500947356e-08, 3.98106863031e-08, 3.53248488238e-08, 2.15767919087e-08, 3.48513040649e-08, 3.26365388048e-08, 1.20818572924e-08, 9.8883257138e-10, 1.2955843065e-09, 1.83452197877e-09, 2.60618793213e-09, 4.47282350047e-10, 2.95336621825e-09, 2.37151409621e-09, 6.26627727485e-09, 1.91520133086e-09, 1.12100051464e-09, 1.47650747184e-09, 6.19175377636e-10, 6.07301708921e-10, 2.28472285535e-09, 1.98935445894e-09, 1.26696242386e-09, 2.2577835157e-09, 4.1034753373e-09, 1.70600389371e-09, 4.70978855915e-09, 8.28639434847e-10, 3.44923034579e-10, 3.10830006178e-09, 4.79215023219e-09, 1.94633146405e-11, 7.19273973715e-10, 2.00133998263e-09, 2.3554858064e-09, 1.08037490065e-09, 6.70538291558e-10, 1.99369090681e-10, 3.61055733922e-11, 2.01569975988e-11, 7.67294214277e-12, 6.47411360633e-11, 4.66002453639e-12, 1.68420902225e-11, 3.76798809168e-12, 8.76400948341e-12, 1.26734941985e-10, 1.51912371571e-10, 1.40750995928e-11, 1.37351241492e-10, 6.89179529417e-12, 3.26247899139e-13, 2.14946170671e-13, 2.07671485802e-13, 2.28995614788e-13, 2.15646836325e-13, 2.34839383183e-13, 2.27999639568e-13, 1.59681797407e-13, 6.21610171648e-14, 9.47177822015e-15, 3.585181034e-16],
        "stdev": [0.000240488821873, 0.00101725046989, 0.0013535884209, 0.00168208230752, 0.0011461279355, 0.000668764754664, 0.000540543929674, 0.000480601884192, 0.000363970757462, 0.000271452357993, 0.000379010045435, 0.00121505733114, 0.000998079194687, 0.000802506401669, 0.00108779431321, 0.00113712635357, 0.00071855756687, 0.00059948611306, 0.000183685697266, 0.000178387810593, 0.000301513297018, 0.000529408978764, 0.000445771962404, 0.000264495261945, 0.000295260426356, 0.000639378442429, 0.000985804130323, 0.000853281817399, 0.00187543779612, 0.00160924065858, 0.0027257592883, 0.00239548645914, 0.000691988156177, 0.000823915470392, 0.00172810023651, 0.00114607764408, 0.000154999943334, 0.000106040519313, 8.0849211372e-05, 0.000130421787617, 0.00012807091116, 0.000118637486594, 0.000109544846055, 7.85240044934e-05, 0.000127989798784, 7.40237446735e-05, 4.18255876866e-05, 4.58862559753e-05, 3.2960997487e-05, 2.03966956178e-05, 1.70926796272e-05, 3.45183907484e-05, 8.00861089374e-05, 0.000114253452921, 1.93660453078e-05, 0.00014986214228, 0.000187100391486, 0.000228814402362, 0.000101268902654, 6.27941699349e-05, 6.45228501526e-05, 6.3451792812e-05, 2.83129702439e-05, 7.63061980251e-05, 5.35810941074e-05, 2.90452026093e-05, 3.23829372064e-05, 6.6430264269e-05, 5.42495727132e-05, 4.79787231598e-05, 2.50356788456e-05, 2.28504432016e-05, 1.38907726068e-05, 1.32418208523e-05, 8.74628494785e-06, 8.46677085065e-06, 7.97252596385e-06, 8.3136928879e-06, 1.03869952e-05, 7.45116085454e-06, 6.00591283728e-06, 5.62448894925e-06, 4.06830031352e-06, 4.53496068076e-06, 4.59529564978e-06, 8.11383142718e-06, 5.53532527192e-06, 6.00691873842e-06, 4.10365964854e-06, 4.55965891888e-06, 5.11382449986e-06, 7.02417946741e-06, 5.62968625673e-06, 7.43612690712e-06, 1.17248691822e-05, 1.84158870979e-05, 1.55975849339e-05, 1.01998166429e-05, 1.14798212962e-05, 2.22613616643e-05, 1.3712222426e-05, 1.46368674905e-05, 1.02499034256e-05, 9.50834510149e-06, 5.50951335754e-06, 2.68767303169e-06, 2.06701042771e-06, 1.81826783319e-06, 1.26068869122e-06, 7.31410295884e-07, 4.59649896811e-07, 3.76282230263e-07, 2.75935263971e-07, 2.2943346778e-07, 2.1140992601e-07, 1.51458650066e-07, 1.14397820994e-07, 2.99264577563e-08, 5.40264499804e-09, 5.50298517865e-09, 5.12195841296e-09, 6.13472472821e-09, 4.64175498038e-09, 2.65829425139e-09, 2.61211097197e-09, 2.58208032733e-09, 2.55995180609e-09, 2.54623278018e-09]
    },
    "mfcc": {
        "mean": [-650.062866211, 133.677536011, 10.6428365707, 10.3043069839, 12.3844356537, -17.3164157867, 17.6948204041, 7.4631319046, -12.1548709869, 2.00580596924, -12.9027395248, -4.46308994293, 1.91827452183],
        "cov": [[1419.4588623, -798.66998291, -4.69147777557, -40.5093574524, 121.157096863, -170.943878174, 22.2639389038, 3.42385435104, -143.287796021, 112.811729431, 46.3890380859, 12.0314979553, 13.5416507721], [-798.66998291, 1046.58996582, -224.42817688, 43.547203064, -96.3751449585, 177.675689697, 149.740463257, 109.95022583, 110.469047546, 16.8729496002, 25.9483947754, -24.7756919861, 27.4381465912], [-4.69147777557, -224.42817688, 440.63949585, -60.0201950073, 14.0471363068, 99.5699539185, -80.5314331055, -28.1519927979, 20.6597919464, -8.00296497345, 65.6873855591, 42.6100730896, 20.6558361053], [-40.5093574524, 43.547203064, -60.0201950073, 264.610046387, 12.6542453766, -2.51411437988, -29.4262466431, -0.0375110954046, 35.781288147, 22.0132389069, -21.3514995575, 54.1572875977, 2.30610132217], [121.157096863, -96.3751449585, 14.0471363068, 12.6542453766, 261.377593994, -147.46182251, -48.3961448669, 46.1181335449, -18.7480335236, 16.8915252686, -0.855082988739, 34.5688247681, 8.52218723297], [-170.943878174, 177.675689697, 99.5699539185, -2.51411437988, -147.46182251, 408.582458496, 91.5218048096, -11.971865654, 59.8710365295, 0.898930490017, 82.249168396, 0.634865045547, 35.7259521484], [22.2639389038, 149.740463257, -80.5314331055, -29.4262466431, -48.3961448669, 91.5218048096, 311.731079102, 88.2742004395, -30.8951454163, 40.1361045837, 12.9335298538, -75.5971984863, 50.6618423462], [3.42385435104, 109.95022583, -28.1519927979, -0.0375110954046, 46.1181335449, -11.971865654, 88.2742004395, 151.605743408, 10.9941921234, 19.0926322937, 1.32974112034, -24.9082832336, 10.3203687668], [-143.287796021, 110.469047546, 20.6597919464, 35.781288147, -18.7480335236, 59.8710365295, -30.8951454163, 10.9941921234, 184.368621826, -2.19383573532, -3.74249625206, 16.6137447357, -24.4685611725], [112.811729431, 16.8729496002, -8.00296497345, 22.0132389069, 16.8915252686, 0.898930490017, 40.1361045837, 19.0926322937, -2.19383573532, 141.088012695, 37.3844184875, -4.98333024979, -0.617796361446], [46.3890380859, 25.9483947754, 65.6873855591, -21.3514995575, -0.855082988739, 82.249168396, 12.9335298538, 1.32974112034, -3.74249625206, 37.3844184875, 126.470710754, 22.5833740234, 5.50667715073], [12.0314979553, -24.7756919861, 42.6100730896, 54.1572875977, 34.5688247681, 0.634865045547, -75.5971984863, -24.9082832336, 16.6137447357, -4.98333024979, 22.5833740234, 139.134292603, 12.133055687], [13.5416507721, 27.4381465912, 20.6558361053, 2.30610132217, 8.52218723297, 35.7259521484, 50.6618423462, 10.3203687668, -24.4685611725, -0.617796361446, 5.50667715073, 12.133055687, 105.179840088]],
        "icov": [[0.00194721738808, 0.00188638863619, 0.00112407631241, 0.000306923437165, 1.47787586684e-05, 2.28073822655e-05, -0.000238800494117, -0.000927633955143, 0.000120643147966, -0.00129260309041, -0.00112552021164, -0.000417500559706, -0.000645621912554], [0.00188638863619, 0.00331220403314, 0.00203571747988, 0.000336472992785, 0.000339707417879, -0.00052225595573, -0.000219645735342, -0.00187461625319, -0.000680973753333, -0.00119199196342, -0.00152140017599, -0.000482806150103, -0.00110455194954], [0.00112407631241, 0.00203571747988, 0.00425311364233, 0.00103693048004, -0.000212755781831, -0.0011907890439, 0.000984803424217, -0.00116234377492, -0.000610367045738, -0.000706703285687, -0.00182067393325, -0.000585525936913, -0.0014556334354], [0.000306923437165, 0.000336472992785, 0.00103693048004, 0.00477836839855, -8.39244021336e-05, -0.000471791572636, 0.000402361096349, -0.000409301661421, -0.000626333465334, -0.00140787265263, 0.00114626414143, -0.00210315338336, -0.000393668480683], [1.47787586684e-05, 0.000339707417879, -0.000212755781831, -8.39244021336e-05, 0.00593045307323, 0.0021233218722, 0.000785164593253, -0.00240180804394, -5.62615132367e-05, -0.000452962587588, -0.000997769413516, -0.00106966134626, -0.00123127375264], [2.28073822655e-05, -0.00052225595573, -0.0011907890439, -0.000471791572636, 0.0021233218722, 0.00485702510923, -0.00136977818329, 0.000783000141382, -0.00125850283075, 0.00070604152279, -0.0025733737275, -1.88418980542e-05, -0.00101307570003], [-0.000238800494117, -0.000219645735342, 0.000984803424217, 0.000402361096349, 0.000785164593253, -0.00136977818329, 0.00615915516391, -0.00298471841961, 0.000960643810686, -0.0011608437635, 7.28619852453e-05, 0.00219013029709, -0.00242613628507], [-0.000927633955143, -0.00187461625319, -0.00116234377492, -0.000409301661421, -0.00240180804394, 0.000783000141382, -0.00298471841961, 0.0104065872729, -0.00097941653803, 0.000581164727919, 0.000500422727782, 0.00108159461524, 0.00081548828166], [0.000120643147966, -0.000680973753333, -0.000610367045738, -0.000626333465334, -5.62615132367e-05, -0.00125850283075, 0.000960643810686, -0.00097941653803, 0.0070804702118, -0.00034159279312, 0.00136527384166, -0.00058857811382, 0.00200270907953], [-0.00129260309041, -0.00119199196342, -0.000706703285687, -0.00140787265263, -0.000452962587588, 0.00070604152279, -0.0011608437635, 0.000581164727919, -0.00034159279312, 0.00944335479289, -0.00251409132034, 0.000951360212639, 0.000943910155911], [-0.00112552021164, -0.00152140017599, -0.00182067393325, 0.00114626414143, -0.000997769413516, -0.0025733737275, 7.28619852453e-05, 0.000500422727782, 0.00136527384166, -0.00251409132034, 0.0125125804916, -0.00209996569902, 0.00163494097069], [-0.000417500559706, -0.000482806150103, -0.000585525936913, -0.00210315338336, -0.00106966134626, -1.88418980542e-05, 0.00219013029709, 0.00108159461524, -0.00058857811382, 0.000951360212639, -0.00209996569902, 0.0103999590501, -0.00194825627841], [-0.000645621912554, -0.00110455194954, -0.0014556334354, -0.000393668480683, -0.00123127375264, -0.00101307570003, -0.00242613628507, 0.00081548828166, 0.00200270907953, 0.000943910155911, 0.00163494097069, -0.00194825627841, 0.0123163266107]]
    },
    "spectral_contrast_coeffs": {
        "max": [-0.445414751768, -0.496139854193, -0.362091779709, -0.572976708412, -0.53562515974, -0.63584446907],
        "mean": [-0.702402532101, -0.708535790443, -0.673886299133, -0.770515799522, -0.734574019909, -0.796945691109],
        "min": [-0.903494358063, -0.920656979084, -0.919480502605, -0.919711053371, -0.857974767685, -0.885208785534],
        "stdev": [0.0795320495963, 0.0686548873782, 0.0982296019793, 0.0520144328475, 0.0729655399919, 0.0328246988356]
    },
    "spectral_contrast_valleys": {
        "max": [-5.33594417572, -5.02342748642, -5.7438378334, -6.64530611038, -6.34273052216, -7.28589296341],
        "mean": [-6.55048084259, -7.01130533218, -7.44806671143, -8.09605693817, -8.09104633331, -10.4604711533],
        "min": [-9.54021930695, -8.46656513214, -8.90822982788, -10.360455513, -10.1441411972, -12.3062725067],
        "stdev": [0.59350669384, 0.441478013992, 0.425153702497, 0.397680848837, 0.510599136353, 0.847536146641]
    }
},
"rhythm": {
    "beats_count": 71,
    "beats_loudness": {
        "max": 0.0812490731478,
        "mean": 0.030942954123,
        "min": 0.00305778090842,
        "stdev": 0.0160598214716
    },
    "bpm": 144.147613525,
    "bpm_histogram_first_peak_bpm": 144,
    "bpm_histogram_first_peak_weight": 0.325581371784,
    "bpm_histogram_second_peak_bpm": 112,
    "bpm_histogram_second_peak_spread": 0.5625,
    "bpm_histogram_second_peak_weight": 0.10000000149,
    "danceability": 1.1484566927,
    "onset_rate": 3.01464819908,
    "beats_loudness_band_ratio": {
        "max": [0.653016746044, 0.817069888115, 0.440556108952, 0.873148798943, 0.46274766326, 0.566165864468],
        "mean": [0.255339890718, 0.253540605307, 0.12141367048, 0.249163076282, 0.0839115902781, 0.0655338093638],
        "min": [0.00783895794302, 0.0378314331174, 0.00476481951773, 0.0164144672453, 0.000570721924305, 0.00201115943491],
        "stdev": [0.170166224241, 0.155967757106, 0.105631522834, 0.249965131283, 0.109302140772, 0.0934730470181]
    },
