{
"metadata": {
    "version": {
        "essentia": "2.1-beta5",
        "essentia_git_sha": "Undefined",
        "extractor": "music 2.0"
    },
    "audio_properties": {
        "analysis": {
            "equal_loudness": 0,
            "length": 27.3879356384,
            "sample_rate": 44100,
            "start_time": 158.987030029,
            "downmix": "mix"
        },
        "bit_rate": 192000,
        "length": 186.398193359,
        "lossless": 0,
        "number_channels": 2,
        "replay_gain": -3.93794059753,
        "sample_rate": 48000,
        "codec": "mp3",
        "md5_encoded": "7cf1086c8e3b2b74701afd0344af0c35"
    },
    "tags": {
        "file_name": "Montenegro_Just Get Out of My Life_Andrea Demirović.mp3",
        "encoding": ["Lavf58.29.100"]
    }
},
"lowlevel": {
    "average_loudness": 0.9822717309,
    "barkbands_crest": {
        "max": 26.8804798126,
        "mean": 8.70481586456,
        "min": 2.90224385262,
        "stdev": 3.71891498566
    },
    "barkbands_flatness_db": {
        "max": 0.533735275269,
        "mean": 0.145610004663,
        "min": 0.0676696449518,
        "stdev": 0.0337647795677
    },
    "barkbands_kurtosis": {
        "max": 1206.27502441,
        "mean": 2.12330698967,
        "min": -1.79622423649,
        "stdev": 37.313533783
    },
    "barkbands_skewness": {
        "max": 34.3780517578,
        "mean": 0.774942278862,
        "min": -1.90693545341,
        "stdev": 1.44955384731
    },
    "barkbands_spread": {
        "max": 127.42414093,
        "mean": 30.4025745392,
        "min": 0.468568772078,
        "stdev": 13.2615871429
    },
    "dissonance": {
        "max": 0.499998658895,
        "mean": 0.472019553185,
        "min": 0.379664838314,
        "stdev": 0.0201869122684
    },
    "dynamic_complexity": 2.02414107323,
    "erbbands_crest": {
        "max": 25.127450943,
        "mean": 9.53549861908,
        "min": 2.78629374504,
        "stdev": 4.13408708572
    },
    "erbbands_flatness_db": {
        "max": 0.349607497454,
        "mean": 0.181822508574,
        "min": 0.0625819340348,
        "stdev": 0.0381119698286
    },
    "erbbands_kurtosis": {
        "max": 12.0789375305,
        "mean": 0.696097671986,
        "min": -1.65880382061,
        "stdev": 1.62272202969
    },
    "erbbands_skewness": {
        "max": 2.88301992416,
        "mean": 0.273695647717,
        "min": -1.9746696949,
        "stdev": 0.597099602222
    },
    "erbbands_spread": {
        "max": 101.040618896,
        "mean": 28.8833580017,
        "min": 5.65712404251,
        "stdev": 13.6626338959
    },
    "hfc": {
        "max": 122.268630981,
        "mean": 30.6925315857,
        "min": 1.08723534453e-16,
        "stdev": 18.0048904419
    },
    "loudness_ebu128": {
        "integrated": -18.6044006348,
        "loudness_range": 0.873254776001,
        "momentary": {
            "max": -16.9933261871,
            "mean": -19.1838665009,
            "min": -92.7403030396,
            "stdev": 4.88224458694
        },
        "short_term": {
            "max": -17.8838634491,
            "mean": -18.5299091339,
            "min": -21.7231082916,
            "stdev": 0.731482505798
        }
    },
    "melbands_crest": {
        "max": 39.9704246521,
        "mean": 13.5607728958,
        "min": 1.80511724949,
        "stdev": 5.32986831665
    },
    "melbands_flatness_db": {
        "max": 0.508885204792,
        "mean": 0.16212053597,
        "min": 0.00602347403765,
        "stdev": 0.0424208715558
    },
    "melbands_kurtosis": {
        "max": 2180.51489258,
        "mean": 7.00315141678,
        "min": -1.56430184841,
        "stdev": 66.7200164795
    },
    "melbands_skewness": {
        "max": 45.3228569031,
        "mean": 1.66998255253,
        "min": -0.470283269882,
        "stdev": 1.86400151253
    },
    "melbands_spread": {
        "max": 161.098419189,
        "mean": 36.7087554932,
        "min": 0.424276590347,
        "stdev": 17.2612037659
    },
    "pitch_salience": {
        "max": 0.848751425743,
        "mean": 0.521767914295,
        "min": 0.00398315768689,
        "stdev": 0.0994606390595
    },
    "silence_rate_20dB": {
        "max": 1,
        "mean": 1,
        "min": 1,
        "stdev": 0
    },
    "silence_rate_30dB": {
        "max": 1,
        "mean": 1,
        "min": 1,
        "stdev": 0
    },
    "silence_rate_60dB": {
        "max": 1,
        "mean": 0.0287891626358,
        "min": 0,
        "stdev": 0.167213439941
    },
    "spectral_centroid": {
        "max": 11314.0517578,
        "mean": 1801.17126465,
        "min": 309.439239502,
        "stdev": 669.584594727
    },
    "spectral_complexity": {
        "max": 46,
        "mean": 24.2447071075,
        "min": 0,
        "stdev": 7.51178598404
    },
    "spectral_decrease": {
        "max": 7.14240629155e-29,
        "mean": -7.85282061599e-09,
        "min": -2.18344595737e-08,
        "stdev": 3.58036622572e-09
    },
    "spectral_energy": {
        "max": 0.0863218978047,
        "mean": 0.0324222967029,
        "min": 1.0320712308e-20,
        "stdev": 0.0145941339433
    },
    "spectral_energyband_high": {
        "max": 0.0108351688832,
        "mean": 0.000878804014064,
        "min": 7.50692659183e-21,
        "stdev": 0.00106116163079
    },
    "spectral_energyband_low": {
        "max": 0.0574574992061,
        "mean": 0.011843862012,
        "min": 5.24014866463e-23,
        "stdev": 0.00830189883709
    },
    "spectral_energyband_middle_high": {
        "max": 0.0481498390436,
        "mean": 0.0127738183364,
        "min": 1.38204139191e-21,
        "stdev": 0.00908957794309
    },
    "spectral_energyband_middle_low": {
        "max": 0.0487888604403,
        "mean": 0.00762788346037,
        "min": 2.97830509394e-22,
        "stdev": 0.00614187819883
    },
    "spectral_entropy": {
        "max": 9.79445648193,
        "mean": 7.67957353592,
        "min": 7.07779836655,
        "stdev": 0.272734284401
    },
    "spectral_flux": {
        "max": 0.249525651336,
        "mean": 0.104308567941,
        "min": 6.66364810553e-11,
        "stdev": 0.0409138202667
    },
    "spectral_kurtosis": {
        "max": 12.006775856,
        "mean": 3.32677555084,
        "min": -1.21561968327,
        "stdev": 1.68002486229
    },
    "spectral_rms": {
        "max": 0.00917695462704,
        "mean": 0.00543529633433,
        "min": 3.17316680744e-12,
        "stdev": 0.00144534127321
    },
    "spectral_rolloff": {
        "max": 19401.4160156,
        "mean": 1887.17236328,
        "min": 21.533203125,
        "stdev": 1840.72937012
    },
    "spectral_skewness": {
        "max": 2.25306987762,
        "mean": 1.33587551117,
        "min": -0.0393114387989,
        "stdev": 0.275606274605
    },
    "spectral_spread": {
        "max": 44324168,
        "mean": 4145455,
        "min": 2143949,
        "stdev": 2680178.75
    },
    "spectral_strongpeak": {
        "max": 10.833562851,
        "mean": 1.20113229752,
        "min": 0,
        "stdev": 1.72948276997
    },
    "zerocrossingrate": {
        "max": 0.626953125,
        "mean": 0.0699296444654,
        "min": 0,
        "stdev": 0.0465304292738
    },
    "barkbands": {
        "max": [0.00603068526834, 0.0549071878195, 0.0294050052762, 0.0253096111119, 0.0186089016497, 0.0165126509964, 0.0399716682732, 0.0342532731593, 0.0249758400023, 0.0463061332703, 0.023994423449, 0.0216905586421, 0.015716323629, 0.0192846246064, 0.0291754305363, 0.0151024889201, 0.0130310794339, 0.00715006235987, 0.00629523862153, 0.00366128142923, 0.00687003089115, 0.00187468726654, 0.00190897856373, 0.00206984067336, 0.00903250928968, 1.49607717503e-06, 1.0032715636e-06],
        "mean": [0.00133565068245, 0.00796754471958, 0.00215625949204, 0.0008695096476, 0.00105280743446, 0.000988187268376, 0.00184202333912, 0.00145885627717, 0.000906060275156, 0.00209472351708, 0.00197223294526, 0.00202917004935, 0.00132277840748, 0.000783469644375, 0.00187475932762, 0.000631660630461, 0.000639943871647, 0.000591931282543, 0.000717336602975, 0.000461233052192, 0.000124347148812, 0.000120363831229, 0.000165964651387, 0.000143962577567, 0.000171510357177, 5.15975617787e-09, 2.15809925486e-09],
        "min": [1.95551538378e-24, 5.53276352233e-24, 4.22472406753e-24, 1.39494179207e-23, 5.56832679189e-23, 1.80465847576e-23, 3.00589263265e-23, 1.91473801974e-23, 1.54525355776e-23, 6.98884881876e-23, 4.1875766075e-23, 5.74536232515e-23, 1.03098667706e-22, 1.0938545998e-22, 1.45568023213e-22, 9.83724253178e-23, 1.3716834589e-22, 1.11704900368e-22, 1.3238853038e-22, 2.93347078393e-22, 4.24497488427e-22, 4.90460547952e-22, 4.37755147909e-22, 7.53125834381e-22, 9.39276712199e-22, 1.49074930242e-21, 2.22160517693e-21],
        "stdev": [0.000975403410848, 0.00639275508001, 0.00335017731413, 0.00184906332288, 0.00140191160608, 0.00116920785513, 0.00268061389215, 0.00215763389133, 0.00144013634417, 0.00348719023168, 0.00300722848624, 0.00309617258608, 0.00211081653833, 0.00151677615941, 0.00338241667487, 0.00120673596393, 0.00103737576865, 0.000698603515048, 0.000839053594973, 0.000525260344148, 0.000241188987275, 0.000135928930831, 0.000161632779054, 0.000224741728744, 0.000671516521834, 6.0854844719e-08, 2.95432283082e-08]
    },
    "erbbands": {
        "max": [1.43827104568, 13.0439977646, 33.0017585754, 56.1411743164, 68.4901275635, 69.7272567749, 82.8732376099, 152.925384521, 458.817687988, 840.146850586, 594.41619873, 584.076171875, 1635.64172363, 1383.92211914, 1080.21191406, 1067.59094238, 639.465087891, 1024.4263916, 1447.61230469, 1062.17358398, 1033.90039062, 863.007873535, 308.756500244, 456.735626221, 197.306762695, 145.393859863, 222.967285156, 224.206710815, 68.9383163452, 62.6903877258, 46.5032424927, 32.2091331482, 55.4124984741, 128.211135864, 49.9050559998, 1.40149581432, 0.0460742637515, 0.00380528671667, 0.000588774681091, 0.000172792628291],
        "mean": [0.290157288313, 1.52282059193, 2.73121929169, 2.87568235397, 3.01976275444, 3.34043550491, 6.25240182877, 7.75356960297, 21.4207286835, 27.3772125244, 36.0490341187, 21.1882648468, 43.1835365295, 97.2387619019, 56.6425971985, 92.0082702637, 63.7618751526, 49.6828842163, 84.8052597046, 57.7136764526, 40.3811912537, 31.1289329529, 31.7629127502, 42.6687469482, 31.0009231567, 19.4796085358, 7.57525157928, 3.90325212479, 3.94267129898, 4.84298276901, 4.81379842758, 3.17717838287, 2.51658773422, 2.77655887604, 0.689837038517, 0.0183332879096, 0.000781699374784, 8.20446730359e-05, 3.12301162921e-05, 4.23787387263e-05],
        "min": [1.2918649979e-22, 1.86991851506e-21, 4.98062127755e-21, 3.10534135581e-20, 7.31897677793e-20, 2.66655680828e-19, 1.59182701703e-19, 2.11860458243e-19, 3.16967726665e-19, 5.81897055705e-19, 5.78315984039e-19, 3.66745879116e-19, 1.04579524607e-18, 2.40509091031e-18, 2.16162270472e-18, 2.92893550005e-18, 3.93896211226e-18, 4.79137007914e-18, 7.29470233567e-18, 8.68793835783e-18, 7.39802298445e-18, 8.41880770091e-18, 8.45898386326e-18, 8.10404066241e-18, 9.56035995962e-18, 1.22969050365e-17, 1.45717741438e-17, 1.63805104322e-17, 1.9154930455e-17, 1.47938076182e-17, 1.31510351934e-17, 1.57956937392e-17, 1.36430976429e-17, 9.22933220465e-18, 7.13768112154e-18, 4.34845994246e-18, 2.70712557123e-18, 1.10451597057e-18, 3.03135431516e-19, 3.27608694387e-20],
        "stdev": [0.211284995079, 1.49810647964, 3.67186737061, 5.03334283829, 5.88556432724, 4.19527101517, 8.66059684753, 9.61476230621, 29.5088863373, 47.1747093201, 44.325088501, 29.3001022339, 98.1280136108, 118.971374512, 88.7374725342, 140.069519043, 88.1277770996, 77.0688781738, 145.599609375, 99.5538711548, 68.5578994751, 45.9481925964, 33.7405853271, 52.6804504395, 30.9479827881, 20.1891765594, 10.0635786057, 7.90118646622, 4.68490791321, 5.00657129288, 4.77362966537, 4.04533529282, 4.795337677, 10.0392885208, 3.31644010544, 0.0868407338858, 0.0032942078542, 0.000290316093015, 4.46222766186e-05, 2.04079624382e-05]
    },
    "gfcc": {
        "mean": [5.53736305237, 110.847854614, -156.206161499, 49.801197052, -64.5522842407, 35.0820770264, -28.8909053802, 16.9514064789, -6.7129740715, -7.29315137863, 12.1848697662, -14.2143592834, 4.46885824203],
        "cov": [[18337.1796875, 2463.10668945, -1398.2701416, 869.543884277, -704.971130371, 454.409118652, -727.476135254, 142.991012573, -203.767456055, -220.636413574, 273.054199219, -415.229278564, 0.301502913237], [2463.10668945, 1022.03771973, -368.151611328, 171.346832275, -61.1631889343, -108.329704285, 78.1776580811, -152.054641724, 101.758377075, -143.646697998, 76.2256240845, -108.374511719, 37.7659683228], [-1398.2701416, -368.151611328, 663.975219727, 18.0016613007, 81.9870147705, 21.9104881287, -129.048812866, 124.000106812, -84.4254226685, 132.257446289, -80.7290267944, 82.3644256592, 11.2718372345], [869.543884277, 171.346832275, 18.0016613007, 224.381546021, 5.1694521904, -3.11335897446, -43.1312294006, -29.7223358154, 28.8983478546, -23.4371547699, 21.3062705994, -16.2372741699, 5.2664809227], [-704.971130371, -61.1631889343, 81.9870147705, 5.1694521904, 171.668533325, 24.4907417297, 15.9457559586, -10.4726209641, 0.424162775278, 27.7258071899, 6.879342556, 19.1889858246, -0.67735773325], [454.409118652, -108.329704285, 21.9104881287, -3.11335897446, 24.4907417297, 143.409255981, -38.800075531, 27.8549728394, -50.6311950684, 44.0619735718, 20.6990642548, -8.97304821014, -13.2342700958], [-727.476135254, 78.1776580811, -129.048812866, -43.1312294006, 15.9457559586, -38.800075531, 215.501953125, -71.5781936646, 53.9578399658, -46.1494255066, 16.5008277893, -11.3556289673, 3.31854104996], [142.991012573, -152.054641724, 124.000106812, -29.7223358154, -10.4726209641, 27.8549728394, -71.5781936646, 148.972488403, -35.2417297363, 36.6087532043, -19.4313583374, 31.3012256622, 7.40910339355], [-203.767456055, 101.758377075, -84.4254226685, 28.8983478546, 0.424162775278, -50.6311950684, 53.9578399658, -35.2417297363, 140.220413208, -28.0624237061, 14.3384008408, 0.508780241013, 8.15155601501], [-220.636413574, -143.646697998, 132.257446289, -23.4371547699, 27.7258071899, 44.0619735718, -46.1494255066, 36.6087532043, -28.0624237061, 119.391342163, 1.61112391949, 23.9727306366, -1.69364619255], [273.054199219, 76.2256240845, -80.7290267944, 21.3062705994, 6.879342556, 20.6990642548, 16.5008277893, -19.4313583374, 14.3384008408, 1.61112391949, 122.743804932, -10.6717433929, -15.8561935425], [-415.229278564, -108.374511719, 82.3644256592, -16.2372741699, 19.1889858246, -8.97304821014, -11.3556289673, 31.3012256622, 0.508780241013, 23.9727306366, -10.6717433929, 65.9717636108, 20.8647174835], [0.301502913237, 37.7659683228, 11.2718372345, 5.2664809227, -0.67735773325, -13.2342700958, 3.31854104996, 7.40910339355, 8.15155601501, -1.69364619255, -15.8561935425, 20.8647174835, 60.5869369507]],
        "icov": [[0.000749074330088, -0.00188757607248, 0.00162360910326, -0.00195099483244, 0.0019097867189, -0.00286068534479, 0.00185217987746, -0.00223984546028, 0.00128673750442, -0.000680883822497, 0.000602585205343, -0.000340271944879, 0.000692057539709], [-0.00188757607248, 0.00687131239101, -0.00354962493293, 0.00379558559507, -0.00482948869467, 0.00855634268373, -0.00451896060258, 0.00618712883443, -0.00332943582907, 0.00222065136768, -0.00248761195689, 0.00372946285643, -0.00406271545216], [0.00162360910326, -0.00354962493293, 0.00668896827847, -0.00555963069201, 0.00301993917674, -0.00490782735869, 0.00439777318388, -0.00605480512604, 0.00399314938113, -0.00377927254885, 0.00268883956596, -0.00199249130674, 0.00165159651078], [-0.00195099483244, 0.00379558559507, -0.00555963069201, 0.0116221355274, -0.00514559447765, 0.0062251156196, -0.00270474306308, 0.0073104579933, -0.00509647279978, 0.0035912625026, -0.00254900404252, 0.00113604729995, -0.0020479534287], [0.0019097867189, -0.00482948869467, 0.00301993917674, -0.00514559447765, 0.0119642913342, -0.00899588037282, 0.0036553600803, -0.00422905804589, 0.00274588377215, -0.00216822139919, 0.00106357608456, -0.00276645109989, 0.0021730219014], [-0.00286068534479, 0.00855634268373, -0.00490782735869, 0.0062251156196, -0.00899588037282, 0.0219162795693, -0.00645166356117, 0.0071469489485, -0.00187929463573, -0.000547611736692, -0.00420535588637, 0.00545324897394, -0.00352220842615], [0.00185217987746, -0.00451896060258, 0.00439777318388, -0.00270474306308, 0.0036553600803, -0.00645166356117, 0.011748614721, -0.00296183512546, 0.00145375821739, 2.32310176216e-05, 0.000762980722357, -0.000577633851208, 0.000778489280492], [-0.00223984546028, 0.00618712883443, -0.00605480512604, 0.0073104579933, -0.00422905804589, 0.0071469489485, -0.00296183512546, 0.0171990208328, -0.00389363267459, 0.00269883521833, -0.00207478692755, -0.00129201868549, -0.00328041147441], [0.00128673750442, -0.00332943582907, 0.00399314938113, -0.00509647279978, 0.00274588377215, -0.00187929463573, 0.00145375821739, -0.00389363267459, 0.0121449390426, -0.00194310955703, 0.000615222845227, -0.00217355368659, 0.00100696901791], [-0.000680883822497, 0.00222065136768, -0.00377927254885, 0.0035912625026, -0.00216822139919, -0.000547611736692, 2.32310176216e-05, 0.00269883521833, -0.00194310955703, 0.0143308714032, -0.00252832495607, -0.00100319774356, -0.00111921923235], [0.000602585205343, -0.00248761195689, 0.00268883956596, -0.00254900404252, 0.00106357608456, -0.00420535588637, 0.000762980722357, -0.00207478692755, 0.000615222845227, -0.00252832495607, 0.0110564734787, -0.0026814872399, 0.00423775194213], [-0.000340271944879, 0.00372946285643, -0.00199249130674, 0.00113604729995, -0.00276645109989, 0.00545324897394, -0.000577633851208, -0.00129201868549, -0.00217355368659, -0.00100319774356, -0.0026814872399, 0.0272450465709, -0.0105211166665], [0.000692057539709, -0.00406271545216, 0.00165159651078, -0.0020479534287, 0.0021730219014, -0.00352220842615, 0.000778489280492, -0.00328041147441, 0.00100696901791, -0.00111921923235, 0.00423775194213, -0.0105211166665, 0.0230839047581]]
    },
    "melbands": {
        "max": [0.0146821588278, 0.0138913653791, 0.00971255637705, 0.00416002888232, 0.00242849020287, 0.00367911765352, 0.00666251964867, 0.00905498489738, 0.00395034719259, 0.00429431116208, 0.00838403776288, 0.00607076613232, 0.00349504128098, 0.00274587445892, 0.00207774015144, 0.00160921411589, 0.00227243150584, 0.00249072047882, 0.00304078520276, 0.00108929339331, 0.00164436444174, 0.00100411090534, 0.000420945085352, 0.000374673050828, 0.000448249164037, 0.000190279984963, 0.000198531517526, 0.000100952005596, 7.71081176936e-05, 0.00023624075402, 9.32802649913e-05, 4.36974332843e-05, 2.63696092588e-05, 3.86535393773e-05, 2.40905301325e-05, 2.69565862254e-05, 2.48460582952e-05, 3.71140049538e-05, 5.32609556103e-05, 0.000161756106536],
        "mean": [0.00244628614746, 0.00160990620498, 0.000499998161104, 0.000224185438128, 0.000196704742848, 0.000182625619345, 0.00035963326809, 0.000291962060146, 0.000287753762677, 0.000121748969832, 0.000215693187783, 0.000390282977605, 0.000207150224014, 0.000212378115975, 0.000189789978322, 0.000135135589517, 8.30870339996e-05, 0.000118514661153, 0.000139071984449, 4.34807916463e-05, 4.93502666359e-05, 3.40863225574e-05, 2.83341960312e-05, 2.7858726753e-05, 3.65725791198e-05, 2.22435846808e-05, 2.24511677516e-05, 1.05945846371e-05, 5.21886477145e-06, 2.81000120594e-06, 2.06196386898e-06, 2.12646364162e-06, 2.51789174399e-06, 2.71234830507e-06, 2.80633139482e-06, 2.44919851866e-06, 1.73470880327e-06, 1.70325256477e-06, 1.88552348845e-06, 2.58628483607e-06],
        "min": [1.34166050937e-24, 3.84142602001e-24, 9.1771565429e-24, 1.08236575579e-23, 8.0528735585e-24, 4.17096043582e-24, 5.31442496756e-24, 5.52142285795e-24, 4.37556689438e-24, 1.9806457312e-24, 5.4215199352e-24, 9.43184501932e-24, 6.40804926731e-24, 5.6230068433e-24, 9.72682298875e-24, 8.55557753694e-24, 9.47244374581e-24, 1.12579996392e-23, 9.92447603286e-24, 8.01292564226e-24, 9.38188882477e-24, 8.39019521474e-24, 7.38831504384e-24, 4.24846799191e-24, 6.28773693521e-24, 5.38077408615e-24, 7.85414766357e-24, 7.63281932597e-24, 7.8601942824e-24, 9.73765404898e-24, 9.42115516519e-24, 1.0099573966e-23, 8.36498164249e-24, 6.24691693324e-24, 6.22964166828e-24, 8.13293268519e-24, 9.39739073042e-24, 9.87234258221e-24, 8.6909153027e-24, 7.1246296088e-24],
        "stdev": [0.00179442379158, 0.00167656282429, 0.000873919692822, 0.000341334874975, 0.000252330675721, 0.000235308296396, 0.000484234449686, 0.000499607005622, 0.000344873522408, 0.00020727275114, 0.000508687051479, 0.000484674033942, 0.000320755818393, 0.000336092343787, 0.000271720637102, 0.000225953175686, 0.000156264868565, 0.00021287240088, 0.000281138694845, 8.53420933709e-05, 9.94670845103e-05, 5.6701599533e-05, 3.75348972739e-05, 3.45585431205e-05, 4.93488223583e-05, 2.63977999566e-05, 2.78526003967e-05, 1.21667862913e-05, 6.51991558698e-06, 7.58011219659e-06, 3.7671222799e-06, 2.78312541013e-06, 2.70472196462e-06, 2.97253905046e-06, 2.91226797344e-06, 2.73312753052e-06, 2.58769932771e-06, 3.16461523653e-06, 4.48279070042e-06, 1.07550422399e-05]
    },
    "melbands128": {
        "max": [0.0049771880731, 0.012600582093, 0.0254711024463, 0.0224357638508, 0.0197086464614, 0.0133835449815, 0.0122452303767, 0.0118479281664, 0.00754616782069, 0.00528179295361, 0.0039853672497, 0.00240857270546, 0.00414822017774, 0.00333770900033, 0.00205025076866, 0.00809570401907, 0.0111196814105, 0.00848206039518, 0.0136828701943, 0.0134223755449, 0.00941432733089, 0.00944518111646, 0.00358682917431, 0.00350364600308, 0.00200527603738, 0.00975841470063, 0.00744558963925, 0.016285052523, 0.00814086012542, 0.0100928209722, 0.00890923198313, 0.00535224378109, 0.00537209026515, 0.00686996616423, 0.0028538047336, 0.00561913847923, 0.00648647733033, 0.00392053090036, 0.00348820537329, 0.00253362394869, 0.00322481500916, 0.00446440465748, 0.00329999253154, 0.00444889301434, 0.00202207104303, 0.0048824637197, 0.00563414487988, 0.00614892691374, 0.00390205485746, 0.00181515712757, 0.00205085845664, 0.00164417433552, 0.00117508566473, 0.0034569601994, 0.0011872400064, 0.00163923227228, 0.00128585950006, 0.000644853338599, 0.00082449457841, 0.000678400625475, 0.00063748145476, 0.000913754105568, 0.000917756755371, 0.000718064489774, 0.000661088735797, 0.000406991777709, 0.000255860417383, 0.000438020768343, 0.000449547689641, 0.000267177383648, 0.000182801508345, 0.000130282453028, 0.000130196654936, 8.03705188446e-05, 0.000267070077825, 0.000229311510338, 0.000272677483736, 0.00010747408669, 8.2178892626e-05, 5.95566561969e-05, 4.39537107013e-05, 5.87319555052e-05, 2.6051151508e-05, 3.69385998056e-05, 4.22859702667e-05, 4.12488334405e-05, 4.83912299387e-05, 4.67727986688e-05, 4.12161825807e-05, 3.7840090954e-05, 3.87717736885e-05, 2.51372130151e-05, 2.80634722003e-05, 2.36586492974e-05, 4.41707597929e-05, 4.46821541118e-05, 4.42572745669e-05, 4.30903055531e-05, 5.31540063093e-05, 8.54115205584e-05, 0.000129463718622, 0.000266168557573, 0.000250268436503, 0.000142871431308, 8.26351388241e-05, 2.6495399652e-06, 2.80645906514e-07, 7.71929791199e-08, 1.270709582e-08, 1.13593028317e-08, 3.15183745769e-09, 6.17652595736e-09, 1.26370540698e-08, 1.22010703762e-08, 8.8005362997e-09, 1.92522486842e-09, 2.38922082119e-09, 4.57415261224e-09, 1.44057077378e-08, 1.31656348046e-08, 4.09768929899e-09, 3.16984372084e-09, 3.02375635641e-09, 6.3891592017e-10, 6.2561422709e-10, 6.20513251892e-10, 6.11928341332e-10, 6.08951278291e-10],
        "mean": [0.00120375375263, 0.00256951735355, 0.00283827120438, 0.00247688964009, 0.00162979552988, 0.000974998867605, 0.000598286394961, 0.000387613952626, 0.000296289159451, 0.000226819727686, 0.000170441780938, 0.000163485601661, 0.000258863408817, 0.000163723059813, 0.000125016609672, 0.000233912316617, 0.000255115301115, 0.000396166869905, 0.00050648895558, 0.000254981860053, 0.000212134676985, 0.000282875378616, 0.000383006437914, 0.000183545038453, 9.78654643404e-05, 0.00010900075722, 0.000124736019643, 0.000252766069025, 0.000236450316152, 0.000356360134901, 0.000506555079482, 0.000363635102985, 0.000123598743812, 0.000174661399797, 0.00011407686543, 0.00024566493812, 0.000341931503499, 0.00017982647114, 0.000106240084278, 0.00013174705964, 0.000170753119164, 9.44056664594e-05, 6.91986715537e-05, 9.82777855825e-05, 5.20721405337e-05, 0.000114000315079, 0.000205124553759, 0.000191055063624, 8.82265521795e-05, 2.98605336866e-05, 4.79431728309e-05, 4.43002136308e-05, 3.70290872524e-05, 6.48761633784e-05, 5.05256430188e-05, 2.49559325312e-05, 2.37509502767e-05, 3.06639230985e-05, 2.65689250227e-05, 3.2341467886e-05, 2.33208356804e-05, 2.71059598163e-05, 4.0052786062e-05, 4.08527121181e-05, 3.11595576932e-05, 1.70954899659e-05, 1.90231567103e-05, 2.66859697149e-05, 2.47212155955e-05, 1.4315937733e-05, 1.05550252556e-05, 9.36202559387e-06, 5.92575497649e-06, 4.74382341054e-06, 3.73128114006e-06, 3.10831978823e-06, 2.27529767471e-06, 1.98466455004e-06, 2.03144281841e-06, 2.14352235162e-06, 2.14477540794e-06, 2.05735250347e-06, 2.18059335566e-06, 2.57479882748e-06, 2.7956273243e-06, 2.82506903204e-06, 2.63446622739e-06, 2.56043495028e-06, 2.84368320536e-06, 2.9348229873e-06, 2.90130947178e-06, 2.13352882383e-06, 2.06127515412e-06, 1.62920389357e-06, 1.65105575434e-06, 1.63253560004e-06, 1.834853947e-06, 1.61233788276e-06, 1.62289961736e-06, 2.05303467737e-06, 2.76655691778e-06, 2.85480837192e-06, 2.24375821745e-06, 1.50194193793e-06, 5.6930628034e-07, 1.72236553908e-08, 8.61445415001e-10, 1.89727081268e-10, 2.39807080443e-11, 2.0349531088e-11, 1.20934720571e-11, 1.37228405722e-11, 1.81159583862e-11, 1.739795287e-11, 1.42689852989e-11, 8.20228173576e-12, 8.37897373013e-12, 1.00343613627e-11, 1.82010413685e-11, 1.69882753698e-11, 9.14662789953e-12, 8.24044738695e-12, 8.01902814984e-12, 5.43987120974e-12, 5.1779544194e-12, 4.9523909279e-12, 4.81755434156e-12, 4.77820691e-12],
        "min": [1.32923299188e-24, 8.83294655324e-25, 6.83952955841e-25, 2.46475073608e-24, 1.72871097099e-24, 2.44529466514e-24, 4.53192267567e-24, 9.02734475725e-24, 3.55771653418e-24, 5.85586162201e-24, 1.55090590392e-23, 1.0525177835e-23, 4.00101810316e-24, 2.10074014048e-24, 4.78589052765e-24, 2.20790827496e-24, 9.82131333962e-25, 7.77147582956e-24, 8.28182781447e-24, 3.84532338731e-24, 1.33681779088e-24, 2.79812749614e-24, 4.20979645262e-24, 2.2915857094e-24, 9.47328072723e-25, 1.51217023023e-24, 1.91793661405e-24, 9.4702495292e-25, 8.14623209119e-24, 4.18413086307e-24, 4.38400494505e-24, 8.1558388393e-24, 5.04217329195e-24, 5.84332780552e-24, 3.07497448374e-24, 2.76300780307e-24, 9.57263618052e-24, 1.10836385022e-23, 9.40177837478e-24, 2.86578651826e-24, 6.02600432534e-24, 8.35731706993e-24, 3.3255382037e-24, 8.31339566131e-24, 9.37949305421e-24, 6.31880464424e-24, 7.76086880583e-24, 7.01554197852e-24, 4.6507744318e-24, 4.27804790928e-24, 7.44033095421e-24, 5.06897484121e-24, 4.98210350617e-24, 5.20111219828e-24, 6.19414450527e-24, 3.71041594518e-24, 6.97423406608e-24, 7.08309923758e-24, 6.59678108344e-24, 4.25646940808e-24, 4.32768343186e-24, 4.20342561195e-24, 3.21632770833e-24, 2.4617073107e-24, 6.16720884966e-24, 3.0818036526e-24, 5.22494289736e-24, 5.96638221813e-24, 7.84083326921e-24, 5.44441070651e-24, 7.11988461046e-24, 9.45980382752e-24, 5.63422128993e-24, 8.42224584446e-24, 6.57346196065e-24, 8.59905323915e-24, 8.25262970579e-24, 7.55142702435e-24, 8.29043507581e-24, 6.32901684309e-24, 5.71367259929e-24, 1.00617496633e-23, 5.98178867161e-24, 9.63169740763e-24, 8.98604473342e-24, 5.65389784749e-24, 5.16155121831e-24, 4.60320256934e-24, 4.10209721753e-24, 7.14035002892e-24, 6.22548871004e-24, 5.19698251144e-24, 1.00383733481e-23, 9.90683158099e-24, 6.85130113806e-24, 8.06471278297e-24, 1.001360706e-23, 6.8078222804e-24, 8.55924652901e-24, 6.88618772273e-24, 7.51533190477e-24, 4.84565107995e-24, 9.51696784416e-24, 8.59274945165e-24, 7.48319292263e-24, 5.10170349687e-24, 7.90897586306e-24, 7.76243785017e-24, 5.65203100816e-24, 8.10001904164e-24, 7.69576332646e-24, 4.90076445267e-24, 8.13845076722e-24, 9.94831935372e-24, 8.41757815448e-24, 8.54866711541e-24, 7.97424700322e-24, 6.58945650994e-24, 8.13384066409e-24, 9.14874729512e-24, 1.16120916894e-23, 7.29762996076e-24, 6.72887465873e-24, 8.75024868683e-24, 8.17342570432e-24, 6.32352794891e-24, 6.1773898885e-24, 7.93691731632e-24],
        "stdev": [0.000860391999595, 0.00189089193009, 0.0028020888567, 0.00261402525939, 0.00215486832894, 0.00152302009519, 0.00110177020542, 0.000870339979883, 0.000634110649116, 0.000379799370421, 0.000231907470152, 0.000232596765272, 0.000408703344874, 0.000253769452684, 0.000175325680175, 0.000445905054221, 0.000535929459147, 0.00063962850254, 0.000871753611136, 0.000659611017909, 0.000583487737458, 0.000501766102389, 0.000514231272973, 0.000321253231959, 0.000165249424754, 0.000395338080125, 0.000364802137483, 0.000875060795806, 0.000636386685073, 0.000634532072581, 0.000770402955823, 0.000684378435835, 0.000373748509446, 0.000510119483806, 0.000272307544947, 0.00055011024233, 0.000684339727741, 0.000362110586138, 0.000263688503765, 0.000285342539428, 0.000369379413314, 0.000256670842646, 0.000159173374414, 0.00029238476418, 0.000140250878758, 0.000304122455418, 0.000508619064931, 0.000503333460074, 0.000286795955617, 8.52383673191e-05, 0.000138578587212, 0.000119298681966, 0.000102861340565, 0.000204504074645, 0.000103493432107, 6.72234527883e-05, 6.14238670096e-05, 6.35146425338e-05, 4.85831151309e-05, 5.33351558261e-05, 4.75820525025e-05, 6.03294029133e-05, 8.4393817815e-05, 7.70770493546e-05, 7.72136409068e-05, 3.21544684994e-05, 2.85574005829e-05, 4.52960775874e-05, 4.51758751296e-05, 2.83786212094e-05, 1.7040360035e-05, 1.39188796311e-05, 1.02544408946e-05, 7.60890088713e-06, 1.0006501725e-05, 7.70255792304e-06, 8.56913629832e-06, 4.37573999079e-06, 3.68644418813e-06, 3.92321499021e-06, 3.14523776979e-06, 3.10744462695e-06, 2.76145647149e-06, 3.36782454724e-06, 3.93139816879e-06, 3.81167706109e-06, 3.57994258593e-06, 3.69544682144e-06, 3.74497994926e-06, 3.97705161959e-06, 4.08662344853e-06, 3.0535429687e-06, 3.10005952997e-06, 2.79253754343e-06, 3.08463268084e-06, 3.31900378114e-06, 3.76808088731e-06, 3.40168458024e-06, 3.56653958988e-06, 5.72870840188e-06, 1.03158690763e-05, 1.40808469951e-05, 1.23539375636e-05, 8.37464358483e-06, 3.42107114193e-06, 1.19140310062e-07, 9.98168125932e-09, 2.76611644701e-09, 3.71533415144e-10, 3.31622590499e-10, 9.58357976311e-11, 1.81532094912e-10, 3.68313352039e-10, 3.55595303203e-10, 2.56990706493e-10, 6.07845510037e-11, 7.31441157642e-11, 1.34773636695e-10, 4.19418194619e-10, 3.83383408353e-10, 1.20832233108e-10, 9.42372846424e-11, 9.00591476394e-11, 1.99711948368e-11, 1.93949873523e-11, 1.92303343388e-11, 1.8978684943e-11, 1.88849318128e-11]
    },
    "mfcc": {
        "mean": [-606.705749512, 112.586647034, -14.2269134521, 11.9479913712, 5.89292764664, 4.38170385361, 9.04886817932, 13.2899303436, -2.05518984795, 12.6961078644, 4.66106414795, 3.2859621048, 9.59020233154],
        "cov": [[8557.0859375, 841.8671875, 29.6844081879, 93.2747116089, 369.102996826, -15.8536128998, 163.460693359, 75.7016983032, -174.789779663, 118.960258484, 89.7924346924, -12.33340168, 220.332855225], [841.8671875, 623.517456055, -153.739700317, 139.623260498, -85.9208526611, 55.4183311462, -29.7206077576, 39.8435287476, 4.54371404648, 20.8661384583, -4.66031503677, 13.8327484131, -22.101776123], [29.6844081879, -153.739700317, 402.887969971, 22.3143196106, 157.850341797, -72.7895584106, 13.8902606964, -70.4220581055, 33.6782722473, -37.681476593, 1.36676764488, 22.6481304169, 19.5265979767], [93.2747116089, 139.623260498, 22.3143196106, 231.5884552, -9.21001148224, 46.7199630737, -67.0241165161, 18.0171432495, 22.2992954254, -12.129948616, -22.8439102173, 27.9196376801, -20.2494182587], [369.102996826, -85.9208526611, 157.850341797, -9.21001148224, 270.395202637, -46.2994842529, 41.4459838867, -44.0550041199, -6.25676774979, -21.870891571, 12.6994571686, -5.61265707016, 80.5540847778], [-15.8536128998, 55.4183311462, -72.7895584106, 46.7199630737, -46.2994842529, 162.680206299, 0.484720408916, -0.404633492231, -10.2917175293, 16.7773170471, 6.28396701813, -0.569957852364, -23.3348674774], [163.460693359, -29.7206077576, 13.8902606964, -67.0241165161, 41.4459838867, 0.484720408916, 155.550415039, -18.8460350037, -34.4655418396, 4.85419845581, 18.0465431213, -20.2315120697, 30.3626422882], [75.7016983032, 39.8435287476, -70.4220581055, 18.0171432495, -44.0550041199, -0.404633492231, -18.8460350037, 101.57094574, -1.80039668083, 23.4265518188, -26.2254428864, 7.66059303284, -11.8655004501], [-174.789779663, 4.54371404648, 33.6782722473, 22.2992954254, -6.25676774979, -10.2917175293, -34.4655418396, -1.80039668083, 120.509971619, -24.556438446, -6.96312904358, -5.41109752655, -20.8620014191], [118.960258484, 20.8661384583, -37.681476593, -12.129948616, -21.870891571, 16.7773170471, 4.85419845581, 23.4265518188, -24.556438446, 80.7528762817, 0.256748527288, 7.82452011108, -6.86966133118], [89.7924346924, -4.66031503677, 1.36676764488, -22.8439102173, 12.6994571686, 6.28396701813, 18.0465431213, -26.2254428864, -6.96312904358, 0.256748527288, 74.0354690552, 2.22539758682, 19.7985191345], [-12.33340168, 13.8327484131, 22.6481304169, 27.9196376801, -5.61265707016, -0.569957852364, -20.2315120697, 7.66059303284, -5.41109752655, 7.82452011108, 2.22539758682, 81.8151931763, 5.76718091965], [220.332855225, -22.101776123, 19.5265979767, -20.2494182587, 80.5540847778, -23.3348674774, 30.3626422882, -11.8655004501, -20.8620014191, -6.86966133118, 19.7985191345, 5.76718091965, 104.130218506]],
        "icov": [[0.000172045067302, -0.000290427880827, -9.66832594713e-05, 2.90196130663e-05, -0.000247458199738, 7.53851372792e-06, -6.22078514425e-05, -0.000235669998801, 0.000176580884727, -0.000187924204511, -0.000184784090379, 0.000128072410007, -0.000166482001077], [-0.000290427880827, 0.00266720470972, 0.00105785636697, -0.00161807134282, 0.000616535835434, 0.000194653825019, -0.000301169784507, 0.000480732473079, -0.000537995889317, -0.000110901157313, 8.40078428155e-06, -0.000356170203304, 0.000279917439912], [-9.66832594713e-05, 0.00105785636697, 0.00464630313218, -0.00133423262741, -0.00201702071354, 0.00162339292001, -0.00068429246312, 0.00248007150367, -0.00109841499943, 0.000238660737523, 0.000486221339088, -0.00176764337812, 0.00150577281602], [2.90196130663e-05, -0.00161807134282, -0.00133423262741, 0.00705619994551, -0.000537312356755, -0.00242408388294, 0.00241059809923, -0.00125158089213, -4.0723116399e-05, 0.0015112333931, 0.00131970259827, -0.00129528681282, 0.000156814290676], [-0.000247458199738, 0.000616535835434, -0.00201702071354, -0.000537312356755, 0.00700530502945, 0.000349927460775, -0.000514173996635, 0.00110031897202, -7.29311723262e-05, 0.00022047321545, 0.000606784364209, 0.00111472466961, -0.00431447383016], [7.53851372792e-06, 0.000194653825019, 0.00162339292001, -0.00242408388294, 0.000349927460775, 0.00802706088871, -0.00111615390051, 0.00169646495488, 0.000308553368086, -0.00145313469693, -0.000998609117232, 7.56046938477e-05, 0.00144805363379], [-6.22078514425e-05, -0.000301169784507, -0.00068429246312, 0.00241059809923, -0.000514173996635, -0.00111615390051, 0.0086569879204, 0.000249741744483, 0.00184244860429, -2.6649679512e-06, -0.00055541866459, 0.00171174877323, -0.00130359560717], [-0.000235669998801, 0.000480732473079, 0.00248007150367, -0.00125158089213, 0.00110031897202, 0.00169646495488, 0.000249741744483, 0.0142870014533, -0.000810289871879, -0.00316037074663, 0.00457876548171, -0.00142768991645, -0.00018595016445], [0.000176580884727, -0.000537995889317, -0.00109841499943, -4.0723116399e-05, -7.29311723262e-05, 0.000308553368086, 0.00184244860429, -0.000810289871879, 0.0102169960737, 0.00250387331471, -0.000460608367575, 0.00131193071138, 0.00143326586112], [-0.000187924204511, -0.000110901157313, 0.000238660737523, 0.0015112333931, 0.00022047321545, -0.00145313469693, -2.6649679512e-06, -0.00316037074663, 0.00250387331471, 0.0153574645519, -0.000511549354997, -0.00168415228836, 0.00147302157711], [-0.000184784090379, 8.40078428155e-06, 0.000486221339088, 0.00131970259827, 0.000606784364209, -0.000998609117232, -0.00055541866459, 0.00457876548171, -0.000460608367575, -0.000511549354997, 0.0165773946792, -0.00139112363104, -0.00265213893726], [0.000128072410007, -0.000356170203304, -0.00176764337812, -0.00129528681282, 0.00111472466961, 7.56046938477e-05, 0.00171174877323, -0.00142768991645, 0.00131193071138, -0.00168415228836, -0.00139112363104, 0.0143047422171, -0.00215023150668], [-0.000166482001077, 0.000279917439912, 0.00150577281602, 0.000156814290676, -0.00431447383016, 0.00144805363379, -0.00130359560717, -0.00018595016445, 0.00143326586112, 0.00147302157711, -0.00265213893726, -0.00215023150668, 0.0147918919101]]
    },
    "spectral_contrast_coeffs": {
        "max": [-0.609641671181, -0.554531574249, -0.519762516022, -0.545562505722, -0.615383207798, -0.503720879555],
        "mean": [-0.787681460381, -0.7598554492, -0.719875454903, -0.760766863823, -0.757482171059, -0.71387130022],
        "min": [-0.959346234798, -0.98082357645, -0.983326077461, -0.978758573532, -0.964882075787, -0.960498809814],
        "stdev": [0.0497531332076, 0.0615872368217, 0.0688578113914, 0.0618285611272, 0.0539965219796, 0.0567811504006]
    },
    "spectral_contrast_valleys": {
        "max": [-5.28909397125, -4.91800022125, -5.49152040482, -5.659907341, -5.82431030273, -8.00975513458],
        "mean": [-6.61617183685, -6.55174446106, -7.02400159836, -7.27839708328, -7.34856414795, -10.6706781387],
        "min": [-27.6526794434, -27.2153835297, -27.4900913239, -27.2693729401, -27.4173927307, -27.3634357452],
        "stdev": [1.78707480431, 1.67157673836, 1.60590386391, 1.5629837513, 1.53050065041, 1.52157568932]
    }
},
"rhythm": {
    "beats_count": 61,
    "beats_loudness": {
        "max": 0.0724325105548,
        "mean": 0.0412223637104,
        "min": 0.000402388162911,
        "stdev": 0.0143606523052
    },
    "bpm": 137.077560425,
    "bpm_histogram_first_peak_bpm": 136,
    "bpm_histogram_first_peak_weight": 0.480769276619,
    "bpm_histogram_second_peak_bpm": 129,
    "bpm_histogram_second_peak_spread": 0,
    "bpm_histogram_second_peak_weight": 0.0500000007451,
    "danceability": 1.43705177307,
    "onset_rate": 3.10224127769,
    "beats_loudness_band_ratio": {
        "max": [0.887321293354, 0.240656927228, 0.766722023487, 0.700429677963, 0.48463088274, 0.143208637834],
        "mean": [0.449983537197, 0.0435956902802, 0.126607298851, 0.235380098224, 0.121479734778, 0.0496174655855],
        "min": [0.00304730446078, 0.00275677791797, 0.0201253481209, 0.0264342557639, 0.0160010885447, 0.00666791200638],
        "stdev": [0.200008630753, 0.0379760041833, 0.128732293844, 0.144489407539, 0.103527896106, 0.0299387667328]
    },
    "beats_position": [0.441179126501, 0.882358253002, 1.3235373497, 1.75310659409, 2.19428563118, 2.62385487556, 3.05342388153, 3.48299312592, 3.92417216301, 4.3653512001, 4.80653047562, 5.23609972, 5.67727899551, 6.10684776306, 6.54802703857, 6.97759628296, 7.40716552734, 7.84834432602, 8.28952407837, 8.73070240021, 9.16027164459, 9.6014509201, 10.0310201645, 10.47219944, 10.8901586533, 11.3313379288, 11.7725172043, 12.2136955261, 12.6432647705, 13.0728340149, 13.5140132904, 13.9551925659, 14.3963718414, 14.8259410858, 15.2555103302, 15.6850786209, 16.114648819, 16.5558280945, 16.99700737, 17.426574707, 17.8561439514, 18.2973232269, 18.7385025024, 19.1680717468, 19.5976409912, 20.0388202667, 20.4799995422, 20.8979587555, 21.339138031, 21.7803173065, 22.2331066132, 22.7323360443, 23.2315635681, 23.7191829681, 24.1719722748, 24.6363716125, 25.1007709503, 25.5651702881, 26.0179595947, 26.470746994, 26.9235363007],
