{
"metadata": {
    "version": {
        "essentia": "2.1-beta5",
        "essentia_git_sha": "Undefined",
        "extractor": "music 2.0"
    },
    "audio_properties": {
        "analysis": {
            "equal_loudness": 0,
            "length": 29.0017242432,
            "sample_rate": 44100,
            "start_time": 0,
            "downmix": "mix"
        },
        "bit_rate": 192000,
        "length": 234.10357666,
        "lossless": 0,
        "number_channels": 2,
        "replay_gain": -1.5954246521,
        "sample_rate": 48000,
        "codec": "mp3",
        "md5_encoded": "d3f8ca1e078f5295bea50da94bae7536"
    },
    "tags": {
        "file_name": "BosniaHerzegovina_Bistra Voda_Regina.mp3",
        "encoding": ["Lavf58.29.100"]
    }
},
"lowlevel": {
    "average_loudness": 0.936286091805,
    "barkbands_crest": {
        "max": 25.13621521,
        "mean": 11.173251152,
        "min": 2.08708524704,
        "stdev": 4.55337142944
    },
    "barkbands_flatness_db": {
        "max": 0.377894878387,
        "mean": 0.167110681534,
        "min": 0.0205421634018,
        "stdev": 0.0633566826582
    },
    "barkbands_kurtosis": {
        "max": 246.679000854,
        "mean": 7.53157043457,
        "min": -1.90374088287,
        "stdev": 15.6285610199
    },
    "barkbands_skewness": {
        "max": 12.3198394775,
        "mean": 1.67031371593,
        "min": -5.7727766037,
        "stdev": 1.72567033768
    },
    "barkbands_spread": {
        "max": 99.6063613892,
        "mean": 20.4545001984,
        "min": 0.817401230335,
        "stdev": 17.6214694977
    },
    "dissonance": {
        "max": 0.499999910593,
        "mean": 0.446710973978,
        "min": 0.210858628154,
        "stdev": 0.0513159669936
    },
    "dynamic_complexity": 3.65830588341,
    "erbbands_crest": {
        "max": 28.5081195831,
        "mean": 10.0658578873,
        "min": 2.66954398155,
        "stdev": 4.42007827759
    },
    "erbbands_flatness_db": {
        "max": 0.354574322701,
        "mean": 0.186905652285,
        "min": 0.0614338666201,
        "stdev": 0.0614189580083
    },
    "erbbands_kurtosis": {
        "max": 66.4641876221,
        "mean": 1.65400588512,
        "min": -1.84788775444,
        "stdev": 4.41480064392
    },
    "erbbands_skewness": {
        "max": 4.12135076523,
        "mean": 0.293835222721,
        "min": -7.39379644394,
        "stdev": 1.19099664688
    },
    "erbbands_spread": {
        "max": 131.278793335,
        "mean": 36.116230011,
        "min": 3.53270936012,
        "stdev": 21.0583496094
    },
    "hfc": {
        "max": 291.256286621,
        "mean": 17.8104248047,
        "min": 0.00507336575538,
        "stdev": 22.0848140717
    },
    "loudness_ebu128": {
        "integrated": -23.2284011841,
        "loudness_range": 2.93634605408,
        "momentary": {
            "max": -19.4488563538,
            "mean": -23.7646999359,
            "min": -33.5219497681,
            "stdev": 2.3312933445
        },
        "short_term": {
            "max": -21.2860546112,
            "mean": -23.3728809357,
            "min": -26.1479320526,
            "stdev": 1.09027791023
        }
    },
    "melbands_crest": {
        "max": 34.2751426697,
        "mean": 15.4590454102,
        "min": 3.65060901642,
        "stdev": 6.37844324112
    },
    "melbands_flatness_db": {
        "max": 0.529453635216,
        "mean": 0.240607589483,
        "min": 0.0516096241772,
        "stdev": 0.0843949615955
    },
    "melbands_kurtosis": {
        "max": 234.56338501,
        "mean": 16.7200241089,
        "min": -1.82602107525,
        "stdev": 24.7950649261
    },
    "melbands_skewness": {
        "max": 11.7124853134,
        "mean": 2.69562268257,
        "min": -2.09383177757,
        "stdev": 2.06275629997
    },
    "melbands_spread": {
        "max": 225.780166626,
        "mean": 25.2534980774,
        "min": 0.687049686909,
        "stdev": 29.8575897217
    },
    "pitch_salience": {
        "max": 0.876107990742,
        "mean": 0.585145533085,
        "min": 0.0810113847256,
        "stdev": 0.144671365619
    },
    "silence_rate_20dB": {
        "max": 1,
        "mean": 1,
        "min": 1,
        "stdev": 0
    },
    "silence_rate_30dB": {
        "max": 1,
        "mean": 1,
        "min": 1,
        "stdev": 0
    },
    "silence_rate_60dB": {
        "max": 1,
        "mean": 0.125599995255,
        "min": 0,
        "stdev": 0.33139744401
    },
    "spectral_centroid": {
        "max": 6048.11816406,
        "mean": 1286.42541504,
        "min": 177.623886108,
        "stdev": 911.188903809
    },
    "spectral_complexity": {
        "max": 53,
        "mean": 12.3296003342,
        "min": 0,
        "stdev": 9.17284488678
    },
    "spectral_decrease": {
        "max": -1.6569689414e-12,
        "mean": -5.50143441913e-09,
        "min": -3.10152543648e-08,
        "stdev": 4.9664370394e-09
    },
    "spectral_energy": {
        "max": 0.12217823416,
        "mean": 0.0223791282624,
        "min": 6.71394082019e-06,
        "stdev": 0.0198529213667
    },
    "spectral_energyband_high": {
        "max": 0.0405245497823,
        "mean": 0.000833626720123,
        "min": 1.44613153452e-07,
        "stdev": 0.00244506634772
    },
    "spectral_energyband_low": {
        "max": 0.0681072697043,
        "mean": 0.00574511149898,
        "min": 3.63349727195e-07,
        "stdev": 0.00955534540117
    },
    "spectral_energyband_middle_high": {
        "max": 0.0418872125447,
        "mean": 0.00420854240656,
        "min": 1.94158269551e-06,
        "stdev": 0.00618861289695
    },
    "spectral_energyband_middle_low": {
        "max": 0.11231855303,
        "mean": 0.0121868057176,
        "min": 2.99723296848e-06,
        "stdev": 0.0138572175056
    },
    "spectral_entropy": {
        "max": 8.68045520782,
        "mean": 7.29930067062,
        "min": 5.46896696091,
        "stdev": 0.603529393673
    },
    "spectral_flux": {
        "max": 0.276984095573,
        "mean": 0.0919724032283,
        "min": 0.00259112729691,
        "stdev": 0.052744910121
    },
    "spectral_kurtosis": {
        "max": 49.6928100586,
        "mean": 6.41733598709,
        "min": -1.06895673275,
        "stdev": 5.65148878098
    },
    "spectral_rms": {
        "max": 0.010917795822,
        "mean": 0.00416675256565,
        "min": 8.09332195786e-05,
        "stdev": 0.00211459258571
    },
    "spectral_rolloff": {
        "max": 14621.0449219,
        "mean": 1605,
        "min": 64.599609375,
        "stdev": 1870.37658691
    },
    "spectral_skewness": {
        "max": 5.41585302353,
        "mean": 1.65355527401,
        "min": -0.61823707819,
        "stdev": 0.856689631939
    },
    "spectral_spread": {
        "max": 10302111,
        "mean": 3883873.5,
        "min": 1490575.125,
        "stdev": 1546814.375
    },
    "spectral_strongpeak": {
        "max": 18.7131404877,
        "mean": 0.914574205875,
        "min": 0,
        "stdev": 1.34293138981
    },
    "zerocrossingrate": {
        "max": 0.31005859375,
        "mean": 0.0582152344286,
        "min": 0.00390625,
        "stdev": 0.046428013593
    },
    "barkbands": {
        "max": [0.00509627349675, 0.0650644376874, 0.016322273761, 0.0290594119579, 0.107939377427, 0.039439663291, 0.0603333152831, 0.0387586466968, 0.0398763120174, 0.0409913696349, 0.0226966328919, 0.0129497367889, 0.0080641573295, 0.0132448524237, 0.0147385494784, 0.0221647620201, 0.0185234323144, 0.0100042466074, 0.00470217689872, 0.00678820768371, 0.00651244306937, 0.0103562483564, 0.0355310440063, 0.00367165287025, 0.000977304182015, 0.000437812064774, 8.17617547e-05],
        "mean": [0.000356826756615, 0.00434872647747, 0.000626963621471, 0.00101386150345, 0.00338267977349, 0.00162012409419, 0.00199501309544, 0.00162927876227, 0.00217470573261, 0.00107736501377, 0.000416289200075, 0.000376951036742, 0.000271625613095, 0.000294581375783, 0.000417973526055, 0.000490696344059, 0.000520542496815, 0.000333368836436, 0.000138843650348, 0.000153457585839, 0.000167803504155, 0.000165195800946, 0.000293028337182, 7.15778078302e-05, 2.51311012107e-05, 1.492516094e-05, 1.60907688951e-06],
        "min": [3.47170647785e-09, 9.8909879398e-08, 4.55737136917e-08, 7.14046564099e-08, 2.10052277794e-07, 1.41900864392e-08, 3.81529218885e-07, 1.14861080647e-08, 4.14197387499e-07, 1.00931835334e-07, 1.16550182838e-07, 2.54004618228e-07, 1.17099560271e-07, 6.38744381831e-08, 3.87062257801e-08, 1.06473798667e-08, 3.77447477717e-08, 4.19210159919e-08, 3.65925103551e-08, 2.85713035453e-08, 3.72568180751e-08, 2.42946622819e-08, 2.05398595909e-08, 2.44653852732e-09, 1.15113384103e-10, 2.51553777808e-10, 1.15438136827e-09],
        "stdev": [0.00072849355638, 0.00867472216487, 0.00139423576184, 0.00209341966547, 0.00604224158451, 0.00372100109234, 0.00512062013149, 0.00386942317709, 0.00556102208793, 0.00378804211505, 0.00122889003251, 0.0010202989215, 0.000650092028081, 0.000819209904876, 0.00119323446415, 0.00155228853691, 0.00153124867938, 0.000751975632738, 0.000398154195864, 0.000442561839009, 0.000477006426081, 0.00059127464192, 0.00159780564718, 0.000233282873523, 7.4280287663e-05, 4.02515543101e-05, 4.61734498458e-06]
    },
    "erbbands": {
        "max": [3.00529694557, 10.0786399841, 17.2177696228, 67.8854446411, 171.113510132, 558.707763672, 296.809112549, 468.360015869, 659.283874512, 1358.47741699, 1053.51879883, 1165.1484375, 1511.16467285, 1403.57763672, 440.625305176, 496.987945557, 344.892364502, 479.499511719, 728.737304688, 813.204772949, 1478.85864258, 915.470397949, 485.51071167, 270.1925354, 218.089523315, 336.608215332, 394.173553467, 202.538803101, 376.526702881, 399.850799561, 1437.63305664, 312.847015381, 42.1439361572, 19.5459156036, 6.0150103569, 2.15171146393, 1.01392149925, 0.288930386305, 0.00860755238682, 0.000299834908219],
        "mean": [0.194295674562, 0.695163488388, 0.746159911156, 2.25702261925, 7.93748140335, 11.8098192215, 10.5142116547, 14.3938264847, 25.4213886261, 31.0120182037, 42.7007217407, 47.1779327393, 39.2522735596, 28.919216156, 15.7394924164, 14.4764175415, 12.6010427475, 14.0679769516, 19.6671695709, 22.7805290222, 29.1551303864, 29.5613193512, 19.90350914, 10.1133041382, 6.47189807892, 7.17541742325, 7.39291954041, 6.06208705902, 5.72533273697, 6.95230388641, 8.5918302536, 3.04436922073, 0.757823467255, 0.303125619888, 0.171418488026, 0.0653089508414, 0.0276901181787, 0.00588989630342, 0.000246340263402, 3.43007595802e-05],
        "min": [6.8278523031e-06, 6.63538958179e-05, 8.60692016431e-05, 0.000199416361284, 0.000396947725676, 0.000852412718814, 0.00291681056842, 0.000274575722869, 0.00371320918202, 0.00411547301337, 0.00105174223427, 0.0113912327215, 0.00327667640522, 0.00606047548354, 0.0113033642992, 0.00923557206988, 0.00552933616564, 0.00339434319176, 0.00198741746135, 0.00137948349584, 0.00105769082438, 0.00187689671293, 0.00300955260172, 0.00236530182883, 0.00167703733314, 0.00120656471699, 0.0015358364908, 0.00137952785008, 0.000886705471203, 0.00102401524782, 0.0003717453219, 0.000137499315315, 5.75306694373e-06, 1.57872966611e-06, 1.21296181987e-06, 7.11674772447e-07, 7.40859775306e-07, 1.79849200777e-06, 6.70326798513e-08, 9.96623494842e-09],
        "stdev": [0.418397039175, 1.36583912373, 1.40430378914, 4.49643564224, 12.4439697266, 26.9274902344, 25.3485183716, 35.3157234192, 58.1789855957, 86.2413101196, 103.978874207, 124.462211609, 124.339042664, 101.484901428, 38.1650466919, 34.1832695007, 28.9723911285, 35.7677688599, 55.4826965332, 59.9298095703, 93.6712112427, 83.1924438477, 43.7096710205, 23.7725753784, 19.2488670349, 20.4116516113, 21.3986358643, 17.0306415558, 21.1957759857, 24.2104034424, 54.7994651794, 14.9261207581, 2.54432106018, 1.0152567625, 0.505107343197, 0.177952870727, 0.081777498126, 0.0197421777993, 0.000626146327704, 3.13240198011e-05]
    },
    "gfcc": {
        "mean": [-48.6862297058, 102.805221558, -115.438789368, 28.1949157715, -55.3044242859, -2.95353364944, -33.0198669434, -2.12380647659, -12.1917200089, -5.83657169342, -17.9613990784, 3.26083421707, -16.9213142395],
        "cov": [[5734.58984375, -1109.98974609, -538.592712402, 290.155212402, -638.203857422, 478.816314697, -166.302612305, 588.754882812, 93.9901733398, 395.010162354, 154.715316772, 86.7225189209, 270.13381958], [-1109.98974609, 1545.4017334, -77.263458252, -607.349121094, 284.426879883, -442.143066406, 212.049636841, -125.007492065, 55.6629257202, -207.253082275, 20.929813385, -96.4773330688, -58.2110557556], [-538.592712402, -77.263458252, 1240.39868164, 34.1571426392, 189.626098633, 323.123535156, -4.38954353333, 226.336044312, -222.239440918, 295.974029541, 40.7665710449, 120.403762817, 24.8261013031], [290.155212402, -607.349121094, 34.1571426392, 1017.04632568, 5.99987888336, 193.453796387, -83.4961166382, -96.2356185913, 153.556945801, 21.8458499908, 36.7235412598, 34.7476921082, 61.3540840149], [-638.203857422, 284.426879883, 189.626098633, 5.99987888336, 537.858154297, 28.706943512, -43.9106407166, 38.4270744324, -18.884185791, 47.6290359497, -21.8176651001, 40.27135849, 10.324344635], [478.816314697, -442.143066406, 323.123535156, 193.453796387, 28.706943512, 646.855041504, 100.294189453, 139.972793579, -61.2225227356, 188.595016479, 68.2022705078, 48.8972015381, 83.827583313], [-166.302612305, 212.049636841, -4.38954353333, -83.4961166382, -43.9106407166, 100.294189453, 367.793334961, 40.21144104, -11.8697681427, -2.31146168709, 65.042350769, -4.95864915848, -0.589619636536], [588.754882812, -125.007492065, 226.336044312, -96.2356185913, 38.4270744324, 139.972793579, 40.21144104, 374.008605957, -29.0471687317, 173.08114624, 58.5084762573, 74.6972732544, 77.2182769775], [93.9901733398, 55.6629257202, -222.239440918, 153.556945801, -18.884185791, -61.2225227356, -11.8697681427, -29.0471687317, 299.252990723, -36.9617271423, -0.838915884495, -14.6164884567, 8.2689037323], [395.010162354, -207.253082275, 295.974029541, 21.8458499908, 47.6290359497, 188.595016479, -2.31146168709, 173.08114624, -36.9617271423, 286.466369629, 53.2188682556, 72.7091140747, 50.6526260376], [154.715316772, 20.929813385, 40.7665710449, 36.7235412598, -21.8176651001, 68.2022705078, 65.042350769, 58.5084762573, -0.838915884495, 53.2188682556, 127.328910828, 37.1196937561, 16.7796649933], [86.7225189209, -96.4773330688, 120.403762817, 34.7476921082, 40.27135849, 48.8972015381, -4.95864915848, 74.6972732544, -14.6164884567, 72.7091140747, 37.1196937561, 131.857376099, 28.755241394], [270.13381958, -58.2110557556, 24.8261013031, 61.3540840149, 10.324344635, 83.827583313, -0.589619636536, 77.2182769775, 8.2689037323, 50.6526260376, 16.7796649933, 28.755241394, 115.301864624]],
        "icov": [[0.000442940567154, -0.000269608659437, 0.000554941419978, -0.000290777679766, 0.000687920895871, -0.000427993916674, 0.000561127380934, -0.000846039503813, 0.000286891794531, -0.000625708664302, 0.000169942999491, -0.000128046987811, -5.80753185204e-05], [-0.000269608659437, 0.00281677464955, -0.00122512993403, 0.00179778155871, -0.00218549300916, 0.00192863796838, -0.00191336346325, 0.00178867648356, -0.00158597447444, 0.00166080507915, -0.00249656732194, 0.00174094852991, -0.00173998787068], [0.000554941419978, -0.00122512993403, 0.00238172104582, -0.00106971361674, 0.00115138106048, -0.00139174424112, 0.00125752785243, -0.00183425168507, 0.00168170139659, -0.00212649162859, 0.0012998651946, -0.00117163313553, 0.00119791890029], [-0.000290777679766, 0.00179778155871, -0.00106971361674, 0.00256793759763, -0.00150517001748, 0.000783660099842, -0.000894830271136, 0.00209141569212, -0.001878362149, 0.00132710719481, -0.00208944594488, 0.000782129762229, -0.00172670360189], [0.000687920895871, -0.00218549300916, 0.00115138106048, -0.00150517001748, 0.00427677854896, -0.00176012620796, 0.00205900263973, -0.00218005781062, 0.00126317969989, -0.00182672275696, 0.002374001313, -0.00179031107109, 0.00101810216438], [-0.000427993916674, 0.00192863796838, -0.00139174424112, 0.000783660099842, -0.00176012620796, 0.00391360418871, -0.0022588733118, 0.00149221089669, -0.000738828734029, 0.000370804278646, -0.00186050741468, 0.00160364934709, -0.00207860209048], [0.000561127380934, -0.00191336346325, 0.00125752785243, -0.000894830271136, 0.00205900263973, -0.0022588733118, 0.00502114603296, -0.00203275633976, 0.00106505164877, -0.000834276434034, -0.000163368691574, -0.000787347613368, 0.00127995549701], [-0.000846039503813, 0.00178867648356, -0.00183425168507, 0.00209141569212, -0.00218005781062, 0.00149221089669, -0.00203275633976, 0.0069099906832, -0.00164953770582, 8.11903155409e-05, -0.00229520141147, 0.000180796254426, -0.00298894220032], [0.000286891794531, -0.00158597447444, 0.00168170139659, -0.001878362149, 0.00126317969989, -0.000738828734029, 0.00106505164877, -0.00164953770582, 0.0053376192227, -0.00140496739186, 0.00146909989417, -0.000773132895119, 0.000912209798116], [-0.000625708664302, 0.00166080507915, -0.00212649162859, 0.00132710719481, -0.00182672275696, 0.000370804278646, -0.000834276434034, 8.11903155409e-05, -0.00140496739186, 0.00819700583816, -0.00257748737931, -0.000126185826957, -0.00120222079568], [0.000169942999491, -0.00249656732194, 0.0012998651946, -0.00208944594488, 0.002374001313, -0.00186050741468, -0.000163368691574, -0.00229520141147, 0.00146909989417, -0.00257748737931, 0.0127030918375, -0.00373511319049, 0.00195952062495], [-0.000128046987811, 0.00174094852991, -0.00117163313553, 0.000782129762229, -0.00179031107109, 0.00160364934709, -0.000787347613368, 0.000180796254426, -0.000773132895119, -0.000126185826957, -0.00373511319049, 0.0111500984058, -0.00224197586067], [-5.80753185204e-05, -0.00173998787068, 0.00119791890029, -0.00172670360189, 0.00101810216438, -0.00207860209048, 0.00127995549701, -0.00298894220032, 0.000912209798116, -0.00120222079568, 0.00195952062495, -0.00224197586067, 0.0127563588321]]
    },
    "melbands": {
        "max": [0.0217471513897, 0.00718958163634, 0.00986385717988, 0.0244051404297, 0.00988980475813, 0.00923828687519, 0.00994881149381, 0.012257120572, 0.00907544884831, 0.00773391593248, 0.00753789162263, 0.00572143448517, 0.00186441501137, 0.00171448406763, 0.00119391083717, 0.000556515704375, 0.00115417991765, 0.00102757639252, 0.0011473025661, 0.00140578486025, 0.00160552631132, 0.00125266972464, 0.000770883110818, 0.000468766142149, 0.000235734623857, 0.000202290029847, 0.000216258966248, 0.000239148532273, 0.000301853113342, 0.000151986401761, 0.000129456995637, 0.000241581292357, 0.000161667179782, 0.00032635597745, 0.000959290016908, 0.000567264156416, 5.53716745344e-05, 2.56073180935e-05, 3.36528719345e-05, 1.00671268228e-05],
        "mean": [0.00142547383439, 0.000550183176529, 0.000544778478798, 0.000755796500016, 0.000396749062929, 0.00032647291664, 0.000398875563405, 0.000332285038894, 0.000368941691704, 0.000291346281301, 0.000192649036762, 0.000120121010696, 5.43996757187e-05, 4.4014537707e-05, 3.3093514503e-05, 2.45597821049e-05, 2.59833104792e-05, 2.99187631754e-05, 3.23230269714e-05, 3.07664668071e-05, 3.4440701711e-05, 3.30592520186e-05, 2.17159522435e-05, 1.4876590285e-05, 7.3500000326e-06, 4.85112332171e-06, 4.31700345871e-06, 4.94196137879e-06, 4.67760492029e-06, 4.36476466348e-06, 3.14780686494e-06, 3.03379056277e-06, 3.50309096575e-06, 4.0702093429e-06, 5.2331383813e-06, 3.87349291486e-06, 1.10319251689e-06, 4.98365807289e-07, 3.9626829107e-07, 1.98097438897e-07],
        "min": [2.32098749109e-08, 5.93936313464e-08, 9.49608676137e-08, 4.49371810873e-08, 8.92266598385e-08, 3.26950977403e-09, 6.68964901251e-08, 3.56093678988e-08, 1.09280637872e-08, 7.38246370702e-08, 1.27643460246e-08, 2.11119015603e-08, 1.99853804617e-08, 4.1827519226e-08, 1.14478675428e-08, 1.02911839051e-08, 5.80674397455e-09, 3.01774338851e-09, 1.768768354e-09, 1.24893473341e-09, 1.44123657453e-09, 2.0588062366e-09, 2.52787923927e-09, 1.95527660729e-09, 1.941585559e-09, 1.21460974611e-09, 1.04156527847e-09, 7.20423665168e-10, 1.00866059949e-09, 6.43461728345e-10, 7.69210140028e-10, 5.5957261047e-10, 4.05556116467e-10, 5.6794052794e-10, 1.84984569329e-10, 1.92223195694e-10, 3.48005721462e-11, 9.51304248049e-13, 8.39409000208e-13, 8.02381923924e-13],
        "stdev": [0.00293094897643, 0.000896272656973, 0.000859010790009, 0.00133273715619, 0.000914419186302, 0.000769504287746, 0.000909838010557, 0.000852245546412, 0.000925613567233, 0.000782207585871, 0.000633179675788, 0.000441391399363, 0.000136619652039, 0.000124453712488, 8.42075824039e-05, 5.61046472285e-05, 7.30069587007e-05, 8.76207705005e-05, 9.28752488107e-05, 9.23084444366e-05, 0.000114956004836, 0.000103560698335, 5.32475205546e-05, 3.52163369826e-05, 1.91498256754e-05, 1.52777465701e-05, 1.46069678522e-05, 1.4444428416e-05, 1.44876685226e-05, 1.29973977891e-05, 9.15241707844e-06, 1.21289085655e-05, 1.22340979942e-05, 1.54080171342e-05, 3.52660172211e-05, 2.55423929048e-05, 3.72727731701e-06, 1.7895615656e-06, 1.55843338234e-06, 6.35121239156e-07]
    },
    "melbands128": {
        "max": [0.00489478698, 0.0269834157079, 0.0308045540005, 0.0175887681544, 0.00915666017681, 0.0081276120618, 0.0165433418006, 0.0111322728917, 0.0203736145049, 0.0271432437003, 0.0396073572338, 0.0181002914906, 0.0149087412283, 0.0150771820918, 0.0139802955091, 0.0131382299587, 0.0179684627801, 0.0171138513833, 0.025918180123, 0.0250350553542, 0.00713110575452, 0.0125708263367, 0.0170292183757, 0.0144644379616, 0.0123457582667, 0.0114584323019, 0.0125850988552, 0.0152724375948, 0.0121828466654, 0.0122484033927, 0.0098419226706, 0.00440676277503, 0.00327106146142, 0.00197551609017, 0.00436972873285, 0.00123250938486, 0.00303280632943, 0.0015893089585, 0.00199540494941, 0.00145701575093, 0.000942590646446, 0.00184444058686, 0.00138920359313, 0.00315249548294, 0.00218083919026, 0.00153306219727, 0.00334894517437, 0.00206580432132, 0.00222192308865, 0.0018872624496, 0.00229730084538, 0.00254735420458, 0.00369484373368, 0.00173485314008, 0.00261382525787, 0.00293091498315, 0.00111542304512, 0.000938059238251, 0.00154662563, 0.000795646454208, 0.00113018334378, 0.000374882074539, 0.00037029440864, 0.000405037979363, 0.000368857407011, 0.000241033994826, 0.000195640997845, 0.000273455283605, 0.000272705365205, 0.000243554386543, 0.000288342271233, 0.000268260017037, 0.000360491510946, 0.000444154604338, 0.000244638213189, 0.000248906289926, 0.00011767027172, 0.000137664508657, 0.000106473111373, 0.000244702212512, 0.000289135816274, 0.000300707266433, 0.000264159723883, 0.00019295947277, 0.000163336546393, 0.000210779617191, 0.000355199968908, 0.000865501235239, 0.00131046131719, 0.00125123700127, 0.000798744673375, 0.000661918835249, 0.000153413653607, 4.62708958366e-05, 2.40291064983e-05, 2.19252815441e-05, 3.00234787574e-05, 3.56326818292e-05, 3.9801645471e-05, 2.89238632831e-05, 1.90107912204e-05, 1.41308755701e-05, 8.28421161714e-06, 7.03051091477e-06, 9.73172336671e-06, 1.16610381156e-05, 7.38934249966e-06, 5.63091271033e-06, 5.73633997192e-06, 2.48806122727e-06, 6.74901593811e-06, 2.86163754026e-06, 3.04710260934e-06, 1.05216950033e-05, 7.7211725511e-06, 3.95870711145e-06, 2.68001917902e-06, 7.57696739129e-07, 2.80435102695e-07, 2.58666148056e-07, 2.08567414006e-07, 3.36350240104e-07, 1.77985640448e-07, 3.05540588386e-08, 2.66235811175e-10, 1.63639449213e-10, 9.44992348262e-11, 5.32949101517e-11],
        "mean": [0.000332518946379, 0.00176678737625, 0.00182892626617, 0.000912998977583, 0.000378698750865, 0.000321634171996, 0.000409611937357, 0.000547415867914, 0.000842960434966, 0.000881185173057, 0.000648082001135, 0.000442787539214, 0.000344689557096, 0.000311508454615, 0.000299613922834, 0.000348126050085, 0.000383325445, 0.000420024211053, 0.000404932681704, 0.00034796592081, 0.000284673791612, 0.000310123636154, 0.000408044637879, 0.000397825060645, 0.000305228255456, 0.000247396121267, 0.00025531736901, 0.000182245596079, 0.00014845795522, 0.000139708048664, 0.000113834976219, 7.24698693375e-05, 4.69517217425e-05, 4.00974895456e-05, 5.67156384932e-05, 3.91942339775e-05, 3.60138728865e-05, 3.15623328788e-05, 3.58156357834e-05, 2.3894075639e-05, 2.09234603972e-05, 2.56792391156e-05, 2.79157902696e-05, 2.38019765675e-05, 2.72667348327e-05, 2.9940625609e-05, 3.50618502125e-05, 3.37491765094e-05, 3.07307927869e-05, 2.89841555059e-05, 2.82580695057e-05, 3.53582945536e-05, 3.68187829736e-05, 3.01397049043e-05, 3.78451732104e-05, 3.91830690205e-05, 2.23782899411e-05, 2.43266313191e-05, 2.14462943404e-05, 1.59094015544e-05, 1.75673376361e-05, 1.1092423847e-05, 8.43580073706e-06, 6.32266937828e-06, 5.57166640647e-06, 4.71062276119e-06, 4.43722456112e-06, 4.42718373961e-06, 4.26093993156e-06, 4.17502951677e-06, 5.05688421981e-06, 5.04754962094e-06, 5.42836141904e-06, 4.46645753982e-06, 4.03076501243e-06, 4.84797647005e-06, 4.33410741607e-06, 3.48561434294e-06, 2.96982807413e-06, 2.76668288279e-06, 2.94591632155e-06, 3.02334365188e-06, 3.55750285053e-06, 3.61634533874e-06, 3.38345353157e-06, 3.58242141374e-06, 4.33014656664e-06, 5.01604336023e-06, 5.290523859e-06, 5.46470073459e-06, 5.12705264555e-06, 3.39517100656e-06, 1.78067500656e-06, 1.06105949271e-06, 6.76339652728e-07, 5.03185219713e-07, 4.69428812266e-07, 4.66389195708e-07, 4.37004757714e-07, 3.56754696895e-07, 2.15523755287e-07, 1.63879875004e-07, 1.83622702821e-07, 1.99811296397e-07, 2.22651451054e-07, 1.91323039189e-07, 1.56777900884e-07, 1.13381538824e-07, 1.18563640683e-07, 7.4758041535e-08, 9.86219177435e-08, 7.34647187528e-08, 8.55315036574e-08, 1.08572734803e-07, 8.68504486107e-08, 6.26884713029e-08, 3.77173066113e-08, 1.34866553481e-08, 6.82266465546e-09, 4.12766620883e-09, 2.32172614467e-09, 2.32982566573e-09, 1.79117976007e-09, 9.54836210099e-11, 3.6177113822e-12, 3.21097488876e-12, 2.97787771004e-12, 2.90721201453e-12],
        "min": [3.71866398785e-10, 8.8831999534e-09, 1.7568972055e-08, 2.27833023558e-08, 6.02946954587e-08, 1.67299845089e-08, 1.29456108056e-08, 4.7851013818e-08, 1.98732550416e-08, 5.96143792109e-08, 4.34860147891e-08, 6.840294553e-09, 1.44306255834e-08, 2.62821875374e-09, 1.1622083157e-10, 1.41364653317e-09, 2.20867235612e-08, 4.17872882963e-08, 9.76027578758e-08, 3.59593919086e-08, 1.71715819342e-09, 1.9865431522e-09, 2.48059595087e-09, 2.27558736299e-08, 1.7602653557e-08, 2.95027540176e-08, 1.16479990098e-08, 3.5104885665e-09, 2.79849077245e-09, 1.37181821458e-08, 2.56292054246e-08, 1.52423051958e-08, 4.85732520872e-09, 1.98989695832e-08, 6.29227603355e-09, 1.24680150648e-08, 1.26451356053e-08, 5.26330756756e-09, 1.3842683444e-08, 1.44569405336e-08, 6.966383026e-09, 5.6593711939e-09, 4.41821557118e-09, 6.75233868819e-09, 2.86032086905e-09, 3.10326653263e-09, 1.66622582398e-09, 1.03608932545e-09, 2.20490248282e-09, 1.70267666633e-09, 1.08777520325e-09, 8.14164347052e-10, 4.95189389493e-10, 9.63387147834e-10, 2.03493000228e-09, 1.45916723149e-09, 2.53350812551e-10, 2.57290810879e-09, 1.49108603242e-09, 1.4119113656e-09, 5.60922475135e-10, 1.77280878866e-09, 6.38635311301e-10, 7.29765026186e-10, 7.07469804961e-10, 6.65475952122e-10, 4.74144945528e-10, 7.70178920639e-10, 5.50565926183e-10, 4.84738582607e-10, 5.90968218805e-10, 5.05582187227e-10, 5.86245219036e-10, 4.80743000963e-10, 5.656250468e-10, 3.24234777915e-10, 3.36187161443e-10, 3.63603813724e-10, 4.3060910393e-10, 1.21535503883e-10, 4.09956346648e-10, 1.82202489207e-10, 1.30097682627e-10, 3.46595585565e-10, 4.55592896742e-10, 4.22930135358e-10, 2.68452066132e-10, 1.3797092635e-10, 2.58632421035e-10, 1.26409854806e-10, 3.74576203388e-11, 5.88830859072e-11, 9.68391408729e-11, 1.78763670533e-11, 2.08986647432e-12, 5.85556668257e-13, 4.77964673049e-13, 4.52167573132e-13, 4.61487185272e-13, 7.2173658109e-13, 8.16734971754e-13, 7.24104424425e-13, 8.58805160233e-13, 5.96304364393e-13, 1.38890797734e-12, 1.11535466193e-12, 9.0112379364e-13, 1.15948689452e-12, 5.44847966657e-13, 1.51658817883e-12, 1.79018681389e-12, 7.04390593163e-13, 2.33298948736e-12, 1.37734485275e-12, 5.37687082358e-13, 1.80204601241e-11, 3.5930109582e-11, 1.26977638473e-12, 3.69035341565e-13, 3.97657845238e-13, 3.4716153563e-13, 3.71172412467e-13, 3.57790836888e-13, 3.05219906424e-13, 2.20166848077e-13, 7.28330021077e-14, 1.2864354391e-14, 4.62372945412e-16],
        "stdev": [0.000699155498296, 0.003911588341, 0.00387766980566, 0.00184626178816, 0.000802300288342, 0.000732572865672, 0.00100950326305, 0.00109534931835, 0.00146749371197, 0.00174670445267, 0.00184921652544, 0.00144696875941, 0.00102808361407, 0.000963654310908, 0.000933925504796, 0.00117025733925, 0.00121196394321, 0.00113287719432, 0.00156404625159, 0.00133562018164, 0.00081837590551, 0.000987183302641, 0.00140972191002, 0.00135766528547, 0.00122269429266, 0.000997148221359, 0.00114310905337, 0.000885131652467, 0.000703899713699, 0.000716096546967, 0.000554992526304, 0.00025575136533, 0.000159800460096, 0.000136713060783, 0.000247316260356, 0.000117055729788, 0.000133036432089, 0.000102791222162, 0.000119681149954, 8.1469064753e-05, 6.18417034275e-05, 8.90602968866e-05, 0.000101003788586, 0.000117070652777, 0.000103763457446, 0.000107959698653, 0.000176074565388, 0.000129648382426, 0.000121925368148, 0.000112204208563, 0.000109029497253, 0.000162384458235, 0.000182584451977, 0.000115899696539, 0.00017198563728, 0.000156454610988, 6.96153656463e-05, 7.3890616477e-05, 7.13054905646e-05, 4.47356542281e-05, 5.76101556362e-05, 3.13722521241e-05, 2.58861728071e-05, 2.03636864171e-05, 2.14226311073e-05, 1.71649007825e-05, 1.45345884448e-05, 1.71996980498e-05, 1.67822345247e-05, 1.36540002131e-05, 1.62590713444e-05, 1.64859338838e-05, 2.05276646739e-05, 1.73444914253e-05, 1.29600985019e-05, 1.67142861756e-05, 1.36748940349e-05, 1.12001034722e-05, 8.514946785e-06, 1.09548882392e-05, 1.22586134239e-05, 1.3640801626e-05, 1.35428108479e-05, 1.33744351842e-05, 1.24057733046e-05, 1.32353243316e-05, 1.73124826688e-05, 2.89497402264e-05, 4.26004662586e-05, 4.29921128671e-05, 3.69384724763e-05, 2.47304542427e-05, 8.49228854349e-06, 3.48566527464e-06, 2.29624833992e-06, 1.75823788595e-06, 1.90468517758e-06, 1.98904490389e-06, 1.7798600993e-06, 1.3455194221e-06, 8.33892386254e-07, 5.92855315062e-07, 5.85770408179e-07, 5.83998769343e-07, 7.24870290014e-07, 6.74750026519e-07, 4.98537360727e-07, 3.60302294666e-07, 3.65585123063e-07, 2.16133926756e-07, 3.43966348737e-07, 2.23164818181e-07, 2.37909205225e-07, 5.847229545e-07, 3.61239301583e-07, 2.40511525362e-07, 1.25542854335e-07, 5.1849610827e-08, 2.35489530098e-08, 1.56912811633e-08, 8.91592311092e-09, 1.1328157079e-08, 7.68555352693e-09, 1.11780040779e-09, 9.25896512238e-12, 7.09244381975e-12, 5.98911892302e-12, 5.55626898657e-12]
    },
    "mfcc": {
        "mean": [-696.824645996, 140.008239746, -7.72138118744, 33.6895675659, -5.5677189827, 9.01048374176, -18.4733257294, 11.1043024063, -7.51163196564, 3.76983165741, -7.01257801056, 3.57306838036, -3.81043076515],
        "cov": [[6579.54443359, -1687.39794922, -238.69090271, -245.973800659, -253.043716431, -137.371078491, -98.2619094849, 34.6160964966, 108.282310486, 301.126922607, 87.4209136963, 79.0548858643, 58.2835502625], [-1687.39794922, 2147.66333008, -334.407470703, -256.687408447, -103.307563782, -356.002990723, 77.8738021851, -32.97996521, -12.7205753326, -83.7216949463, 4.622133255, -12.9136695862, -77.6897125244], [-238.69090271, -334.407470703, 1056.89709473, -99.6202011108, 207.279632568, 78.5082092285, 365.139526367, -82.4903411865, 90.7738189697, -10.2389621735, 140.880310059, 19.5037193298, 107.102516174], [-245.973800659, -256.687408447, -99.6202011108, 712.296569824, 26.4638938904, 162.497787476, -259.885131836, 72.1320343018, -74.7415771484, 0.494784355164, -73.6603469849, 41.463596344, 33.6619873047], [-253.043716431, -103.307563782, 207.279632568, 26.4638938904, 690.884338379, 11.5038719177, 120.99772644, -113.438766479, 145.719223022, -94.3447875977, 100.188964844, -4.38286972046, 58.7240867615], [-137.371078491, -356.002990723, 78.5082092285, 162.497787476, 11.5038719177, 506.345977783, -17.4821949005, 89.4446105957, -29.1941337585, 82.3097076416, -3.88953733444, -3.62794733047, 4.58682966232], [-98.2619094849, 77.8738021851, 365.139526367, -259.885131836, 120.99772644, -17.4821949005, 595.939819336, -33.837436676, 101.797592163, -25.1851787567, 136.209152222, -21.4187431335, 65.6823272705], [34.6160964966, -32.97996521, -82.4903411865, 72.1320343018, -113.438766479, 89.4446105957, -33.837436676, 227.092391968, -12.3394937515, 66.6769104004, -22.1612281799, 18.6766319275, 11.3514041901], [108.282310486, -12.7205753326, 90.7738189697, -74.7415771484, 145.719223022, -29.1941337585, 101.797592163, -12.3394937515, 201.395309448, 28.4487285614, 53.9607543945, 5.25784397125, 46.5685081482], [301.126922607, -83.7216949463, -10.2389621735, 0.494784355164, -94.3447875977, 82.3097076416, -25.1851787567, 66.6769104004, 28.4487285614, 212.082061768, 19.7406921387, -0.40986007452, 15.138671875], [87.4209136963, 4.622133255, 140.880310059, -73.6603469849, 100.188964844, -3.88953733444, 136.209152222, -22.1612281799, 53.9607543945, 19.7406921387, 171.963088989, 32.5703048706, 30.0280914307], [79.0548858643, -12.9136695862, 19.5037193298, 41.463596344, -4.38286972046, -3.62794733047, -21.4187431335, 18.6766319275, 5.25784397125, -0.40986007452, 32.5703048706, 138.747467041, 28.4008178711], [58.2835502625, -77.6897125244, 107.102516174, 33.6619873047, 58.7240867615, 4.58682966232, 65.6823272705, 11.3514041901, 46.5685081482, 15.138671875, 30.0280914307, 28.4008178711, 125.503868103]],
        "icov": [[0.000259546271991, 0.000273835670669, 0.000161219286383, 0.000135644368129, 9.05214401428e-05, 0.000224072908168, -3.85524617741e-06, 5.02109069203e-05, -7.43733762647e-05, -0.000287827802822, -0.000161369665875, -0.00013483974908, -4.66157653136e-05], [0.000273835670669, 0.000872172415257, 0.000372126756702, 0.000233746279264, 0.000133602574351, 0.000570366042666, -0.000174334447365, -3.00447823065e-06, -4.01552060794e-05, -0.000192701889318, -0.000257425243035, -0.000180074610398, 0.000181102324859], [0.000161219286383, 0.000372126756702, 0.00154284073506, 9.96964154183e-05, -4.24224963353e-05, -5.17782464158e-05, -0.000724887591787, 0.000503068964463, 4.5447213779e-06, -0.000161565389135, -0.000474710570415, -0.000243219081312, -0.000645853520837], [0.000135644368129, 0.000233746279264, 9.96964154183e-05, 0.00215287599713, -0.000293701858027, -0.000376676121959, 0.000836587278172, -0.000395142531488, 0.000563155743293, 0.000108851949335, 0.000285133108264, -0.000427805964136, -0.00102520815562], [9.05214401428e-05, 0.000133602574351, -4.24224963353e-05, -0.000293701858027, 0.00235977093689, -0.000265826238319, 0.000110359185783, 0.000817881547846, -0.00165972637478, 0.0011910290923, -0.00112939218525, 0.000448604434496, -0.000429643550888], [0.000224072908168, 0.000570366042666, -5.17782464158e-05, -0.000376676121959, -0.000265826238319, 0.00293616019189, -0.000271594675723, -0.000826395640615, 0.000561493390705, -0.00123496179003, -6.30173890386e-05, 5.5888784118e-05, 0.000571235723328], [-3.85524617741e-06, -0.000174334447365, -0.000724887591787, 0.000836587278172, 0.000110359185783, -0.000271594675723, 0.00309046218172, -0.000381337944418, -0.000561539724004, 0.000837311323266, -0.00152222416364, 0.000965519750025, -0.00108344049659], [5.02109069203e-05, -3.00447823065e-06, 0.000503068964463, -0.000395142531488, 0.000817881547846, -0.000826395640615, -0.000381337944418, 0.00586021784693, -0.000334446929628, -0.00120084371883, 0.000468091719085, -0.00078301661415, -0.000697314157151], [-7.43733762647e-05, -4.01552060794e-05, 4.5447213779e-06, 0.000563155743293, -0.00165972637478, 0.000561493390705, -0.000561539724004, -0.000334446929628, 0.00740002980456, -0.00169632374309, -0.000175402936293, -0.000140272939461, -0.0015325093409], [-0.000287827802822, -0.000192701889318, -0.000161565389135, 0.000108851949335, 0.0011910290923, -0.00123496179003, 0.000837311323266, -0.00120084371883, -0.00169632374309, 0.00695495028049, -0.00153335742652, 0.00104034133255, -0.000796744076069], [-0.000161369665875, -0.000257425243035, -0.000474710570415, 0.000285133108264, -0.00112939218525, -6.30173890386e-05, -0.00152222416364, 0.000468091719085, -0.000175402936293, -0.00153335742652, 0.00899871811271, -0.0024322764948, 0.000176706118509], [-0.00013483974908, -0.000180074610398, -0.000243219081312, -0.000427805964136, 0.000448604434496, 5.5888784118e-05, 0.000965519750025, -0.00078301661415, -0.000140272939461, 0.00104034133255, -0.0024322764948, 0.00865190383047, -0.0018223496154], [-4.66157653136e-05, 0.000181102324859, -0.000645853520837, -0.00102520815562, -0.000429643550888, 0.000571235723328, -0.00108344049659, -0.000697314157151, -0.0015325093409, -0.000796744076069, 0.000176706118509, -0.0018223496154, 0.0107728699222]]
    },
    "spectral_contrast_coeffs": {
        "max": [-0.392300605774, -0.380130708218, -0.443714886904, -0.535189926624, -0.562972784042, -0.248041346669],
        "mean": [-0.676209807396, -0.734759926796, -0.776834011078, -0.791960835457, -0.783786356449, -0.699774682522],
        "min": [-0.900798559189, -0.934114575386, -0.941494584084, -0.928447425365, -0.905406057835, -0.8711591959],
        "stdev": [0.0965003669262, 0.116285011172, 0.0942346081138, 0.0703147724271, 0.0555645003915, 0.110301084816]
    },
    "spectral_contrast_valleys": {
        "max": [-5.2743268013, -4.8563990593, -5.36647701263, -5.65162611008, -5.40813732147, -7.96898984909],
        "mean": [-7.20475721359, -7.03848981857, -7.86431074142, -8.02676868439, -8.08654785156, -11.7244215012],
        "min": [-11.1196365356, -11.2518806458, -10.4998636246, -11.3438825607, -11.2593135834, -15.8550491333],
        "stdev": [0.845322132111, 0.802557885647, 0.86318564415, 0.832231402397, 0.972274124622, 1.53071761131]
    }
},
"rhythm": {
    "beats_count": 59,
    "beats_loudness": {
        "max": 0.109425492585,
        "mean": 0.0290819425136,
        "min": 0.000787836150266,
        "stdev": 0.0200969576836
    },
    "bpm": 117.663139343,
    "bpm_histogram_first_peak_bpm": 117,
    "bpm_histogram_first_peak_weight": 0.413793087006,
    "bpm_histogram_second_peak_bpm": 112,
    "bpm_histogram_second_peak_spread": 0.272727251053,
    "bpm_histogram_second_peak_weight": 0.137931033969,
    "danceability": 1.3134829998,
    "onset_rate": 4.75643348694,
    "beats_loudness_band_ratio": {
        "max": [0.846506953239, 0.834233522415, 0.864816665649, 0.497049570084, 0.603122770786, 0.480560362339],
        "mean": [0.299855291843, 0.230175748467, 0.264056652784, 0.0955223739147, 0.109638176858, 0.062427598983],
        "min": [0.00310939294286, 0.0200013592839, 0.00899237021804, 0.00222821696661, 0.00305336690508, 0.000284456938971],
        "stdev": [0.239802792668, 0.181577667594, 0.22721464932, 0.105345308781, 0.135547593236, 0.100946947932]
    },
    "beats_position": [0.53405892849, 1.09133780003, 1.62539684772, 2.13623571396, 2.63546490669, 3.13469386101, 3.63392281532, 4.15637159348, 4.66721057892, 5.17804956436, 5.6888885498, 6.18811798096, 6.6989569664, 7.22140598297, 7.73224496841, 8.24308395386, 8.75392246246, 9.26476192474, 9.75238037109, 10.2516098022, 10.774058342, 11.2848978043, 11.7957363129, 12.2717456818, 12.7477550507, 13.2237634659, 13.7113828659, 14.2106122971, 14.7214508057, 15.2671203613, 15.8127889633, 16.3468475342, 16.8809070587, 17.391746521, 17.9258041382, 18.4598636627, 18.9823131561, 19.4931507111, 20.0272102356, 20.549659729, 21.0604991913, 21.5713367462, 22.0821762085, 22.5814056396, 23.1154651642, 23.6495227814, 24.0790920258, 24.4738311768, 24.8685703278, 25.2400894165, 25.6116104126, 25.9831295013, 26.3778686523, 26.7726078033, 27.1673469543, 27.5504760742, 27.9336051941, 28.3283443451, 28.7230834961],
