{
"metadata": {
    "version": {
        "essentia": "2.1-beta5",
        "essentia_git_sha": "Undefined",
        "extractor": "music 2.0"
    },
    "audio_properties": {
        "analysis": {
            "equal_loudness": 0,
            "length": 48.7502937317,
            "sample_rate": 44100,
            "start_time": 110.248344421,
            "downmix": "mix"
        },
        "bit_rate": 192000,
        "length": 185.52746582,
        "lossless": 0,
        "number_channels": 2,
        "replay_gain": -0.243495941162,
        "sample_rate": 48000,
        "codec": "mp3",
        "md5_encoded": "674f42c82d49bfd1b7fa658fcbc0a1a6"
    },
    "tags": {
        "file_name": "Ireland_Et Cetera_Sinéad Mulvey _ Black Daisy.mp3",
        "encoding": ["Lavf58.29.100"]
    }
},
"lowlevel": {
    "average_loudness": 0.981444895267,
    "barkbands_crest": {
        "max": 22.7538719177,
        "mean": 9.40922832489,
        "min": 2.20881032944,
        "stdev": 4.18517160416
    },
    "barkbands_flatness_db": {
        "max": 0.215765565634,
        "mean": 0.104252882302,
        "min": 0.0294169653207,
        "stdev": 0.0301873702556
    },
    "barkbands_kurtosis": {
        "max": 26.019493103,
        "mean": 0.909385502338,
        "min": -1.91313195229,
        "stdev": 2.68119263649
    },
    "barkbands_skewness": {
        "max": 4.27600336075,
        "mean": 0.917828381062,
        "min": -1.26018047333,
        "stdev": 0.798815727234
    },
    "barkbands_spread": {
        "max": 115.492248535,
        "mean": 31.9959583282,
        "min": 3.89108538628,
        "stdev": 14.6950035095
    },
    "dissonance": {
        "max": 0.500000119209,
        "mean": 0.476353794336,
        "min": 0.292567968369,
        "stdev": 0.0207169186324
    },
    "dynamic_complexity": 1.62019050121,
    "erbbands_crest": {
        "max": 26.8121776581,
        "mean": 8.76417827606,
        "min": 2.50910902023,
        "stdev": 4.80107831955
    },
    "erbbands_flatness_db": {
        "max": 0.296459704638,
        "mean": 0.140282213688,
        "min": 0.0524789690971,
        "stdev": 0.0372569411993
    },
    "erbbands_kurtosis": {
        "max": 18.144411087,
        "mean": 0.584626853466,
        "min": -1.44507205486,
        "stdev": 1.85341334343
    },
    "erbbands_skewness": {
        "max": 2.96488904953,
        "mean": 0.170921489596,
        "min": -2.03021836281,
        "stdev": 0.758041024208
    },
    "erbbands_spread": {
        "max": 139.130691528,
        "mean": 36.2557792664,
        "min": 3.94517254829,
        "stdev": 16.7671318054
    },
    "hfc": {
        "max": 205.206192017,
        "mean": 36.6563224792,
        "min": 1.10183978081,
        "stdev": 18.7039375305
    },
    "loudness_ebu128": {
        "integrated": -21.3365383148,
        "loudness_range": 1.06177139282,
        "momentary": {
            "max": -19.9620475769,
            "mean": -21.3867149353,
            "min": -23.7623119354,
            "stdev": 0.663109362125
        },
        "short_term": {
            "max": -20.4490699768,
            "mean": -21.3753242493,
            "min": -22.2462730408,
            "stdev": 0.399248600006
        }
    },
    "melbands_crest": {
        "max": 34.6289596558,
        "mean": 13.4577207565,
        "min": 4.64883136749,
        "stdev": 5.63275241852
    },
    "melbands_flatness_db": {
        "max": 0.299408018589,
        "mean": 0.155697822571,
        "min": 0.0486619547009,
        "stdev": 0.0383334569633
    },
    "melbands_kurtosis": {
        "max": 162.430099487,
        "mean": 7.15220785141,
        "min": -1.36111426353,
        "stdev": 11.3514165878
    },
    "melbands_skewness": {
        "max": 11.6773271561,
        "mean": 2.02395868301,
        "min": -1.37617683411,
        "stdev": 1.46043431759
    },
    "melbands_spread": {
        "max": 134.565460205,
        "mean": 32.6886177063,
        "min": 4.34198474884,
        "stdev": 13.3812627792
    },
    "pitch_salience": {
        "max": 0.83453220129,
        "mean": 0.54965621233,
        "min": 0.160419106483,
        "stdev": 0.104582749307
    },
    "silence_rate_20dB": {
        "max": 1,
        "mean": 1,
        "min": 1,
        "stdev": 0
    },
    "silence_rate_30dB": {
        "max": 1,
        "mean": 0.999524056911,
        "min": 0,
        "stdev": 0.0218114946038
    },
    "silence_rate_60dB": {
        "max": 0,
        "mean": 0,
        "min": 0,
        "stdev": 0
    },
    "spectral_centroid": {
        "max": 4099.54931641,
        "mean": 1870.62670898,
        "min": 436.227996826,
        "stdev": 476.459533691
    },
    "spectral_complexity": {
        "max": 52,
        "mean": 32.271774292,
        "min": 1,
        "stdev": 8.31826305389
    },
    "spectral_decrease": {
        "max": -2.24552099137e-10,
        "mean": -9.49737266609e-09,
        "min": -3.1413925683e-08,
        "stdev": 4.51003501212e-09
    },
    "spectral_energy": {
        "max": 0.121041402221,
        "mean": 0.0391700752079,
        "min": 0.000947452848777,
        "stdev": 0.0175976529717
    },
    "spectral_energyband_high": {
        "max": 0.0181393958628,
        "mean": 0.00162498501595,
        "min": 5.22830741829e-05,
        "stdev": 0.0016607727157
    },
    "spectral_energyband_low": {
        "max": 0.109423793852,
        "mean": 0.0151178361848,
        "min": 6.77984135109e-05,
        "stdev": 0.0150934103876
    },
    "spectral_energyband_middle_high": {
        "max": 0.0870485976338,
        "mean": 0.0119892871007,
        "min": 0.00035985087743,
        "stdev": 0.0103014884517
    },
    "spectral_energyband_middle_low": {
        "max": 0.0816239565611,
        "mean": 0.0120244873688,
        "min": 0.000457487360109,
        "stdev": 0.00942547619343
    },
    "spectral_entropy": {
        "max": 8.89218711853,
        "mean": 7.88066053391,
        "min": 6.91655302048,
        "stdev": 0.232051417232
    },
    "spectral_flux": {
        "max": 0.293747514486,
        "mean": 0.112058773637,
        "min": 0.0501065589488,
        "stdev": 0.0366577394307
    },
    "spectral_kurtosis": {
        "max": 13.9363269806,
        "mean": 3.29287528992,
        "min": -1.03187978268,
        "stdev": 1.31463992596
    },
    "spectral_rms": {
        "max": 0.0108668841422,
        "mean": 0.00604028813541,
        "min": 0.000961428217124,
        "stdev": 0.00131516542751
    },
    "spectral_rolloff": {
        "max": 12919.921875,
        "mean": 1963.72473145,
        "min": 64.599609375,
        "stdev": 1566.90222168
    },
    "spectral_skewness": {
        "max": 2.8595597744,
        "mean": 1.31139183044,
        "min": 0.43213763833,
        "stdev": 0.292042553425
    },
    "spectral_spread": {
        "max": 17819646,
        "mean": 4709237.5,
        "min": 2894010.75,
        "stdev": 1532724.125
    },
    "spectral_strongpeak": {
        "max": 11.3489122391,
        "mean": 1.23015618324,
        "min": 0,
        "stdev": 1.53980588913
    },
    "zerocrossingrate": {
        "max": 0.36669921875,
        "mean": 0.0749833583832,
        "min": 0.0126953125,
        "stdev": 0.0351074002683
    },
    "barkbands": {
        "max": [0.0117122959346, 0.0916815251112, 0.0498914495111, 0.022129137069, 0.0392674207687, 0.0371369048953, 0.0271304212511, 0.0260009113699, 0.0773681774735, 0.0582744218409, 0.0782900899649, 0.0254845526069, 0.0268746986985, 0.0224365592003, 0.0160304587334, 0.0184866376221, 0.0103923408315, 0.00733833806589, 0.00467639742419, 0.00328670605086, 0.00245211622678, 0.00310492375866, 0.00271076266654, 0.00509343808517, 0.0111490515992, 0.00533727696165, 5.6836870499e-05],
        "mean": [0.000627707515378, 0.0102339750156, 0.00332438689657, 0.00164058746304, 0.00235012732446, 0.00144685816485, 0.000804213399533, 0.000820644781925, 0.00388065958396, 0.0030898724217, 0.00170483463444, 0.0014733223943, 0.000958566262852, 0.00131047400646, 0.000845145492349, 0.000704500940628, 0.000670642999467, 0.000586309994105, 0.000800373090897, 0.000565272173844, 0.000387304025935, 0.000248939730227, 0.000180011091288, 0.000161354590091, 0.000243967340793, 0.000108996129711, 1.06212576156e-06],
        "min": [3.02473893043e-07, 3.13866330544e-05, 4.65552193418e-06, 6.30803378954e-06, 1.75412442331e-05, 1.02294197859e-05, 1.62377932611e-06, 6.82100107952e-06, 3.4405504266e-05, 1.20664190035e-05, 1.85829430848e-05, 1.13771175165e-05, 1.07577934614e-05, 1.07749838207e-05, 1.9637927835e-05, 1.29464224301e-05, 1.23525569506e-05, 7.89049317973e-06, 1.25209471662e-05, 8.99974475033e-06, 1.08911735879e-05, 7.12969722372e-06, 1.82790063263e-06, 2.14604324356e-06, 7.99860345069e-07, 1.39076041705e-06, 1.53403872938e-10],
        "stdev": [0.00106728484388, 0.013318227604, 0.00372947147116, 0.00163382105529, 0.00306120794266, 0.00217577023432, 0.00130277697463, 0.00142064702231, 0.00769728096202, 0.00566816795617, 0.00418960815296, 0.00294085382484, 0.00194292189553, 0.00270741665736, 0.00135071750265, 0.000983673846349, 0.000828127551358, 0.000539436121471, 0.000519206689205, 0.00037042654003, 0.000273105164524, 0.000239292145125, 0.000187682613614, 0.000312982097967, 0.000754765875172, 0.000358634861186, 4.35899255535e-06]
    },
    "erbbands": {
        "max": [4.57756948471, 19.9752063751, 58.2977638245, 59.5239105225, 122.78868103, 131.611282349, 303.84979248, 363.970733643, 301.829315186, 512.108032227, 506.891113281, 1828.6081543, 1785.79833984, 1691.67663574, 2735.92138672, 1309.97241211, 1489.20227051, 1269.32763672, 1104.66369629, 905.648498535, 1072.8671875, 481.99508667, 506.466430664, 356.664978027, 158.49508667, 157.431686401, 148.368225098, 107.266799927, 118.046836853, 84.5193939209, 67.1933288574, 103.757659912, 98.4874725342, 93.2140808105, 107.548858643, 38.2814788818, 9.41478633881, 0.784089684486, 0.0180540625006, 0.000920428195968],
        "mean": [0.372641116381, 1.98867869377, 3.53188562393, 5.51658439636, 7.15668201447, 7.36492967606, 7.29570484161, 14.3816051483, 11.5506515503, 14.2046108246, 21.4004745483, 88.3776016235, 109.586547852, 80.4127120972, 75.484413147, 58.3040618896, 46.7499351501, 67.4545516968, 54.7212600708, 37.3967056274, 38.3982543945, 36.0435638428, 31.5291042328, 42.7789230347, 34.4552688599, 26.9055175781, 19.082490921, 13.1277112961, 9.11893367767, 6.63503742218, 5.17196273804, 3.49946165085, 2.70698094368, 2.56614470482, 1.79902279377, 0.675545215607, 0.161906987429, 0.0154478736222, 0.000369608635083, 6.5226413426e-05],
        "min": [0.00180105818436, 0.00405577803031, 0.00486189220101, 0.0360336564481, 0.0262745060027, 0.0510045476258, 0.0537625700235, 0.155546009541, 0.0929633453488, 0.122959978878, 0.401040077209, 0.902449607849, 0.687316775322, 0.550624489784, 0.528245031834, 0.741740465164, 0.614096105099, 0.923402547836, 0.598136365414, 1.41986680031, 1.10499823093, 0.70216858387, 0.650483191013, 0.686069667339, 0.490508913994, 0.417649298906, 0.353869706392, 0.325933814049, 0.196786120534, 0.147463873029, 0.0501645319164, 0.0608926340938, 0.0184664800763, 0.007383832708, 0.00638895481825, 0.00675009889528, 0.00265055033378, 9.33354967856e-05, 3.5444304558e-06, 1.41630050621e-06],
        "stdev": [0.588484942913, 2.4567296505, 3.99276065826, 5.05851507187, 9.21240139008, 9.70311164856, 10.9585447311, 22.5515556335, 15.7459163666, 23.632183075, 37.5998077393, 171.938308716, 179.457733154, 150.099487305, 173.881820679, 116.817710876, 85.650138855, 123.495162964, 80.6108474731, 50.8704414368, 51.3661003113, 39.2208137512, 30.5655841827, 32.437953949, 20.2948379517, 17.4234828949, 12.793961525, 10.1769170761, 8.87793922424, 6.98112678528, 5.27961730957, 5.94460058212, 5.81962156296, 7.17142105103, 6.25394439697, 2.24458456039, 0.532913267612, 0.0505102202296, 0.00113670865539, 5.85662528465e-05]
    },
    "gfcc": {
        "mean": [60.680683136, 77.4619293213, -124.597816467, 42.9334449768, -54.2173156738, 26.8595428467, -28.7763957977, 21.8193836212, -27.8840293884, 4.97257375717, -18.8667697906, 0.604143381119, -8.87031745911],
        "cov": [[445.81262207, -167.646560669, 50.7585220337, -66.089515686, -11.6279449463, -12.5152177811, -20.5464935303, -2.23212361336, -37.4240608215, 46.599357605, -39.1894226074, 14.2683353424, -40.7624511719], [-167.646560669, 444.808074951, -227.936218262, 33.799243927, -27.0850658417, -51.8441238403, 57.4983177185, -51.398979187, 45.3759918213, -70.265586853, 49.7698059082, -42.3182983398, 20.7208919525], [50.7585220337, -227.936218262, 444.56060791, 52.8910827637, 49.3089485168, -3.84172296524, -95.6559829712, 51.1899833679, -26.9897956848, 52.4485435486, -33.866985321, 64.9000701904, -12.9777402878], [-66.089515686, 33.799243927, 52.8910827637, 287.165588379, 20.9137706757, -93.6066131592, -42.7512130737, -10.7137842178, 56.0373420715, -3.61429214478, -4.94680261612, 25.7557601929, 8.69033813477], [-11.6279449463, -27.0850658417, 49.3089485168, 20.9137706757, 117.3931427, 60.4174423218, 7.52451753616, 13.0793294907, -9.35678958893, 14.5072240829, 19.4858226776, 12.2173490524, 6.47840499878], [-12.5152177811, -51.8441238403, -3.84172296524, -93.6066131592, 60.4174423218, 178.274810791, 66.2591018677, -13.7853803635, -43.413028717, 12.5188312531, 46.4167175293, -16.4431114197, 5.37108707428], [-20.5464935303, 57.4983177185, -95.6559829712, -42.7512130737, 7.52451753616, 66.2591018677, 129.197692871, 11.5635099411, 2.26969051361, -1.25683760643, 12.8829813004, -20.1312637329, 2.27945518494], [-2.23212361336, -51.398979187, 51.1899833679, -10.7137842178, 13.0793294907, -13.7853803635, 11.5635099411, 117.3125, 48.2235031128, 2.74012088776, -20.7965564728, 9.80976390839, 22.2657051086], [-37.4240608215, 45.3759918213, -26.9897956848, 56.0373420715, -9.35678958893, -43.413028717, 2.26969051361, 48.2235031128, 96.6401672363, 7.58589839935, -5.67896795273, 0.47830414772, 14.2185754776], [46.599357605, -70.265586853, 52.4485435486, -3.61429214478, 14.5072240829, 12.5188312531, -1.25683760643, 2.74012088776, 7.58589839935, 74.5648498535, 13.5001621246, 16.0508670807, -12.4311609268], [-39.1894226074, 49.7698059082, -33.866985321, -4.94680261612, 19.4858226776, 46.4167175293, 12.8829813004, -20.7965564728, -5.67896795273, 13.5001621246, 87.511756897, 16.2630786896, 10.6795625687], [14.2683353424, -42.3182983398, 64.9000701904, 25.7557601929, 12.2173490524, -16.4431114197, -20.1312637329, 9.80976390839, 0.47830414772, 16.0508670807, 16.2630786896, 67.9915618896, 16.5503787994], [-40.7624511719, 20.7208919525, -12.9777402878, 8.69033813477, 6.47840499878, 5.37108707428, 2.27945518494, 22.2657051086, 14.2185754776, -12.4311609268, 10.6795625687, 16.5503787994, 55.4295272827]],
        "icov": [[0.00310020218603, 0.000956603500526, 0.000471440202091, 0.000704502162989, -0.000197679284611, 0.000899091886822, -8.57521226862e-05, 0.000170890911249, 0.000730586471036, -0.00128428160679, 0.000916985445656, -0.000828388205264, 0.00138828821946], [0.000956603500526, 0.00648320605978, -0.000106467909063, 0.00169801746961, -0.0024959507864, 0.00631088530645, -0.00447403267026, 0.0051189432852, -0.00397753622383, 0.00505931256339, -0.00562418624759, 0.00390160526149, -0.00212970585562], [0.000471440202091, -0.000106467909063, 0.00514732766896, -0.00172390660737, 0.00031310779741, -0.00304509629495, 0.00417731748894, -0.00414616288617, 0.00335534056649, -0.00301819271408, 0.00323299854062, -0.00412084441632, 0.00268402369693], [0.000704502162989, 0.00169801746961, -0.00172390660737, 0.00690105790272, -0.00401614047587, 0.00604119105265, -0.00247174920514, 0.00557530857623, -0.00551467109472, 0.00272450759076, -0.00229739886709, 0.000937917211559, -0.00166795158293], [-0.000197679284611, -0.0024959507864, 0.00031310779741, -0.00401614047587, 0.0142726609483, -0.00926869176328, 0.00352419330738, -0.00569334905595, 0.00363989942707, -0.00334024219774, 0.00226635555737, -0.00344100431539, 0.00177065387834], [0.000899091886822, 0.00631088530645, -0.00304509629495, 0.00604119105265, -0.00926869176328, 0.0221122261137, -0.0115167591721, 0.00843699835241, -0.00201120600104, 0.00449228798971, -0.0118961576372, 0.0101353209466, -0.00654375739396], [-8.57521226862e-05, -0.00447403267026, 0.00417731748894, -0.00247174920514, 0.00352419330738, -0.0115167591721, 0.0169353298843, -0.00815619155765, 0.00368162174709, -0.00524341268465, 0.00621447060257, -0.0043519353494, 0.00424067443237], [0.000170890911249, 0.0051189432852, -0.00414616288617, 0.00557530857623, -0.00569334905595, 0.00843699835241, -0.00815619155765, 0.0217059087008, -0.013655112125, 0.00643761781976, -0.00256904703565, 0.00360284838825, -0.00780286127701], [0.000730586471036, -0.00397753622383, 0.00335534056649, -0.00551467109472, 0.00363989942707, -0.00201120600104, 0.00368162174709, -0.013655112125, 0.0237230379134, -0.00948565546423, 0.0031317982357, -0.000528704957105, 0.000119366784929], [-0.00128428160679, 0.00505931256339, -0.00301819271408, 0.00272450759076, -0.00334024219774, 0.00449228798971, -0.00524341268465, 0.00643761781976, -0.00948565546423, 0.0237440373749, -0.00848667975515, 0.00024985615164, 0.00293403398246], [0.000916985445656, -0.00562418624759, 0.00323299854062, -0.00229739886709, 0.00226635555737, -0.0118961576372, 0.00621447060257, -0.00256904703565, 0.0031317982357, -0.00848667975515, 0.0238171890378, -0.0110801048577, 0.00157103396486], [-0.000828388205264, 0.00390160526149, -0.00412084441632, 0.000937917211559, -0.00344100431539, 0.0101353209466, -0.0043519353494, 0.00360284838825, -0.000528704957105, 0.00024985615164, -0.0110801048577, 0.0273926835507, -0.0108803473413], [0.00138828821946, -0.00212970585562, 0.00268402369693, -0.00166795158293, 0.00177065387834, -0.00654375739396, 0.00424067443237, -0.00780286127701, 0.000119366784929, 0.00293403398246, 0.00157103396486, -0.0108803473413, 0.0277084279805]]
    },
    "melbands": {
        "max": [0.0317347049713, 0.0272615738213, 0.0081655299291, 0.00982989929616, 0.00810147915035, 0.00744782667607, 0.00399834150448, 0.00451978994533, 0.00493184663355, 0.0129650197923, 0.00909087993205, 0.00740165542811, 0.0118863489479, 0.00276382057928, 0.00292071211152, 0.0032657389529, 0.00232149404474, 0.00202170945704, 0.00109399796929, 0.001855335664, 0.00166863098275, 0.000705670332536, 0.000570962496568, 0.000460349983769, 0.000323409534758, 0.00018129410455, 0.000148996463395, 0.00010788430518, 9.48352098931e-05, 6.03551088716e-05, 6.07145739195e-05, 7.57565212552e-05, 5.53882237e-05, 4.94592750329e-05, 4.21571276092e-05, 4.1204450099e-05, 8.09960183688e-05, 7.80534392106e-05, 9.95358277578e-05, 0.000103610524093],
        "mean": [0.00308076175861, 0.00208331178874, 0.000986806582659, 0.000539183849469, 0.000268087140284, 0.000302790285787, 0.000177108115167, 0.000157938935445, 0.000177786263521, 0.000622209277935, 0.000549777701963, 0.000327994930558, 0.000238438748056, 0.000183760887012, 0.000110339155071, 0.00010451394337, 0.000131916589453, 9.11199676921e-05, 5.81170716032e-05, 5.11160906171e-05, 4.35569381807e-05, 4.04212441936e-05, 2.93073590001e-05, 2.67756131507e-05, 3.61676393368e-05, 2.75213624263e-05, 2.01162511075e-05, 1.74598662852e-05, 1.27984512801e-05, 8.96932124306e-06, 7.35046069167e-06, 5.69608755541e-06, 3.73427337763e-06, 3.50639925273e-06, 3.17320200338e-06, 2.40247095462e-06, 2.01734496841e-06, 1.86922557077e-06, 1.89777324522e-06, 2.28322278417e-06],
        "min": [1.47969740283e-05, 3.58206716555e-06, 8.59755982674e-06, 5.09369101565e-06, 1.77746130703e-06, 3.95130609832e-06, 1.1553869399e-06, 1.71020803919e-06, 2.9138195714e-06, 5.09404708282e-06, 3.02330317936e-06, 1.68666645095e-06, 1.94087147065e-06, 1.53405903802e-06, 1.1249948102e-06, 9.12438679279e-07, 1.37088500196e-06, 1.02686067294e-06, 1.27164400965e-06, 1.52612972215e-06, 1.20335698739e-06, 6.63227524456e-07, 5.85978455092e-07, 4.52027308029e-07, 5.82001064231e-07, 3.38963104696e-07, 3.17494965429e-07, 2.86017353801e-07, 1.85162107869e-07, 1.99619861974e-07, 1.31760884869e-07, 8.58638316004e-08, 9.23590448565e-08, 6.96015263202e-08, 3.17462287569e-08, 2.46427926953e-08, 3.87402288027e-08, 1.44552441128e-08, 6.65989352555e-09, 5.79583003812e-09],
        "stdev": [0.00430660368875, 0.00210794759914, 0.000804978597444, 0.000723628967535, 0.000363234838005, 0.000460947863758, 0.000246983865509, 0.000260988948867, 0.000356569362339, 0.0012492032256, 0.000925629341509, 0.000638825818896, 0.000599054968916, 0.000354431860615, 0.000234940525843, 0.000210390528082, 0.000268968957243, 0.000147947153891, 8.99013830349e-05, 7.57516463636e-05, 7.03027981217e-05, 4.99764464621e-05, 3.1814477552e-05, 2.58838190348e-05, 3.01505187963e-05, 1.79148792085e-05, 1.34710617203e-05, 1.2690577023e-05, 9.10991730052e-06, 7.01572480466e-06, 6.52635344522e-06, 5.95013216298e-06, 4.25063171861e-06, 3.7198199152e-06, 3.17630019708e-06, 3.39128064297e-06, 3.87078080166e-06, 4.18464378527e-06, 4.52702442999e-06, 7.07885601514e-06]
    },
    "melbands128": {
        "max": [0.0109377037734, 0.0422679670155, 0.0428180806339, 0.0353979542851, 0.0338795855641, 0.022372553125, 0.0150579288602, 0.00728560006246, 0.0149110844359, 0.0140919191763, 0.00845785904676, 0.0118130994961, 0.0120338499546, 0.0149114830419, 0.013506596908, 0.0110519025475, 0.0076547130011, 0.00444661779329, 0.00882423575968, 0.00805266108364, 0.00543159851804, 0.00664914958179, 0.00828582514077, 0.0153149310499, 0.0116052115336, 0.0279255621135, 0.0127754239365, 0.0161489192396, 0.0154088716954, 0.0136077478528, 0.00978780724108, 0.00996475573629, 0.0216502267867, 0.0179277732968, 0.00685539841652, 0.0052314447239, 0.00649700593203, 0.00385929644108, 0.00519118225202, 0.00781120685861, 0.00585063127801, 0.00348134804517, 0.00471197674051, 0.00559086259454, 0.00410526618361, 0.00315999006853, 0.00381916156039, 0.00188918085769, 0.00143520755228, 0.00235028960742, 0.0033503996674, 0.00101352087222, 0.00251214415766, 0.00216228235513, 0.0019281336572, 0.000904699147213, 0.00076488830382, 0.0011867970461, 0.000895964505617, 0.00116405053996, 0.00101250235457, 0.000357192155207, 0.000902683881577, 0.000714008172508, 0.000322023843182, 0.000249587115832, 0.000244115231908, 0.00020872373716, 0.000232131744269, 0.000233378741541, 0.000212831160752, 0.000208723256947, 0.000105147257273, 0.000153654196765, 0.00014055223437, 0.00010767045751, 9.69550237642e-05, 6.91027307766e-05, 9.35199495871e-05, 7.65685399529e-05, 0.000101247758721, 8.17110558273e-05, 7.8279284935e-05, 6.87974170432e-05, 7.40357791074e-05, 6.08056725468e-05, 7.61655392125e-05, 5.41382833035e-05, 6.23286832706e-05, 4.0203671233e-05, 4.82234827359e-05, 6.63596802042e-05, 8.35091777844e-05, 7.92683567852e-05, 0.000100825534901, 0.000101494500996, 9.35982461669e-05, 6.35923133814e-05, 8.99891092558e-05, 0.000157924456289, 9.61729529081e-05, 0.000162458702107, 0.000145600613905, 0.000234486549743, 0.000165670280694, 7.43639902794e-05, 8.69432769832e-05, 0.000106844388938, 9.01822204469e-05, 6.08477203059e-05, 5.0268634368e-05, 4.42590026069e-05, 3.26978479279e-05, 2.08947931242e-05, 1.90148584807e-05, 8.16552983451e-06, 2.92545132652e-06, 3.19626280998e-07, 3.39272162364e-07, 1.64596187346e-07, 2.0461520478e-07, 2.00400322115e-07, 5.54110286544e-08, 4.43701475561e-09, 3.3985356751e-09, 3.33833294341e-09, 3.29173421854e-09, 3.26234350645e-09],
        "mean": [0.000581193657126, 0.00306187197566, 0.00429205968976, 0.00288694771007, 0.00179404777009, 0.00168816617224, 0.00117499998305, 0.00072896265192, 0.000750576436985, 0.00059494265588, 0.000372861162759, 0.000276772450889, 0.000221396883717, 0.000256003550021, 0.000407365325373, 0.000272626202786, 0.000164367389516, 0.000176582456334, 0.000170452913153, 0.000151319312863, 0.000159610863193, 0.00014450942399, 0.000178800808499, 0.000185094788321, 0.000463733798824, 0.00100785773247, 0.000566184113268, 0.000554519705474, 0.0004465431266, 0.000354268355295, 0.000321102008456, 0.000184713542694, 0.000219396373723, 0.000316796795232, 0.000176938032382, 0.000152748150867, 0.000173762746272, 9.86977029243e-05, 8.07638498372e-05, 0.000100784302049, 0.000124411846627, 8.06675016065e-05, 0.000129960899358, 0.000180348593858, 9.21645623748e-05, 7.02659090166e-05, 9.51436304604e-05, 6.12807489233e-05, 3.83816659451e-05, 4.43663411716e-05, 6.04258239036e-05, 5.1288468967e-05, 3.79204684577e-05, 4.01651450375e-05, 5.41026056453e-05, 4.23902347393e-05, 2.64204918494e-05, 3.05428693537e-05, 2.91670003207e-05, 3.08094313368e-05, 2.06910008274e-05, 2.64221689577e-05, 4.39334689872e-05, 3.78243421437e-05, 2.72768138529e-05, 2.81055417872e-05, 2.80724798358e-05, 2.08749916055e-05, 1.76582561835e-05, 1.93872638192e-05, 1.63337972481e-05, 1.96038326976e-05, 1.35808277264e-05, 1.17259551189e-05, 1.05900753624e-05, 1.0610751815e-05, 7.46001887819e-06, 6.27647705187e-06, 8.59811825649e-06, 6.98987423675e-06, 6.07487572779e-06, 5.43877422388e-06, 3.3116978102e-06, 3.29132171828e-06, 4.69579254059e-06, 3.31773958351e-06, 3.33747243531e-06, 3.26298822984e-06, 3.59243722414e-06, 2.55637428381e-06, 2.63104175247e-06, 2.31482840718e-06, 2.1893365556e-06, 1.90467528682e-06, 2.06484764931e-06, 1.88340402474e-06, 1.89614843293e-06, 1.67350037827e-06, 1.93165487872e-06, 1.94049061975e-06, 2.05395758712e-06, 2.40203485191e-06, 2.49417166742e-06, 2.38974894273e-06, 2.16745434045e-06, 1.79734627181e-06, 1.59054945925e-06, 1.34403546781e-06, 1.16991213872e-06, 9.36042681587e-07, 7.5743156458e-07, 6.02321847509e-07, 4.82944017222e-07, 3.35437334797e-07, 2.80717102896e-07, 1.59804471878e-07, 3.92095209634e-08, 1.25017551866e-09, 1.61918745079e-09, 1.18220899736e-09, 9.60142187978e-10, 6.05107630669e-10, 2.5371987844e-10, 1.1690029153e-11, 7.10789196598e-12, 6.62580624047e-12, 6.35183529038e-12, 6.28036685157e-12],
        "min": [1.23119576756e-07, 5.39107531949e-06, 1.18126154121e-05, 5.16914224136e-06, 1.79050107363e-06, 2.817072982e-06, 2.16486409954e-06, 1.87760019799e-06, 9.07342950995e-07, 1.48528306454e-06, 3.62417267752e-07, 1.07703590402e-06, 1.49706934849e-07, 3.26568908804e-07, 1.06609820705e-06, 2.80169416556e-07, 6.11493504721e-08, 1.17608536243e-07, 2.02615296985e-07, 5.08705511493e-07, 6.52129415357e-07, 6.97087330082e-07, 9.62196963883e-07, 1.47184005073e-06, 8.70723624757e-07, 1.76375419869e-06, 7.60878549499e-07, 6.55333735722e-07, 7.88042484601e-07, 6.47617866889e-07, 7.42697523037e-07, 8.31493593978e-07, 1.0445476164e-06, 3.75790250473e-07, 3.2941960626e-07, 3.29979798153e-07, 3.16168978998e-07, 1.94769484096e-07, 7.64116805385e-07, 3.71032086832e-07, 1.61524695841e-07, 2.79753237464e-07, 5.12174949563e-07, 3.79035071774e-07, 2.0245045107e-07, 2.54289432178e-07, 2.341385823e-07, 3.38211293638e-07, 2.97789711112e-07, 3.40298726087e-07, 6.95353946867e-07, 4.17109049522e-07, 2.49985987466e-07, 2.96336139627e-07, 7.48022955577e-07, 4.99791553921e-07, 2.42989841581e-07, 4.83272572183e-07, 3.02180581002e-07, 7.38289855917e-08, 3.51863690184e-07, 3.70885061329e-07, 5.26026781245e-07, 5.71782720726e-07, 2.75850624121e-07, 1.91305815633e-07, 2.24104411473e-07, 2.76101758345e-07, 1.63870041092e-07, 1.9398660811e-07, 2.7186675311e-07, 2.87877071514e-07, 1.24118585632e-07, 6.09354060543e-08, 1.25589650679e-07, 1.05351332991e-07, 1.14169331766e-07, 8.39529263885e-08, 4.88820539601e-08, 1.03363909432e-07, 5.21886924787e-08, 3.21204951526e-09, 2.60378598682e-08, 6.66970620955e-08, 6.74377389487e-08, 4.16607548459e-08, 4.90120299901e-08, 5.16210860724e-08, 3.31537108877e-08, 1.55812465152e-08, 8.3310718324e-09, 1.43937901598e-08, 7.91398164779e-08, 3.07423917434e-08, 2.64741473188e-08, 2.29367138616e-08, 1.12612728032e-08, 4.9618811282e-09, 6.56550325218e-09, 7.74181874164e-09, 4.58530902137e-09, 4.34882885259e-09, 7.74927322311e-09, 3.77805786655e-09, 4.06656219809e-09, 2.42834780062e-10, 4.85847091725e-11, 6.93345714176e-10, 1.52017520794e-09, 1.53204404718e-09, 2.8631421678e-09, 4.97926588849e-10, 2.34052599524e-09, 7.11904146744e-11, 1.91309121322e-12, 8.92678400817e-13, 4.6873757046e-13, 5.30788195514e-13, 4.67596122412e-13, 5.44614158458e-13, 4.49629916632e-13, 4.26609756635e-13, 5.02767640888e-13, 4.59973367988e-13, 3.17385928737e-13, 1.3813006728e-13, 1.90818515096e-14, 5.63423658382e-16],
        "stdev": [0.000999595038593, 0.00537094566971, 0.0061251311563, 0.0037503184285, 0.0023463696707, 0.00180339103099, 0.00122802890837, 0.000690377259161, 0.00114280742127, 0.00102454831358, 0.000552992220037, 0.000479142938275, 0.000404677062761, 0.000599421211518, 0.000747317681089, 0.000478675268823, 0.000323335465509, 0.000300790881738, 0.00035981766996, 0.000323146261508, 0.000347859313479, 0.000299254141282, 0.000494519656058, 0.000629849266261, 0.00102579663508, 0.00246853940189, 0.00127408548724, 0.00132260064129, 0.00120264641009, 0.000917672470678, 0.000832100049593, 0.000575805606786, 0.000875866622664, 0.000912037969101, 0.000509841775056, 0.000445585523266, 0.000508622964844, 0.0003195022, 0.000264909962425, 0.000303294160403, 0.000334448151989, 0.000251708901487, 0.000338152254699, 0.000481864321046, 0.000263337016804, 0.000165842895512, 0.000225706608035, 0.000134095796966, 7.24251440261e-05, 0.000123243808048, 0.000114272559586, 7.74351428845e-05, 0.000104070284578, 0.000100330355053, 0.000115451315651, 6.28204434179e-05, 3.78455697501e-05, 4.85621749249e-05, 4.07829611504e-05, 4.83076946693e-05, 3.75938543584e-05, 2.71772150882e-05, 5.19528330187e-05, 4.25879588875e-05, 2.76049886452e-05, 2.50368630077e-05, 2.56895400526e-05, 1.90591745195e-05, 1.68517726706e-05, 1.97858571482e-05, 1.61683110491e-05, 2.15775617107e-05, 1.24853850139e-05, 1.09714474092e-05, 9.5726827567e-06, 1.08755884867e-05, 7.54191250962e-06, 6.64035314912e-06, 9.45675674302e-06, 8.32720343169e-06, 7.65078402765e-06, 7.3533142313e-06, 4.69719907414e-06, 4.17801993535e-06, 7.21812648408e-06, 4.26968063039e-06, 4.04425190936e-06, 3.99352074965e-06, 4.21375489168e-06, 2.90833077088e-06, 3.58501506525e-06, 4.11471637562e-06, 4.24438212576e-06, 3.6961787373e-06, 4.43117232862e-06, 5.10452673552e-06, 4.41147358288e-06, 3.63610479326e-06, 4.64404047307e-06, 5.66372000321e-06, 5.83058226766e-06, 8.34945785755e-06, 9.01336079551e-06, 9.72864745563e-06, 8.65329730004e-06, 6.1331265897e-06, 5.33452111995e-06, 5.09374513058e-06, 4.54144628748e-06, 3.30587727149e-06, 2.9069537959e-06, 2.25563917411e-06, 1.68602923623e-06, 1.08628432827e-06, 9.99148483061e-07, 5.94064488268e-07, 1.60861361564e-07, 1.23733325808e-08, 1.48620626916e-08, 9.89509008065e-09, 8.59928661612e-09, 6.92361323829e-09, 2.68251132418e-09, 1.29177349373e-10, 7.43521424984e-11, 7.30464785881e-11, 7.20338094728e-11, 7.13931760932e-11]
    },
    "mfcc": {
        "mean": [-577.777709961, 102.115982056, -6.64092063904, 24.5128974915, 3.27372407913, 7.67179965973, 11.829618454, 11.3893404007, 6.52572250366, 7.87152338028, -0.614087641239, -3.06732702255, -1.92997074127],
        "cov": [[439.497070312, -55.9147338867, -89.026260376, -10.5595693588, -77.4253311157, -1.39040148258, -29.6142044067, -29.7291965485, -13.3337669373, 2.00669550896, 4.8158121109, -15.9037780762, 5.12239456177], [-55.9147338867, 285.963378906, -102.673339844, -45.095413208, -55.2594795227, -6.8426399231, 13.5871295929, 17.1616821289, -27.2756690979, 15.7365684509, -4.54735660553, -10.2327413559, -22.6293144226], [-89.026260376, -102.673339844, 275.565612793, 55.2077255249, 88.6876754761, -18.6146564484, -24.1252689362, -21.7065887451, 5.22661495209, -40.5137405396, 5.27260160446, 28.4439048767, 3.88667178154], [-10.5595693588, -45.095413208, 55.2077255249, 311.089996338, 41.7284927368, -36.2363014221, -117.071548462, 0.41817227006, 29.6738204956, -36.7726287842, 2.72674274445, 38.8418922424, 12.0092897415], [-77.4253311157, -55.2594795227, 88.6876754761, 41.7284927368, 162.06918335, -4.25668525696, 1.81198716164, -0.100648455322, 3.00269031525, -16.7590007782, -7.11870384216, 19.646905899, 19.4270858765], [-1.39040148258, -6.8426399231, -18.6146564484, -36.2363014221, -4.25668525696, 134.500183105, 73.6502227783, -11.9439411163, -35.7686538696, 0.480981677771, 10.6549167633, -4.1424665451, 6.17779541016], [-29.6142044067, 13.5871295929, -24.1252689362, -117.071548462, 1.81198716164, 73.6502227783, 151.75491333, 19.2123813629, -23.9206409454, 14.0102071762, 6.59045314789, -14.9192895889, -0.620891392231], [-29.7291965485, 17.1616821289, -21.7065887451, 0.41817227006, -0.100648455322, -11.9439411163, 19.2123813629, 71.9297866821, 32.3332824707, 13.5244588852, -5.55802583694, 1.0493657589, -1.54379272461], [-13.3337669373, -27.2756690979, 5.22661495209, 29.6738204956, 3.00269031525, -35.7686538696, -23.9206409454, 32.3332824707, 91.0780944824, 30.0584793091, 4.62865400314, -5.08260726929, -0.456303656101], [2.00669550896, 15.7365684509, -40.5137405396, -36.7726287842, -16.7590007782, 0.480981677771, 14.0102071762, 13.5244588852, 30.0584793091, 78.7474365234, 19.2573661804, -16.9893245697, -10.9923257828], [4.8158121109, -4.54735660553, 5.27260160446, 2.72674274445, -7.11870384216, 10.6549167633, 6.59045314789, -5.55802583694, 4.62865400314, 19.2573661804, 55.615020752, 17.2135257721, -1.92607843876], [-15.9037780762, -10.2327413559, 28.4439048767, 38.8418922424, 19.646905899, -4.1424665451, -14.9192895889, 1.0493657589, -5.08260726929, -16.9893245697, 17.2135257721, 64.5378265381, 25.9839611053], [5.12239456177, -22.6293144226, 3.88667178154, 12.0092897415, 19.4270858765, 6.17779541016, -0.620891392231, -1.54379272461, -0.456303656101, -10.9923257828, -1.92607843876, 25.9839611053, 60.8556175232]],
        "icov": [[0.00301756407134, 0.00118946796283, 0.00113551144022, 0.000113380221592, 0.00117428810336, 0.000277253973763, 0.000662626058329, 0.0007761787856, 0.000634064490441, 0.000277240207652, -0.000546625000425, 0.000642421131488, -0.00051992025692], [0.00118946796283, 0.00503300968558, 0.00177461234853, 0.000257138774032, 0.00108133803587, 0.000907202775124, 0.000318810285535, -0.00104477419518, 0.00242208805867, -0.000554271915462, 0.0001549700537, -0.000547309522517, 0.00130342505872], [0.00113551144022, 0.00177461234853, 0.00598185230047, 8.85077024577e-05, -0.00195229845122, 0.000761293864343, 8.38982232381e-05, 0.00179335952271, -0.00076292041922, 0.00251302891411, -0.00109737832099, -0.00129476585425, 0.00172341929283], [0.000113380221592, 0.000257138774032, 8.85077024577e-05, 0.00555512355641, -0.00110836268868, -0.00158392137382, 0.00475850794464, -0.00144681287929, -0.00132102554198, 0.00229840818793, -0.00106735748705, -0.00135391810909, 0.000460199924419], [0.00117428810336, 0.00108133803587, -0.00195229845122, -0.00110836268868, 0.0088151441887, 0.000696051807608, -0.00149826391134, 0.000159927367349, 0.000614478893112, -0.000801808491815, 0.0018401988782, -0.000862683460582, -0.00196293578483], [0.000277253973763, 0.000907202775124, 0.000761293864343, -0.00158392137382, 0.000696051807608, 0.0120836328715, -0.00659097079188, 0.00239117909223, 0.00323184323497, -0.000547836592887, -0.00156243564561, 0.000919504323974, -0.0013942879159], [0.000662626058329, 0.000318810285535, 8.38982232381e-05, 0.00475850794464, -0.00149826391134, -0.00659097079188, 0.0150716053322, -0.00635406607762, 0.00242725503631, 0.000432760745753, -0.00268851802684, 0.00223051384091, -0.000682769983541], [0.0007761787856, -0.00104477419518, 0.00179335952271, -0.00144681287929, 0.000159927367349, 0.00239117909223, -0.00635406607762, 0.0214929208159, -0.00842991657555, -0.000707736529876, 0.00457072351128, -0.00437081838027, 0.00172360986471], [0.000634064490441, 0.00242208805867, -0.00076292041922, -0.00132102554198, 0.000614478893112, 0.00323184323497, 0.00242725503631, -0.00842991657555, 0.0197516474873, -0.00706675741822, -0.00172654748894, 0.00343398563564, -0.00220586848445], [0.000277240207652, -0.000554271915462, 0.00251302891411, 0.00229840818793, -0.000801808491815, -0.000547836592887, 0.000432760745753, -0.000707736529876, -0.00706675741822, 0.0210071280599, -0.00865835696459, 0.00472950469702, 0.000902620027773], [-0.000546625000425, 0.0001549700537, -0.00109737832099, -0.00106735748705, 0.0018401988782, -0.00156243564561, -0.00268851802684, 0.00457072351128, -0.00172654748894, -0.00865835696459, 0.026345808059, -0.0114735746756, 0.00419993512332], [0.000642421131488, -0.000547309522517, -0.00129476585425, -0.00135391810909, -0.000862683460582, 0.000919504323974, 0.00223051384091, -0.00437081838027, 0.00343398563564, 0.00472950469702, -0.0114735746756, 0.0267515722662, -0.0107191996649], [-0.00051992025692, 0.00130342505872, 0.00172341929283, 0.000460199924419, -0.00196293578483, -0.0013942879159, -0.000682769983541, 0.00172360986471, -0.00220586848445, 0.000902620027773, 0.00419993512332, -0.0107191996649, 0.0224211104214]]
    },
    "spectral_contrast_coeffs": {
        "max": [-0.544523119926, -0.462735146284, -0.429197460413, -0.573633551598, -0.642950952053, -0.65918636322],
        "mean": [-0.756582379341, -0.771620810032, -0.724257051945, -0.775732934475, -0.788027822971, -0.753064513206],
        "min": [-0.903673768044, -0.924484968185, -0.892583072186, -0.890563666821, -0.868702888489, -0.862419724464],
        "stdev": [0.0524291619658, 0.0622728802264, 0.0813423618674, 0.0485994257033, 0.0283632930368, 0.036502674222]
    },
    "spectral_contrast_valleys": {
        "max": [-5.09990024567, -4.76289987564, -5.41110420227, -6.06911230087, -5.91212654114, -7.43926620483],
        "mean": [-6.16174077988, -6.39773082733, -6.76339101791, -6.97208404541, -6.65327310562, -9.4576253891],
        "min": [-7.79798412323, -7.92091751099, -8.09093475342, -8.1952457428, -8.27685546875, -10.5692234039],
        "stdev": [0.368937462568, 0.446859955788, 0.437894821167, 0.340263843536, 0.360610693693, 0.447891354561]
    }
},
"rhythm": {
    "beats_count": 137,
    "beats_loudness": {
        "max": 0.112182810903,
        "mean": 0.0496305786073,
        "min": 0.0141493631527,
        "stdev": 0.0199484471232
    },
    "bpm": 172.265518188,
    "bpm_histogram_first_peak_bpm": 172,
    "bpm_histogram_first_peak_weight": 0,
    "bpm_histogram_second_peak_bpm": 167,
    "bpm_histogram_second_peak_spread": 0,
    "bpm_histogram_second_peak_weight": 0.404411762953,
    "danceability": 1.54303109646,
    "onset_rate": 3.1171875,
    "beats_loudness_band_ratio": {
        "max": [0.928360164165, 0.484465628862, 0.542994201183, 0.711518287659, 0.339452087879, 0.218953326344],
        "mean": [0.486413985491, 0.102476097643, 0.145074740052, 0.17578342557, 0.0850754156709, 0.064319960773],
        "min": [0.0152784017846, 0.00393634429201, 0.00664838729426, 0.00570803135633, 0.00352075719275, 0.0128521285951],
        "stdev": [0.243071764708, 0.103075250983, 0.132877022028, 0.174767240882, 0.0571274682879, 0.0398486033082]
    },
