{
"metadata": {
    "version": {
        "essentia": "2.1-beta5",
        "essentia_git_sha": "Undefined",
        "extractor": "music 2.0"
    },
    "audio_properties": {
        "analysis": {
            "equal_loudness": 0,
            "length": 48.7502937317,
            "sample_rate": 44100,
            "start_time": 45.2440834045,
            "downmix": "mix"
        },
        "bit_rate": 192000,
        "length": 197.683105469,
        "lossless": 0,
        "number_channels": 2,
        "replay_gain": -9.71781921387,
        "sample_rate": 48000,
        "codec": "mp3",
        "md5_encoded": "1419a66797c52e184d4c57456fb62899"
    },
    "tags": {
        "file_name": "Lithuania_Love_Sasha Son.mp3",
        "encoding": ["Lavf58.29.100"]
    }
},
"lowlevel": {
    "average_loudness": 0.967426419258,
    "barkbands_crest": {
        "max": 24.462179184,
        "mean": 10.2647562027,
        "min": 3.17980313301,
        "stdev": 3.8226184845
    },
    "barkbands_flatness_db": {
        "max": 0.373864203691,
        "mean": 0.153010904789,
        "min": 0.050659198314,
        "stdev": 0.0425202473998
    },
    "barkbands_kurtosis": {
        "max": 64.0815658569,
        "mean": 5.38537406921,
        "min": -1.93126749992,
        "stdev": 5.86636018753
    },
    "barkbands_skewness": {
        "max": 7.06621980667,
        "mean": 1.63229501247,
        "min": -0.802638053894,
        "stdev": 0.929955840111
    },
    "barkbands_spread": {
        "max": 100.314308167,
        "mean": 15.0957422256,
        "min": 1.38803017139,
        "stdev": 11.7041530609
    },
    "dissonance": {
        "max": 0.499871402979,
        "mean": 0.441682904959,
        "min": 0.223828196526,
        "stdev": 0.0403854586184
    },
    "dynamic_complexity": 2.42048883438,
    "erbbands_crest": {
        "max": 28.5048389435,
        "mean": 10.6137266159,
        "min": 3.45067501068,
        "stdev": 4.39634513855
    },
    "erbbands_flatness_db": {
        "max": 0.298373132944,
        "mean": 0.172817260027,
        "min": 0.048860412091,
        "stdev": 0.0367142558098
    },
    "erbbands_kurtosis": {
        "max": 27.1665706635,
        "mean": 2.59500598907,
        "min": -1.7539460659,
        "stdev": 3.44656872749
    },
    "erbbands_skewness": {
        "max": 4.1251707077,
        "mean": 1.11499476433,
        "min": -1.81220972538,
        "stdev": 0.721929252148
    },
    "erbbands_spread": {
        "max": 119.78099823,
        "mean": 28.3275089264,
        "min": 5.18327474594,
        "stdev": 16.8216590881
    },
    "hfc": {
        "max": 116.782653809,
        "mean": 18.1151065826,
        "min": 0.763948619366,
        "stdev": 14.6652259827
    },
    "loudness_ebu128": {
        "integrated": -13.8951797485,
        "loudness_range": 2.75444889069,
        "momentary": {
            "max": -11.2131690979,
            "mean": -14.314535141,
            "min": -21.9028930664,
            "stdev": 2.09926342964
        },
        "short_term": {
            "max": -12.4845561981,
            "mean": -13.9589195251,
            "min": -17.5898914337,
            "stdev": 1.04606556892
        }
    },
    "melbands_crest": {
        "max": 32.8349494934,
        "mean": 13.3641471863,
        "min": 4.11866044998,
        "stdev": 5.05033111572
    },
    "melbands_flatness_db": {
        "max": 0.496642023325,
        "mean": 0.221993669868,
        "min": 0.0736980289221,
        "stdev": 0.0552645139396
    },
    "melbands_kurtosis": {
        "max": 100.791053772,
        "mean": 9.9098072052,
        "min": -0.867064714432,
        "stdev": 10.7376737595
    },
    "melbands_skewness": {
        "max": 7.7483754158,
        "mean": 2.05144166946,
        "min": -0.666037678719,
        "stdev": 1.17099988461
    },
    "melbands_spread": {
        "max": 145.813262939,
        "mean": 16.2651042938,
        "min": 1.38531851768,
        "stdev": 12.0881414413
    },
    "pitch_salience": {
        "max": 0.844858944416,
        "mean": 0.559278428555,
        "min": 0.189432829618,
        "stdev": 0.105983018875
    },
    "silence_rate_20dB": {
        "max": 1,
        "mean": 1,
        "min": 1,
        "stdev": 0
    },
    "silence_rate_30dB": {
        "max": 1,
        "mean": 0.999524056911,
        "min": 0,
        "stdev": 0.0218114890158
    },
    "silence_rate_60dB": {
        "max": 1,
        "mean": 0.00571156572551,
        "min": 0,
        "stdev": 0.0753584951162
    },
    "spectral_centroid": {
        "max": 3786.00439453,
        "mean": 904.372070312,
        "min": 201.436859131,
        "stdev": 472.551727295
    },
    "spectral_complexity": {
        "max": 44,
        "mean": 15.6244649887,
        "min": 2,
        "stdev": 6.06763410568
    },
    "spectral_decrease": {
        "max": -2.30207630736e-10,
        "mean": -7.3651973409e-09,
        "min": -3.51164537449e-08,
        "stdev": 5.05887864932e-09
    },
    "spectral_energy": {
        "max": 0.138614937663,
        "mean": 0.0294410996139,
        "min": 0.000975701259449,
        "stdev": 0.0198782663792
    },
    "spectral_energyband_high": {
        "max": 0.0146881360561,
        "mean": 0.000512901111506,
        "min": 9.73903638624e-07,
        "stdev": 0.00123055989388
    },
    "spectral_energyband_low": {
        "max": 0.0844721570611,
        "mean": 0.00785194057971,
        "min": 4.11309429182e-06,
        "stdev": 0.0108969835564
    },
    "spectral_energyband_middle_high": {
        "max": 0.0403005480766,
        "mean": 0.00445196824148,
        "min": 4.92350045533e-05,
        "stdev": 0.0052262051031
    },
    "spectral_energyband_middle_low": {
        "max": 0.123021125793,
        "mean": 0.0173715651035,
        "min": 0.00061495177215,
        "stdev": 0.0136529579759
    },
    "spectral_entropy": {
        "max": 8.64769935608,
        "mean": 7.30175828934,
        "min": 5.67740440369,
        "stdev": 0.434971928596
    },
    "spectral_flux": {
        "max": 0.295919746161,
        "mean": 0.0839755088091,
        "min": 0.00777140585706,
        "stdev": 0.0443905517459
    },
    "spectral_kurtosis": {
        "max": 40.6989631653,
        "mean": 6.01709842682,
        "min": -1.28380811214,
        "stdev": 3.63919377327
    },
    "spectral_rms": {
        "max": 0.0116290189326,
        "mean": 0.00506659783423,
        "min": 0.000975655508228,
        "stdev": 0.00174718117341
    },
    "spectral_rolloff": {
        "max": 12596.9238281,
        "mean": 1027.33996582,
        "min": 86.1328125,
        "stdev": 1209.53039551
    },
    "spectral_skewness": {
        "max": 4.69601202011,
        "mean": 2.00665211678,
        "min": -0.0805778801441,
        "stdev": 0.567400872707
    },
    "spectral_spread": {
        "max": 18377636,
        "mean": 4720991.5,
        "min": 1476135.25,
        "stdev": 1610418.375
    },
    "spectral_strongpeak": {
        "max": 6.90614414215,
        "mean": 1.00738179684,
        "min": 0.0394980162382,
        "stdev": 0.933341026306
    },
    "zerocrossingrate": {
        "max": 0.31201171875,
        "mean": 0.0449125804007,
        "min": 0.0048828125,
        "stdev": 0.029665755108
    },
    "barkbands": {
        "max": [0.00558686815202, 0.0706668198109, 0.0395423322916, 0.0296041034162, 0.0748282670975, 0.0659139156342, 0.0388249158859, 0.0418205298483, 0.0388459227979, 0.0316441580653, 0.0224131345749, 0.0164308752865, 0.00791595969349, 0.0091883148998, 0.00596828432754, 0.00919720251113, 0.00435342593119, 0.00326112820767, 0.00367982313037, 0.00200694007799, 0.00342151289806, 0.00806627888232, 0.006459786091, 0.00490974728018, 0.00492402212694, 0.00133556325454, 0.000152190681547],
        "mean": [0.000290887081064, 0.00453069014475, 0.00253764819354, 0.000987594597973, 0.00439202226698, 0.0031169524882, 0.00314921350218, 0.00222132098861, 0.00294857705012, 0.00133341702167, 0.00109682185575, 0.000474605738418, 0.000383109698305, 0.000343202380463, 0.000299966312014, 0.000176402361831, 0.000133399400511, 0.000200124137336, 0.00026390721905, 7.53928688937e-05, 5.98761580477e-05, 0.000111605470011, 9.87915118458e-05, 0.000120798613352, 7.25824429537e-05, 1.99938676815e-05, 2.20118135985e-06],
        "min": [2.35227082257e-09, 1.10185169433e-07, 6.64505364512e-07, 2.08407143987e-07, 8.4420935309e-06, 4.84658721689e-06, 1.42448116094e-05, 3.10218911181e-06, 1.75440743533e-06, 3.5645623484e-06, 6.04352464961e-07, 8.57548627664e-07, 9.83622044259e-07, 8.29226735277e-07, 8.55993846471e-07, 7.97567849986e-07, 5.51417770112e-07, 3.89428407743e-07, 1.45513311622e-07, 2.34939250277e-07, 1.42549623661e-07, 1.6855466356e-07, 2.08056093243e-07, 9.06001744738e-08, 5.28447010595e-08, 2.31473311629e-08, 2.44573000741e-10],
        "stdev": [0.000909059657715, 0.00833350885659, 0.00442339293659, 0.00260914280079, 0.00626727519557, 0.00585034256801, 0.00452166935429, 0.00369332660921, 0.00399147020653, 0.00255400198512, 0.0020648764912, 0.000929942470975, 0.000677537405863, 0.000703381665517, 0.000533086480573, 0.000517580891028, 0.000255480641499, 0.000324864318827, 0.000495021871757, 0.000158880313393, 0.000228262535529, 0.000397887284635, 0.000286555849016, 0.000257854087977, 0.000258398795268, 7.01610188116e-05, 7.11717984814e-06]
    },
    "erbbands": {
        "max": [2.83885502815, 15.4603366852, 37.5409126282, 69.7341842651, 187.565048218, 348.457366943, 382.039489746, 646.305847168, 543.735290527, 761.126586914, 1074.35595703, 1011.13623047, 764.817871094, 1023.26165771, 763.265625, 629.54107666, 341.696472168, 541.991577148, 399.30557251, 415.109558105, 605.549865723, 190.532806396, 192.229370117, 193.200592041, 267.60559082, 91.2108306885, 128.332626343, 170.075805664, 336.28692627, 143.880523682, 212.296691895, 96.6589126587, 96.7523040771, 83.6021347046, 24.1371631622, 5.86861658096, 2.64330291748, 0.399770021439, 0.0327090770006, 0.00123320624698],
        "mean": [0.149077668786, 0.951875209808, 2.68116116524, 3.37675142288, 6.26736497879, 18.580242157, 23.039270401, 24.6694087982, 41.9056854248, 46.9712982178, 49.8724784851, 70.0659790039, 54.6318778992, 39.2903556824, 39.8760566711, 21.5869941711, 17.3157310486, 20.6332168579, 17.7297077179, 11.7744398117, 8.46636867523, 7.13137674332, 11.4471511841, 11.679558754, 11.3428297043, 3.66416978836, 2.2049973011, 2.74255752563, 3.94894552231, 3.30766654015, 2.88683390617, 2.87538671494, 1.69950163364, 0.910914838314, 0.463814049959, 0.124107204378, 0.0323066413403, 0.00488571962342, 0.00044576334767, 4.69918632007e-05],
        "min": [4.84620341012e-06, 0.000107761763502, 0.00126005755737, 0.00802681222558, 0.0281148329377, 0.0379425920546, 0.127924874425, 0.270265907049, 0.426474422216, 0.317200988531, 0.0991317331791, 0.0526607558131, 0.16935543716, 0.131888970733, 0.0724130347371, 0.0441355034709, 0.0519390106201, 0.0677408352494, 0.18089170754, 0.0697214752436, 0.0467325523496, 0.03272690624, 0.0264930315316, 0.00986848492175, 0.0122999325395, 0.014530999586, 0.00652556028217, 0.00692421151325, 0.00743043422699, 0.00562548683956, 0.00556953810155, 0.00254048383795, 0.00160064687952, 0.00078451941954, 0.000270511751296, 9.43165505305e-05, 4.75438864669e-05, 6.73339945934e-06, 1.7788936475e-06, 1.80173583431e-06],
        "stdev": [0.323069214821, 1.75880861282, 4.0879573822, 6.05673217773, 13.2227277756, 28.6484012604, 37.8430519104, 46.6399879456, 63.4899902344, 62.7091026306, 84.1667175293, 96.7118606567, 86.4207763672, 76.5867614746, 73.2668991089, 35.5985412598, 26.2858276367, 41.5030937195, 30.6828918457, 24.197095871, 23.2903385162, 11.998339653, 18.7171058655, 20.207359314, 22.675907135, 7.17167425156, 7.21103048325, 10.9704704285, 15.3024320602, 9.73634815216, 8.61027812958, 6.17937898636, 4.16786146164, 3.70847511292, 1.38057088852, 0.379314124584, 0.127463445067, 0.0168145336211, 0.00149046920706, 5.61693486816e-05]
    },
    "gfcc": {
        "mean": [-0.343493074179, 101.1170578, -107.073265076, 8.82459926605, -73.907119751, 11.1364917755, -43.2061157227, 12.0868844986, -20.7119503021, -1.97906088829, -10.668970108, -0.316909462214, -13.8873567581],
        "cov": [[2545.35253906, -571.970825195, -91.8419647217, 218.236526489, -9.94997215271, 200.150878906, 80.6827774048, 236.223312378, -72.2786407471, -85.2777633667, 5.56395721436, -19.0243930817, -134.086761475], [-571.970825195, 937.411865234, 78.7594833374, -15.6360177994, 271.901184082, 54.3052368164, 159.351821899, 29.8548908234, 121.359420776, -36.2434959412, 67.759262085, -58.2407722473, 32.4223175049], [-91.8419647217, 78.7594833374, 748.667907715, 176.082641602, 138.351043701, 172.615386963, 66.4025039673, 60.4142608643, 126.647964478, 128.209091187, 20.7256717682, 58.6316795349, -2.16864776611], [218.236526489, -15.6360177994, 176.082641602, 337.326690674, 109.07144165, 79.9863433838, 93.0345458984, 53.803024292, 80.9007873535, 81.0056152344, 38.4910507202, 32.2945365906, 24.6210155487], [-9.94997215271, 271.901184082, 138.351043701, 109.07144165, 278.745300293, 110.219215393, 135.580154419, 83.2186965942, 72.0989608765, 37.7190589905, 35.9937133789, 0.563536167145, 7.51466178894], [200.150878906, 54.3052368164, 172.615386963, 79.9863433838, 110.219215393, 293.306365967, 157.076599121, 134.688720703, 48.3406715393, 29.9838848114, 68.3935852051, 3.45105242729, -6.31234884262], [80.6827774048, 159.351821899, 66.4025039673, 93.0345458984, 135.580154419, 157.076599121, 295.244720459, 126.394683838, 12.0458660126, 50.8078117371, 69.6662445068, 23.4969882965, -0.405787318945], [236.223312378, 29.8548908234, 60.4142608643, 53.803024292, 83.2186965942, 134.688720703, 126.394683838, 210.723480225, 32.1834640503, 10.6079921722, 74.9984588623, 25.4916744232, -8.81322956085], [-72.2786407471, 121.359420776, 126.647964478, 80.9007873535, 72.0989608765, 48.3406715393, 12.0458660126, 32.1834640503, 186.280090332, 71.88697052, 17.8900909424, 4.21813392639, 29.8053684235], [-85.2777633667, -36.2434959412, 128.209091187, 81.0056152344, 37.7190589905, 29.9838848114, 50.8078117371, 10.6079921722, 71.88697052, 134.267288208, 36.6570968628, 38.6647377014, 31.3249588013], [5.56395721436, 67.759262085, 20.7256717682, 38.4910507202, 35.9937133789, 68.3935852051, 69.6662445068, 74.9984588623, 17.8900909424, 36.6570968628, 133.522964478, 49.3881645203, 25.9448661804], [-19.0243930817, -58.2407722473, 58.6316795349, 32.2945365906, 0.563536167145, 3.45105242729, 23.4969882965, 25.4916744232, 4.21813392639, 38.6647377014, 49.3881645203, 107.171974182, 41.025970459], [-134.086761475, 32.4223175049, -2.16864776611, 24.6210155487, 7.51466178894, -6.31234884262, -0.405787318945, -8.81322956085, 29.8053684235, 31.3249588013, 25.9448661804, 41.025970459, 83.2301177979]],
        "icov": [[0.000685697421432, 0.000529590353835, 0.000169315579114, -0.00050257955445, -0.000192803956452, -0.000227045777137, -6.08025256952e-05, -0.00046344846487, -0.000186306904652, 0.000812651240267, -8.78075370565e-05, 6.43682724331e-05, 0.000758790003601], [0.000529590353835, 0.00348255550489, -0.000702235905919, 0.000922519073356, -0.00267144618556, 0.00149701815099, -0.00244652549736, 0.00132508284878, -0.00266244681552, 0.00443092361093, -0.00305735343136, 0.00273973005824, -0.00142314180266], [0.000169315579114, -0.000702235905919, 0.00253617111593, -0.000926145701669, -2.73219739029e-05, -0.00194367521908, 0.00142356310971, -0.000325539032929, 0.000130740590976, -0.00238434970379, 0.0017760732444, -0.00244331220165, 0.00221519242041], [-0.00050257955445, 0.000922519073356, -0.000926145701669, 0.00500846607611, -0.00167897704523, 0.000867475231644, -0.0015327129513, 0.000936381751671, -0.00156256405171, -7.90521589806e-05, -0.00119110220112, 0.000838859356008, -0.00181858520955], [-0.000192803956452, -0.00267144618556, -2.73219739029e-05, -0.00167897704523, 0.00783917028457, -0.00130146136507, -0.000214526735363, -0.00175224791747, 0.000627944536973, -0.00232648593374, 0.00229671783745, -0.000996634014882, 0.000658988428768], [-0.000227045777137, 0.00149701815099, -0.00194367521908, 0.000867475231644, -0.00130146136507, 0.00784235540777, -0.00358464941382, -0.0011585248867, -0.00179892359301, 0.0029254052788, -0.0034062131308, 0.00370553205721, -0.00190562091302], [-6.08025256952e-05, -0.00244652549736, 0.00142356310971, -0.0015327129513, -0.000214526735363, -0.00358464941382, 0.00880161114037, -0.00319444178604, 0.00403159158304, -0.00586125766858, 0.00216431170702, -0.00257728761062, 0.0021557060536], [-0.00046344846487, 0.00132508284878, -0.000325539032929, 0.000936381751671, -0.00175224791747, -0.0011585248867, -0.00319444178604, 0.0102623170242, -0.00297536049038, 0.00374416494742, -0.00446081953123, -0.000719000236131, 0.000994425849058], [-0.000186306904652, -0.00266244681552, 0.000130740590976, -0.00156256405171, 0.000627944536973, -0.00179892359301, 0.00403159158304, -0.00297536049038, 0.0109244221821, -0.00746605405584, 0.00286578573287, 0.000285067799268, -0.00142189103644], [0.000812651240267, 0.00443092361093, -0.00238434970379, -7.90521589806e-05, -0.00232648593374, 0.0029254052788, -0.00586125766858, 0.00374416494742, -0.00746605405584, 0.0193572398275, -0.00606623338535, 0.00148953672033, -0.00311076268554], [-8.78075370565e-05, -0.00305735343136, 0.0017760732444, -0.00119110220112, 0.00229671783745, -0.0034062131308, 0.00216431170702, -0.00446081953123, 0.00286578573287, -0.00606623338535, 0.0153161771595, -0.0067062843591, 0.000308765767841], [6.43682724331e-05, 0.00273973005824, -0.00244331220165, 0.000838859356008, -0.000996634014882, 0.00370553205721, -0.00257728761062, -0.000719000236131, 0.000285067799268, 0.00148953672033, -0.0067062843591, 0.0183807406574, -0.00862551480532], [0.000758790003601, -0.00142314180266, 0.00221519242041, -0.00181858520955, 0.000658988428768, -0.00190562091302, 0.0021557060536, 0.000994425849058, -0.00142189103644, -0.00311076268554, 0.000308765767841, -0.00862551480532, 0.0201346129179]]
    },
    "melbands": {
        "max": [0.0218821205199, 0.0160770881921, 0.0109660699964, 0.0202852021903, 0.00987227354199, 0.0126119479537, 0.00861472077668, 0.00871734321117, 0.00809344556183, 0.00594274373725, 0.00394043466076, 0.00423413934186, 0.00249368790537, 0.00197415985167, 0.0010278703412, 0.00102303200401, 0.00107496976852, 0.00071946909884, 0.000437370792497, 0.000763603078667, 0.00067489896901, 0.000183865427971, 0.000402884266805, 0.00015715174959, 0.000170372935827, 0.000203235569643, 0.000141061347676, 5.54320067749e-05, 6.51273876429e-05, 9.56247240538e-05, 0.000109217347926, 0.000201656876015, 0.000153447224875, 7.23957273294e-05, 0.000103502199636, 0.000145197525853, 5.96082973061e-05, 6.34012030787e-05, 7.54445500206e-05, 7.25725985831e-05],
        "mean": [0.00129115197342, 0.00132720719557, 0.000650762172882, 0.000887359085027, 0.000856554717757, 0.000565602327697, 0.00064792658668, 0.000496739929076, 0.000416814698838, 0.000437281647464, 0.000262671674136, 0.000153286498971, 0.000145579411765, 6.44955580356e-05, 4.28980274592e-05, 3.99159071094e-05, 3.65510313713e-05, 2.777186819e-05, 1.83977444976e-05, 1.45020067066e-05, 8.95011271496e-06, 6.57555028738e-06, 9.9368589872e-06, 1.01042051028e-05, 9.10441485757e-06, 1.08239983092e-05, 4.47935462944e-06, 1.89414458873e-06, 1.24449331906e-06, 1.46769923504e-06, 1.62651713254e-06, 2.17724573304e-06, 2.30762839237e-06, 1.64825246429e-06, 1.61426203249e-06, 1.68099415987e-06, 1.84260375136e-06, 1.31794377012e-06, 7.99925487627e-07, 7.64449055168e-07],
        "min": [3.448003838e-08, 4.67830716389e-07, 6.709402669e-07, 2.16442185774e-06, 5.51313723918e-06, 2.15540694626e-06, 2.26574775297e-06, 2.42369014813e-06, 3.30691619865e-07, 2.10362244957e-07, 8.3212410118e-07, 3.75024228561e-07, 1.57473792228e-07, 9.15765383525e-08, 1.11387961965e-07, 1.05848762644e-07, 9.39083051321e-08, 2.36573654888e-07, 5.94694213873e-08, 3.02112255213e-08, 5.29086605638e-08, 2.4579211555e-08, 2.54427661162e-08, 1.03736157442e-08, 6.20711926302e-09, 5.19877119132e-09, 9.09868624888e-09, 7.52315632013e-09, 3.48824258367e-09, 3.30489013933e-09, 3.65863539464e-09, 1.76347747516e-09, 2.79339840148e-09, 3.33618332959e-09, 3.14525117062e-09, 2.4120356823e-09, 1.20522269942e-09, 9.5187757676e-10, 8.94279927888e-10, 6.02028094043e-10],
        "stdev": [0.00253778370097, 0.00187638914213, 0.00116349745076, 0.00140702305362, 0.00121780228801, 0.00104338710662, 0.000981685356237, 0.000686861167196, 0.000682295940351, 0.00061439286219, 0.000438369374024, 0.000315802753903, 0.000263766705757, 0.000121602512081, 6.83979451424e-05, 7.93513099779e-05, 7.53634085413e-05, 4.98252411489e-05, 3.30179209413e-05, 4.12068147853e-05, 2.51407436735e-05, 1.17214940474e-05, 1.84008276847e-05, 1.79413036676e-05, 1.6837630028e-05, 2.24938776228e-05, 9.68241420196e-06, 4.06102572015e-06, 3.72243380298e-06, 5.88468083151e-06, 6.68735583531e-06, 9.02032297745e-06, 7.74224463385e-06, 4.71149223813e-06, 4.79070649817e-06, 5.03138062413e-06, 3.80821757062e-06, 2.92883191833e-06, 3.05595358441e-06, 3.29250337927e-06]
    },
    "melbands128": {
        "max": [0.00535083422437, 0.0254594366997, 0.0314835309982, 0.026264468208, 0.0209273863584, 0.0203686691821, 0.0157403685153, 0.0192037280649, 0.0201151464134, 0.0371529869735, 0.0278484299779, 0.0202627368271, 0.0167043507099, 0.0285480357707, 0.0223925504833, 0.0104956626892, 0.0108016999438, 0.0156168881804, 0.0107219973579, 0.0122945513576, 0.0151104461402, 0.0145916650072, 0.0134649761021, 0.0087958285585, 0.0114038977772, 0.0109573723748, 0.00826757401228, 0.0063322018832, 0.00968165975064, 0.00550485774875, 0.0067642936483, 0.00690184719861, 0.00419378140941, 0.00578045845032, 0.00455091055483, 0.00291878217831, 0.00377233000472, 0.00184170843568, 0.00102517951746, 0.00109834992327, 0.00153334729839, 0.00204038643278, 0.00230467226356, 0.00110164703801, 0.000608643051237, 0.00169834971894, 0.00155940605327, 0.000848861120176, 0.000804998970125, 0.00115959392861, 0.00115991139319, 0.000733760825824, 0.00160731154028, 0.000492309744004, 0.000310329400236, 0.000140532953083, 0.000445018376922, 0.000696957809851, 0.0004133611219, 0.000299732200801, 0.000355646567186, 0.000265202485025, 0.000191444778466, 0.000318766193232, 0.000368743261788, 0.000384059385397, 0.000397835770855, 0.000206389260711, 0.000127084524138, 0.000100599747384, 6.26193213975e-05, 6.96687202435e-05, 4.21698423452e-05, 6.96968563716e-05, 0.000142333068652, 0.000115306669613, 0.000102198173408, 0.000111647212179, 0.00013560098887, 0.000159713192261, 0.000208183002542, 0.000232479040278, 0.000235188243096, 0.000170138053363, 8.16665415186e-05, 9.15070922929e-05, 6.66553678457e-05, 0.000101327539596, 8.44842579681e-05, 0.000185661861906, 0.000200903014047, 0.000126787883346, 6.99403608451e-05, 9.55062205321e-05, 0.000104491256934, 5.86964088143e-05, 3.84175255022e-05, 8.63349996507e-05, 9.28880617721e-05, 0.000118918571388, 9.30074529606e-05, 8.29529381008e-05, 4.89972990181e-05, 3.52593124262e-05, 3.00852607324e-05, 2.87556958938e-05, 2.06722907024e-05, 1.08103185994e-05, 1.33160838232e-05, 1.20195099953e-05, 1.3118867173e-05, 1.42338722071e-05, 1.04691771412e-05, 6.92365074428e-06, 5.28076907358e-06, 4.91847140438e-06, 1.97480812858e-06, 1.2550434576e-06, 8.48535364639e-07, 1.0541393749e-06, 8.72183534284e-07, 8.58171461005e-07, 6.49594710467e-07, 3.29744480609e-08, 1.02240460542e-09, 1.00399211167e-09, 9.89744952662e-10, 9.81434267189e-10],
        "mean": [0.000279533269349, 0.00121168151964, 0.00169926951639, 0.00149317272007, 0.00139171862975, 0.00121522729751, 0.000671181944199, 0.000487856275868, 0.000540007487871, 0.000910805247258, 0.00115195522085, 0.000927115383092, 0.000697586976457, 0.000903927953914, 0.00057786970865, 0.000366364663932, 0.000494600972161, 0.000886327179614, 0.000562260393053, 0.000549899006728, 0.00043496733997, 0.000366166321328, 0.000436584698036, 0.000401767116273, 0.000528500066139, 0.000402604520787, 0.000369609158952, 0.000262364861555, 0.00015742846881, 0.000154022403876, 0.000148732113303, 0.000153147120727, 0.000167405523825, 0.000139247553307, 4.74635162391e-05, 5.5579970649e-05, 6.61088924971e-05, 3.25968030666e-05, 4.16160364693e-05, 3.1278719689e-05, 3.78604454454e-05, 5.43550086149e-05, 4.29880965385e-05, 2.37973836192e-05, 2.03696999961e-05, 3.22900741594e-05, 3.41344129993e-05, 1.52498350872e-05, 1.27791063278e-05, 1.70169460034e-05, 1.60405925271e-05, 1.07685655166e-05, 8.77711590874e-06, 8.6989657575e-06, 8.24135804578e-06, 4.38880397269e-06, 6.40862708678e-06, 1.13377855087e-05, 9.67146843323e-06, 1.04939663288e-05, 1.27802968564e-05, 6.70045210427e-06, 8.3210397861e-06, 9.71989175014e-06, 1.04127047962e-05, 1.34925357997e-05, 9.49121658778e-06, 5.19996592629e-06, 3.69989288629e-06, 2.76262198895e-06, 1.82035500984e-06, 1.59575427006e-06, 1.15292505143e-06, 1.17698618851e-06, 1.29527427362e-06, 1.51058372921e-06, 1.53763130584e-06, 1.44895682297e-06, 1.55322493356e-06, 1.85528131169e-06, 2.14577175939e-06, 2.18589411816e-06, 2.58082536675e-06, 2.46799140768e-06, 1.98850443667e-06, 1.6585576077e-06, 1.55174666361e-06, 1.54445319822e-06, 1.59156923019e-06, 1.68322685568e-06, 1.72619718342e-06, 1.60603121913e-06, 1.71400472482e-06, 1.93972346096e-06, 1.90359673979e-06, 1.5923162664e-06, 1.17452304949e-06, 9.77275703917e-07, 7.49799085042e-07, 7.41319922781e-07, 7.41220617329e-07, 8.05536387816e-07, 7.47776368826e-07, 6.50806839531e-07, 5.40292489859e-07, 4.31815720958e-07, 3.31607054704e-07, 2.37143822801e-07, 1.84273801551e-07, 1.56914950367e-07, 1.3703230195e-07, 1.18004898297e-07, 1.02376041866e-07, 7.44263033425e-08, 5.60909896308e-08, 4.50440893474e-08, 2.7509393874e-08, 2.01422523105e-08, 1.87303275112e-08, 1.39088749407e-08, 8.67228511225e-09, 6.33635943714e-09, 3.4378531133e-09, 1.03284499009e-10, 4.28973089689e-12, 4.18959528528e-12, 4.12640147746e-12, 4.09913552754e-12],
        "min": [1.16786358362e-09, 6.13798345483e-09, 6.60574750455e-09, 2.59376715661e-08, 4.45672974081e-08, 3.40369126661e-07, 4.07431969052e-07, 1.27694647745e-07, 5.02231614519e-07, 3.16539967571e-07, 7.08886602752e-07, 3.73077256199e-07, 6.62832576381e-07, 4.47630384315e-07, 1.37892186558e-07, 2.71724161394e-07, 4.99291672895e-07, 7.19200954791e-07, 6.85285158397e-07, 2.41353404817e-06, 5.11054622621e-07, 8.39688425458e-08, 6.31384438066e-08, 1.37822596002e-07, 2.32677763279e-07, 5.60123005755e-08, 7.07637752839e-08, 7.52120286052e-08, 3.29497311213e-07, 9.96027011979e-08, 1.47986696675e-07, 9.360949349e-08, 9.09673687488e-08, 6.62784458427e-08, 4.7019035776e-08, 8.83388651118e-08, 7.55373505967e-08, 4.6441051893e-08, 9.76816068032e-08, 1.17113669873e-08, 1.93975679963e-08, 4.29994670981e-08, 9.44270439618e-08, 7.16886177088e-08, 1.21418350929e-08, 6.17907218725e-08, 3.07383913878e-08, 2.15475139953e-08, 3.02047453715e-08, 4.5489446876e-08, 1.4675687332e-08, 1.41471723225e-08, 1.35245921129e-08, 1.90671123335e-08, 2.25379714891e-08, 1.04801651801e-08, 1.0794964922e-08, 7.81404985162e-09, 1.96681995135e-08, 5.14302822552e-09, 7.41987937758e-09, 6.6000125365e-09, 5.71437208663e-09, 5.82901327206e-09, 2.28407293079e-09, 4.04630462469e-09, 3.46849571287e-09, 8.25048296349e-09, 3.82597464821e-09, 4.94667684592e-09, 4.13194944926e-09, 1.77295378379e-09, 3.50176376784e-09, 8.70654659479e-10, 1.52576373758e-09, 2.0637453968e-09, 3.47254536237e-09, 2.31219132729e-09, 2.00618055501e-09, 1.77173120619e-09, 5.20221643541e-10, 1.05817399287e-09, 2.02027661267e-09, 2.312991354e-09, 2.34656205578e-09, 3.55620666248e-09, 2.4831199319e-09, 1.62573665641e-09, 2.14560080813e-09, 4.25424584449e-09, 1.46374889987e-09, 2.20499418724e-09, 9.27113996685e-10, 1.8030161808e-09, 6.7725092201e-10, 8.34663282934e-10, 5.72434877277e-10, 9.80477921075e-10, 6.76517619702e-10, 7.9609518977e-10, 4.97838548164e-10, 5.18199538835e-10, 4.22565177294e-10, 3.69151098578e-10, 1.54831883425e-10, 1.94264715425e-10, 1.6212740872e-10, 1.07914364944e-10, 1.71903588586e-10, 1.15300630155e-10, 1.46137948964e-10, 1.33786495771e-10, 7.94868615372e-11, 9.13748798848e-11, 5.68195178408e-11, 8.81714562473e-11, 5.71898821702e-12, 1.6620576714e-13, 7.07325840152e-14, 6.44439132592e-14, 5.92714489685e-14, 5.76416694866e-14, 6.45972533277e-14, 6.41859612335e-14, 4.12816279099e-14, 1.49557253246e-14, 1.94913673756e-15, 6.66741256512e-17],
        "stdev": [0.000878731894772, 0.00295690540224, 0.00373754347675, 0.00275167822838, 0.0020763813518, 0.00226567452773, 0.00126602780074, 0.00152481719851, 0.00140334339812, 0.0019182494143, 0.0020078283269, 0.00160702364519, 0.0014600729337, 0.00231031398289, 0.00145127193537, 0.000688563974109, 0.000755575834773, 0.00179034750909, 0.000940621423069, 0.000947694934439, 0.000892134616151, 0.000850437267218, 0.00104100466706, 0.000716040842235, 0.000924519903492, 0.00087602972053, 0.000733686436433, 0.000593696837313, 0.000538582389709, 0.000387647538446, 0.000452263251645, 0.000402796606068, 0.00036512024235, 0.000383151927963, 0.000175217108335, 0.000133699999424, 0.000149080660776, 9.89675245364e-05, 7.98454784672e-05, 7.37397931516e-05, 0.000119538512081, 0.000157071946887, 0.000127185907331, 5.47688541701e-05, 4.69547157991e-05, 8.51877921377e-05, 8.02527356427e-05, 4.40400181105e-05, 3.52826573362e-05, 5.41910339962e-05, 6.52878370602e-05, 3.85875064239e-05, 4.52982785646e-05, 2.84396792267e-05, 2.08964229387e-05, 9.13871554076e-06, 1.75566838152e-05, 2.90316384053e-05, 2.38031352637e-05, 2.617834798e-05, 3.04886652884e-05, 1.32878676595e-05, 1.80374463525e-05, 2.37451658904e-05, 2.72703946393e-05, 3.41961640515e-05, 2.51279852819e-05, 1.40598076541e-05, 9.99708663585e-06, 6.62744923829e-06, 4.34700496044e-06, 4.20555943492e-06, 2.904083658e-06, 3.81714380637e-06, 5.78490107728e-06, 6.28040379524e-06, 6.26487326372e-06, 6.60823388898e-06, 6.62995125822e-06, 8.25600000098e-06, 9.60959187069e-06, 9.84462531051e-06, 1.05498229459e-05, 8.44999613037e-06, 6.12953363088e-06, 5.29864246346e-06, 4.60428918814e-06, 4.54314067611e-06, 4.65994344268e-06, 6.32568571746e-06, 6.60706473354e-06, 4.50266725238e-06, 4.05872924603e-06, 4.37032713307e-06, 4.48627224614e-06, 3.27779935105e-06, 2.91194214697e-06, 3.32749391418e-06, 3.00119336316e-06, 3.73489751837e-06, 3.48134926753e-06, 3.75035097022e-06, 2.89672630061e-06, 2.09511085814e-06, 1.63943559528e-06, 1.24220480302e-06, 9.47833711962e-07, 6.72239082178e-07, 7.15927512829e-07, 6.32126102573e-07, 5.77751222863e-07, 5.0436563015e-07, 4.58087896504e-07, 3.13501089977e-07, 2.00123267291e-07, 1.79036419468e-07, 8.68338432269e-08, 6.09547399222e-08, 5.05700938902e-08, 5.08592421511e-08, 4.11472029782e-08, 3.55632892024e-08, 2.28200232044e-08, 1.1236730435e-09, 2.60957228049e-11, 2.57052313463e-11, 2.54045222359e-11, 2.5225870004e-11]
    },
    "mfcc": {
        "mean": [-647.801757812, 138.654708862, 14.1353034973, 1.03693795204, -3.57442045212, -8.32826042175, -8.28029060364, 5.62963867188, -9.49856376648, 3.00977349281, 2.07978796959, -4.03520202637, -3.67476010323],
        "cov": [[2733.84814453, -688.687316895, -196.739761353, -3.99201917648, -30.3548679352, -68.7526092529, 128.957260132, 255.591644287, -102.399894714, 161.0625, 84.3533172607, -153.880004883, -113.263778687], [-688.687316895, 892.589355469, -52.4463310242, -2.52346014977, 106.707313538, 42.8834838867, 82.9723052979, 82.1980514526, 53.8032341003, 52.7234535217, 42.4605827332, 28.7755470276, -8.44470882416], [-196.739761353, -52.4463310242, 575.080932617, 70.8715209961, 133.468292236, 127.842407227, 15.5052490234, 15.7222805023, 92.0865478516, 16.3896217346, 54.596496582, 109.222618103, 109.830703735], [-3.99201917648, -2.52346014977, 70.8715209961, 311.420135498, 48.9651069641, 83.4774627686, 13.926158905, -13.1531953812, 74.5416183472, 9.29493331909, 2.14528059959, 76.7035980225, 77.5764465332], [-30.3548679352, 106.707313538, 133.468292236, 48.9651069641, 240.358825684, 57.8349761963, -4.29937887192, 46.6606292725, 49.6500854492, 74.8676300049, 23.0181159973, 28.6034927368, 42.0654029846], [-68.7526092529, 42.8834838867, 127.842407227, 83.4774627686, 57.8349761963, 195.742141724, 73.1240081787, 10.5480060577, 84.2824325562, 48.0197181702, 34.6916046143, 66.34425354, 47.4919204712], [128.957260132, 82.9723052979, 15.5052490234, 13.926158905, -4.29937887192, 73.1240081787, 321.780548096, 157.910354614, 29.9965705872, 50.5847358704, 100.198608398, 25.9851264954, 17.7671031952], [255.591644287, 82.1980514526, 15.7222805023, -13.1531953812, 46.6606292725, 10.5480060577, 157.910354614, 224.097808838, 22.7172355652, 59.108997345, 90.7682952881, -5.83239555359, 11.6097803116], [-102.399894714, 53.8032341003, 92.0865478516, 74.5416183472, 49.6500854492, 84.2824325562, 29.9965705872, 22.7172355652, 147.919204712, 47.6074028015, 31.3825073242, 56.9438972473, 48.3078613281], [161.0625, 52.7234535217, 16.3896217346, 9.29493331909, 74.8676300049, 48.0197181702, 50.5847358704, 59.108997345, 47.6074028015, 150.956756592, 59.3924446106, 10.8791408539, 4.44197177887], [84.3533172607, 42.4605827332, 54.596496582, 2.14528059959, 23.0181159973, 34.6916046143, 100.198608398, 90.7682952881, 31.3825073242, 59.3924446106, 136.308303833, 32.8248291016, 12.7491798401], [-153.880004883, 28.7755470276, 109.222618103, 76.7035980225, 28.6034927368, 66.34425354, 25.9851264954, -5.83239555359, 56.9438972473, 10.8791408539, 32.8248291016, 132.114013672, 77.0555267334], [-113.263778687, -8.44470882416, 109.830703735, 77.5764465332, 42.0654029846, 47.4919204712, 17.7671031952, 11.6097803116, 48.3078613281, 4.44197177887, 12.7491798401, 77.0555267334, 124.626564026]],
        "icov": [[0.000757771311328, 0.000704863632564, 0.000190755832591, -0.000359491765266, 7.60352668294e-06, -8.05370655144e-05, 9.20408856473e-05, -0.00109497923404, 0.000495573389344, -0.00084961077664, 6.21041035629e-05, 0.000252162746619, 0.000585038855206], [0.000704863632564, 0.00197541248053, 0.00056688854238, -0.000149385043187, -0.000767441000789, -0.000166110956343, -0.000126261278638, -0.00126322149299, 2.87608254439e-05, -0.000559951527975, 5.71248929191e-05, -0.000369827030227, 0.00105749361683], [0.000190755832591, 0.00056688854238, 0.002850625664, 0.00036161011667, -0.00141357327811, -0.00113969051745, 0.000300022482406, -0.000228803502978, -0.000421559787355, 0.000936916738283, -0.00102350709494, -0.000755100918468, -0.000933948613238], [-0.000359491765266, -0.000149385043187, 0.00036161011667, 0.00454718340188, -0.000615793222096, -0.000917899189517, -0.000154790992383, 0.000814046128653, -0.0013989622239, 0.00088883243734, 0.000348422036041, -0.00118704535998, -0.00177325308323], [7.60352668294e-06, -0.000767441000789, -0.00141357327811, -0.000615793222096, 0.00682582799345, -0.000682875746861, 0.00148805964272, -0.0016812691465, 0.000409959175158, -0.00312154507264, 0.00106916902587, 0.000636819575448, -0.00106601847801], [-8.05370655144e-05, -0.000166110956343, -0.00113969051745, -0.000917899189517, -0.000682875746861, 0.00915792863816, -0.00247987150215, 0.00209058681503, -0.00283273821697, -0.00139256345574, 0.000355451717041, -0.00143216480501, 0.000387526728446], [9.20408856473e-05, -0.000126261278638, 0.000300022482406, -0.000154790992383, 0.00148805964272, -0.00247987150215, 0.00612565176561, -0.00399653054774, 0.000837990257423, -0.000100614211988, -0.00164676003624, -0.000387942272937, -6.41095757601e-05], [-0.00109497923404, -0.00126322149299, -0.000228803502978, 0.000814046128653, -0.0016812691465, 0.00209058681503, -0.00399653054774, 0.0109966108575, -0.00155478867237, 0.000652168062516, -0.00373271526769, 0.00233400985599, -0.00255147903226], [0.000495573389344, 2.87608254439e-05, -0.000421559787355, -0.0013989622239, 0.000409959175158, -0.00283273821697, 0.000837990257423, -0.00155478867237, 0.0112871909514, -0.00280813639984, -3.37488527293e-05, -0.00133579992689, -0.00078455224866], [-0.00084961077664, -0.000559951527975, 0.000936916738283, 0.00088883243734, -0.00312154507264, -0.00139256345574, -0.000100614211988, 0.000652168062516, -0.00280813639984, 0.0116489343345, -0.00369182182476, 0.000313857453875, 0.00020574501832], [6.21041035629e-05, 5.71248929191e-05, -0.00102350709494, 0.000348422036041, 0.00106916902587, 0.000355451717041, -0.00164676003624, -0.00373271526769, -3.37488527293e-05, -0.00369182182476, 0.0134311188012, -0.00364983966574, 0.00185892661102], [0.000252162746619, -0.000369827030227, -0.000755100918468, -0.00118704535998, 0.000636819575448, -0.00143216480501, -0.000387942272937, 0.00233400985599, -0.00133579992689, 0.000313857453875, -0.00364983966574, 0.0155221289024, -0.00694006541744], [0.000585038855206, 0.00105749361683, -0.000933948613238, -0.00177325308323, -0.00106601847801, 0.000387526728446, -6.41095757601e-05, -0.00255147903226, -0.00078455224866, 0.00020574501832, 0.00185892661102, -0.00694006541744, 0.015410750173]]
    },
    "spectral_contrast_coeffs": {
        "max": [-0.395896285772, -0.491542220116, -0.491949647665, -0.60512471199, -0.556401669979, -0.664426386356],
        "mean": [-0.658532500267, -0.725998938084, -0.734089136124, -0.787618637085, -0.776114523411, -0.79839682579],
        "min": [-0.907089471817, -0.911463260651, -0.898938119411, -0.898380458355, -0.889842689037, -0.894663155079],
        "stdev": [0.09219622612, 0.067051038146, 0.0687420815229, 0.0497693791986, 0.0587758719921, 0.0345066823065]
    },
    "spectral_contrast_valleys": {
        "max": [-4.71845960617, -4.5465760231, -5.68052387238, -6.20708370209, -6.10778141022, -7.56113004684],
        "mean": [-6.87365436554, -6.21643257141, -7.25197696686, -7.83233690262, -8.11115169525, -10.1369628906],
        "min": [-9.70501804352, -8.5392074585, -9.34700489044, -9.94936180115, -10.110909462, -12.8175373077],
        "stdev": [0.803659081459, 0.582159161568, 0.621320605278, 0.59477430582, 0.654325962067, 0.765294790268]
    }
},
"rhythm": {
    "beats_count": 94,
    "beats_loudness": {
        "max": 0.0999192520976,
        "mean": 0.0361001454294,
        "min": 0.00544210569933,
        "stdev": 0.0185434259474
    },
    "bpm": 103.470527649,
    "bpm_histogram_first_peak_bpm": 103,
    "bpm_histogram_first_peak_weight": 0.326086938381,
    "bpm_histogram_second_peak_bpm": 136,
    "bpm_histogram_second_peak_spread": 0.428571403027,
    "bpm_histogram_second_peak_weight": 0.258064508438,
    "danceability": 1.17304980755,
    "onset_rate": 3.4453125,
    "beats_loudness_band_ratio": {
        "max": [0.913424611092, 0.862213671207, 0.801503002644, 0.648171424866, 0.446574091911, 0.628587663174],
        "mean": [0.288788318634, 0.243693873286, 0.345514267683, 0.105533912778, 0.0408069975674, 0.0337952971458],
        "min": [0.00292001920752, 0.0131089705974, 0.0317185334861, 0.00111155910417, 0.00106721511111, 0.000207602279261],
        "stdev": [0.23411475122, 0.204862549901, 0.165807068348, 0.110173255205, 0.0540184862912, 0.0685419440269]
    },
