{
"metadata": {
    "version": {
        "essentia": "2.1-beta5",
        "essentia_git_sha": "Undefined",
        "extractor": "music 2.0"
    },
    "audio_properties": {
        "analysis": {
            "equal_loudness": 0,
            "length": 32.4963264465,
            "sample_rate": 44100,
            "start_time": 12.7477550507,
            "downmix": "mix"
        },
        "bit_rate": 192000,
        "length": 185.80607605,
        "lossless": 0,
        "number_channels": 2,
        "replay_gain": -3.24445533752,
        "sample_rate": 48000,
        "codec": "mp3",
        "md5_encoded": "5757a4845346010e735dc62e0bf059f5"
    },
    "tags": {
        "file_name": "Poland_I Don_t Wanna Leave_Lidia Kopania.mp3",
        "encoding": ["Lavf58.29.100"]
    }
},
"lowlevel": {
    "average_loudness": 0.939694404602,
    "barkbands_crest": {
        "max": 25.4323501587,
        "mean": 13.4141988754,
        "min": 3.15103173256,
        "stdev": 5.0918469429
    },
    "barkbands_flatness_db": {
        "max": 0.328755676746,
        "mean": 0.185760304332,
        "min": 0.0550750866532,
        "stdev": 0.0484484434128
    },
    "barkbands_kurtosis": {
        "max": 162.464874268,
        "mean": 9.71534729004,
        "min": -1.93537259102,
        "stdev": 16.9685096741
    },
    "barkbands_skewness": {
        "max": 11.3798093796,
        "mean": 1.67476201057,
        "min": -4.75275802612,
        "stdev": 1.92032825947
    },
    "barkbands_spread": {
        "max": 88.3718566895,
        "mean": 14.1775474548,
        "min": 0.848326861858,
        "stdev": 12.9815998077
    },
    "dissonance": {
        "max": 0.49996009469,
        "mean": 0.425550103188,
        "min": 0.221031084657,
        "stdev": 0.0478116832674
    },
    "dynamic_complexity": 2.58554077148,
    "erbbands_crest": {
        "max": 32.9889526367,
        "mean": 14.0021858215,
        "min": 4.2737364769,
        "stdev": 5.6367483139
    },
    "erbbands_flatness_db": {
        "max": 0.387734472752,
        "mean": 0.222842499614,
        "min": 0.0927307382226,
        "stdev": 0.0478829443455
    },
    "erbbands_kurtosis": {
        "max": 53.7762641907,
        "mean": 5.34355783463,
        "min": -1.93484854698,
        "stdev": 7.09829330444
    },
    "erbbands_skewness": {
        "max": 6.75239229202,
        "mean": 1.27782964706,
        "min": -4.16155576706,
        "stdev": 1.37982606888
    },
    "erbbands_spread": {
        "max": 148.539535522,
        "mean": 25.1814079285,
        "min": 1.52295482159,
        "stdev": 20.3790111542
    },
    "hfc": {
        "max": 844.514648438,
        "mean": 26.7078990936,
        "min": 0.346835702658,
        "stdev": 44.6964416504
    },
    "loudness_ebu128": {
        "integrated": -20.355474472,
        "loudness_range": 3.41683387756,
        "momentary": {
            "max": -16.2468299866,
            "mean": -20.9165267944,
            "min": -28.3297328949,
            "stdev": 2.39165091515
        },
        "short_term": {
            "max": -18.4913825989,
            "mean": -20.5106811523,
            "min": -23.1996250153,
            "stdev": 1.13732075691
        }
    },
    "melbands_crest": {
        "max": 32.6190757751,
        "mean": 15.7147779465,
        "min": 4.21874427795,
        "stdev": 6.19693613052
    },
    "melbands_flatness_db": {
        "max": 0.394895195961,
        "mean": 0.227164357901,
        "min": 0.0476566031575,
        "stdev": 0.05864309147
    },
    "melbands_kurtosis": {
        "max": 274.588012695,
        "mean": 18.67212677,
        "min": -1.87952244282,
        "stdev": 36.1804084778
    },
    "melbands_skewness": {
        "max": 12.8849506378,
        "mean": 2.12113142014,
        "min": -2.15531802177,
        "stdev": 2.33765053749
    },
    "melbands_spread": {
        "max": 249.377624512,
        "mean": 22.2545928955,
        "min": 0.945356845856,
        "stdev": 34.5427780151
    },
    "pitch_salience": {
        "max": 0.827190279961,
        "mean": 0.508707582951,
        "min": 0.118949212134,
        "stdev": 0.123495809734
    },
    "silence_rate_20dB": {
        "max": 1,
        "mean": 1,
        "min": 1,
        "stdev": 0
    },
    "silence_rate_30dB": {
        "max": 1,
        "mean": 1,
        "min": 1,
        "stdev": 0
    },
    "silence_rate_60dB": {
        "max": 1,
        "mean": 0.0449678786099,
        "min": 0,
        "stdev": 0.207233011723
    },
    "spectral_centroid": {
        "max": 7379.55322266,
        "mean": 1169.19165039,
        "min": 303.103607178,
        "stdev": 892.2109375
    },
    "spectral_complexity": {
        "max": 34,
        "mean": 12.3404712677,
        "min": 1,
        "stdev": 4.97392272949
    },
    "spectral_decrease": {
        "max": -1.57971483117e-10,
        "mean": -5.37828670488e-09,
        "min": -2.91073458669e-08,
        "stdev": 4.03095734569e-09
    },
    "spectral_energy": {
        "max": 0.118085458875,
        "mean": 0.022721381858,
        "min": 0.000627680739854,
        "stdev": 0.0164909400046
    },
    "spectral_energyband_high": {
        "max": 0.0824173465371,
        "mean": 0.00116272363812,
        "min": 2.95154927699e-06,
        "stdev": 0.00462886597961
    },
    "spectral_energyband_low": {
        "max": 0.00781107088551,
        "mean": 0.000596345809754,
        "min": 5.58452370569e-07,
        "stdev": 0.00103726936504
    },
    "spectral_energyband_middle_high": {
        "max": 0.0862382650375,
        "mean": 0.00913368258625,
        "min": 3.79863267881e-05,
        "stdev": 0.0130359577015
    },
    "spectral_energyband_middle_low": {
        "max": 0.112086735666,
        "mean": 0.0121578685939,
        "min": 0.00028161922819,
        "stdev": 0.0115702198818
    },
    "spectral_entropy": {
        "max": 8.81608486176,
        "mean": 7.06107616425,
        "min": 5.5599489212,
        "stdev": 0.566081404686
    },
    "spectral_flux": {
        "max": 0.264141827822,
        "mean": 0.0692550614476,
        "min": 0.00630082795396,
        "stdev": 0.0396829433739
    },
    "spectral_kurtosis": {
        "max": 28.0370960236,
        "mean": 6.28972482681,
        "min": -1.61092531681,
        "stdev": 4.25311231613
    },
    "spectral_rms": {
        "max": 0.0107333743945,
        "mean": 0.00439499970526,
        "min": 0.000782541697845,
        "stdev": 0.00168854917865
    },
    "spectral_rolloff": {
        "max": 11843.2617188,
        "mean": 1678.9420166,
        "min": 279.931640625,
        "stdev": 2181.54736328
    },
    "spectral_skewness": {
        "max": 4.0775847435,
        "mean": 2.01375150681,
        "min": -0.687555730343,
        "stdev": 0.717236280441
    },
    "spectral_spread": {
        "max": 25884664,
        "mean": 5235983,
        "min": 2085610.125,
        "stdev": 2652566.25
    },
    "spectral_strongpeak": {
        "max": 25.091337204,
        "mean": 2.39574837685,
        "min": 0.056024055928,
        "stdev": 2.30112218857
    },
    "zerocrossingrate": {
        "max": 0.421875,
        "mean": 0.0674288198352,
        "min": 0.009765625,
        "stdev": 0.063352368772
    },
    "barkbands": {
        "max": [0.000127634673845, 0.00409595668316, 0.00539283268154, 0.00466462830082, 0.026777472347, 0.0687615722418, 0.0293211881071, 0.0229670777917, 0.0873294472694, 0.0852356031537, 0.0648667663336, 0.0481953732669, 0.0331557430327, 0.00856648944318, 0.00299765565433, 0.00375694595277, 0.010515730828, 0.0107171591371, 0.00594674330205, 0.00550754368305, 0.0049114045687, 0.00440897373483, 0.00697361817583, 0.0200531594455, 0.0806163102388, 0.00339981773868, 2.01589446078e-05],
        "mean": [3.45993680639e-06, 0.000179176029633, 0.000325678091031, 0.000150993364514, 0.00132199481595, 0.00545956892893, 0.00128822447732, 0.000568247691263, 0.00271851452999, 0.0035451662261, 0.00202582264319, 0.00179859041236, 0.000900646671653, 0.000188391917618, 0.00011058941891, 0.000106279476313, 0.000370862020645, 0.000228087752475, 0.000163062504726, 0.000190211329027, 4.34074318036e-05, 4.89629710501e-05, 0.000114834481792, 0.000361795217032, 0.000477863155538, 3.02749522234e-05, 6.77690081829e-07],
        "min": [8.23378698556e-10, 7.80852271731e-09, 1.08688425371e-07, 5.38003845918e-08, 2.97662222692e-06, 3.59323871635e-06, 1.19318121961e-06, 1.82814210348e-06, 2.93242510452e-06, 6.02629006607e-06, 3.33339357894e-06, 3.06554079543e-06, 1.54432473209e-06, 9.63336788118e-07, 3.8029895677e-07, 7.95112896412e-07, 5.5246255215e-07, 7.50607853206e-07, 4.10788601357e-07, 3.26675547058e-07, 2.72332442819e-07, 1.56495900683e-07, 1.46944898916e-07, 3.38192165827e-07, 1.58126425731e-07, 1.58529360306e-07, 1.3888708239e-10],
        "stdev": [7.43958389648e-06, 0.000482864445075, 0.000547514297068, 0.000414940412156, 0.00232532178052, 0.00793176796287, 0.00251214182936, 0.00137243943755, 0.00518044037744, 0.0101460106671, 0.00521173980087, 0.00565369194373, 0.00304452516139, 0.000567470327951, 0.000222726797801, 0.000287620961899, 0.00118064216804, 0.000616672274191, 0.000419633433921, 0.000464228505734, 0.000238798995269, 0.000261224980932, 0.000465682824142, 0.00154298765119, 0.00313953892328, 0.000139772164403, 1.77609661023e-06]
    },
    "erbbands": {
        "max": [0.0676887482405, 1.0847017765, 5.06595087051, 10.9294013977, 19.7440624237, 77.243309021, 327.135742188, 882.732788086, 501.884338379, 590.338623047, 572.811584473, 1152.99816895, 2970.70336914, 2079.73046875, 1252.43591309, 2240.23461914, 1219.82226562, 441.283752441, 391.163238525, 82.9478378296, 245.764678955, 422.652496338, 467.342681885, 365.052734375, 236.151779175, 208.802520752, 241.960861206, 185.593597412, 183.093978882, 124.957687378, 285.146453857, 293.965423584, 417.06463623, 1641.03442383, 180.147155762, 45.7343444824, 2.43647146225, 0.13567198813, 0.00512765534222, 0.00115633301903],
        "mean": [0.00227810791694, 0.0549512729049, 0.318973004818, 0.525736510754, 1.68379950523, 4.66663551331, 17.6273174286, 55.9516639709, 23.8864479065, 16.2238616943, 22.4899940491, 46.5633239746, 105.538612366, 115.451416016, 67.869758606, 60.1752929688, 39.1068840027, 14.0448493958, 8.00063896179, 5.10696315765, 6.76538801193, 20.8780155182, 16.0002365112, 9.7765007019, 8.51118469238, 8.10057353973, 2.98683238029, 1.66235005856, 1.78941166401, 2.13286066055, 3.60284161568, 5.79293966293, 7.32879018784, 8.03251743317, 1.70188498497, 0.239737927914, 0.0486421436071, 0.00490570580587, 0.00016457377933, 4.03916274081e-05],
        "min": [1.72147281319e-06, 2.11965834751e-05, 0.000187783953152, 0.00149988150224, 0.0119152087718, 0.0196376480162, 0.0479233935475, 0.0594720318913, 0.12059533596, 0.0913900211453, 0.133347854018, 0.183523282409, 0.169780924916, 0.162660628557, 0.193695560098, 0.124439254403, 0.127015680075, 0.123268179595, 0.0255754645914, 0.0301502104849, 0.0408508814871, 0.0341995693743, 0.0451902113855, 0.0397096090019, 0.0201611910015, 0.0214125439525, 0.0101239932701, 0.0123089225963, 0.00831540487707, 0.00550186494365, 0.0043438533321, 0.00482051307335, 0.00513524096459, 0.00232447031885, 0.00101181142963, 0.00064200052293, 0.000249821314355, 5.66761300433e-05, 2.39078713093e-06, 9.58044665822e-07],
        "stdev": [0.00626527145505, 0.134405165911, 0.532356977463, 0.990902245045, 2.90749430656, 6.68902778625, 37.7285919189, 87.790512085, 33.1658248901, 33.4430885315, 40.598197937, 83.6927947998, 272.975311279, 260.983673096, 135.259735107, 179.818466187, 120.47530365, 33.7104377747, 24.4163208008, 8.78809547424, 19.1066646576, 63.1300811768, 40.9719619751, 21.3586235046, 19.9923038483, 19.4320755005, 12.0752801895, 8.2478427887, 9.90852165222, 9.45604324341, 14.6377916336, 23.998796463, 32.6928482056, 59.3980941772, 9.70199775696, 1.5710798502, 0.145800203085, 0.0106118535623, 0.000392144807847, 6.15390526946e-05]
    },
    "gfcc": {
        "mean": [-34.3168258667, 74.3960647583, -124.240768433, -14.8451967239, -88.9048843384, 3.83375668526, -51.6670799255, 14.8463439941, -41.4673995972, -8.60866832733, -4.5274105072, -1.76798009872, -5.39115905762],
        "cov": [[2475.37597656, -512.299682617, 41.8721618652, 234.64239502, 174.25112915, 326.901550293, 32.8819541931, 357.373413086, 3.65585875511, -25.9397983551, 119.191688538, -53.1627578735, -157.785812378], [-512.299682617, 1288.86413574, -161.244949341, -76.1960144043, 400.657958984, -128.575454712, 192.824310303, -38.485370636, 1.84922623634, -86.0022354126, 53.293586731, -94.6492156982, -56.3372535706], [41.8721618652, -161.244949341, 852.777160645, 175.257247925, -172.431365967, 242.151428223, -179.242340088, 12.8125114441, 88.0273284912, 50.4308776855, -72.0307846069, 65.8878479004, -6.55897521973], [234.64239502, -76.1960144043, 175.257247925, 405.644470215, 35.8407173157, 14.5906333923, -57.6843070984, 36.0256538391, 65.6666259766, 2.72185397148, -44.8120155334, 22.0622253418, -9.70635509491], [174.25112915, 400.657958984, -172.431365967, 35.8407173157, 410.913452148, 54.193359375, 135.534286499, 69.9943771362, -41.7293205261, -59.0239715576, 46.4114723206, -78.1880874634, -93.8100204468], [326.901550293, -128.575454712, 242.151428223, 14.5906333923, 54.193359375, 428.566772461, 137.639602661, 33.2085380554, -7.0157122612, 45.7179450989, -22.2944698334, -93.0303726196, -95.7456893921], [32.8819541931, 192.824310303, -179.242340088, -57.6843070984, 135.534286499, 137.639602661, 444.942443848, 46.9167976379, -44.8233833313, 57.5816955566, -10.241350174, -122.391899109, -84.3072357178], [357.373413086, -38.485370636, 12.8125114441, 36.0256538391, 69.9943771362, 33.2085380554, 46.9167976379, 230.810653687, 64.2274856567, -59.3221893311, -0.562885046005, -32.5696678162, -19.1714725494], [3.65585875511, 1.84922623634, 88.0273284912, 65.6666259766, -41.7293205261, -7.0157122612, -44.8233833313, 64.2274856567, 150.024871826, -16.5631771088, -53.6911773682, 18.9320793152, 22.7032833099], [-25.9397983551, -86.0022354126, 50.4308776855, 2.72185397148, -59.0239715576, 45.7179450989, 57.5816955566, -59.3221893311, -16.5631771088, 164.415161133, 27.0496311188, -25.2529888153, -7.97245836258], [119.191688538, 53.293586731, -72.0307846069, -44.8120155334, 46.4114723206, -22.2944698334, -10.241350174, -0.562885046005, -53.6911773682, 27.0496311188, 159.10824585, 8.61901092529, -30.3257255554], [-53.1627578735, -94.6492156982, 65.8878479004, 22.0622253418, -78.1880874634, -93.0303726196, -122.391899109, -32.5696678162, 18.9320793152, -25.2529888153, 8.61901092529, 143.128219604, 51.2274055481], [-157.785812378, -56.3372535706, -6.55897521973, -9.70635509491, -93.8100204468, -95.7456893921, -84.3072357178, -19.1714725494, 22.7032833099, -7.97245836258, -30.3257255554, 51.2274055481, 123.318595886]],
        "icov": [[0.000798316847067, 0.000169992345036, 0.000357954093488, -0.000461800867924, -1.78431018867e-05, -0.000716512266081, 0.000367659493349, -0.00130381551571, 0.000401163473725, -0.000223197683226, -0.000400608376367, -0.000404690043069, 0.000541882356629], [0.000169992345036, 0.00237263203599, -0.00137784099206, 0.000694439455401, -0.00265868054703, 0.0019851422403, -0.00161062087864, 0.00228888308629, -0.00219775759615, 0.00191509083379, -0.00171228405088, 0.00213079783134, -0.000721479183994], [0.000357954093488, -0.00137784099206, 0.00353929586709, -0.00130980252288, 0.00229948316701, -0.00345809408464, 0.00242447527125, -0.00274302484468, 0.00139569060411, -0.00230688625015, 0.00171936838888, -0.0029649019707, 0.00145747698843], [-0.000461800867924, 0.000694439455401, -0.00130980252288, 0.00369998486713, -0.00182620750275, 0.00154484587256, -0.000401938741561, 0.00127966434229, -0.00177351327147, -7.1283786383e-05, 0.000674492621329, 0.000463793228846, -2.25928233704e-05], [-1.78431018867e-05, -0.00265868054703, 0.00229948316701, -0.00182620750275, 0.00716251134872, -0.00269747292623, 0.00130971334875, -0.00323291239329, 0.00313534983434, -0.000271675671684, 0.000730804516934, -0.00146450975444, 0.00268148840405], [-0.000716512266081, 0.0019851422403, -0.00345809408464, 0.00154484587256, -0.00269747292623, 0.00716019095853, -0.00296963355504, 0.00354035641067, -0.00218829256482, 0.00193286931608, -0.000863519031554, 0.00436591962352, 0.000457064306829], [0.000367659493349, -0.00161062087864, 0.00242447527125, -0.000401938741561, 0.00130971334875, -0.00296963355504, 0.00569761218503, -0.00375455361791, 0.00270889792591, -0.00385082163848, 0.00287615926936, -0.00121287256479, 0.00229755276814], [-0.00130381551571, 0.00228888308629, -0.00274302484468, 0.00127966434229, -0.00323291239329, 0.00354035641067, -0.00375455361791, 0.0117755280808, -0.00669980421662, 0.00578107545152, -0.00342153455131, 0.00509316148236, -0.0024643917568], [0.000401163473725, -0.00219775759615, 0.00139569060411, -0.00177351327147, 0.00313534983434, -0.00218829256482, 0.00270889792591, -0.00669980421662, 0.0127102155238, -0.00309029151686, 0.00468723522499, -0.00345346494578, 0.000987843493931], [-0.000223197683226, 0.00191509083379, -0.00230688625015, -7.1283786383e-05, -0.000271675671684, 0.00193286931608, -0.00385082163848, 0.00578107545152, -0.00309029151686, 0.0117352176458, -0.00508311018348, 0.00485953176394, -0.00191993347835], [-0.000400608376367, -0.00171228405088, 0.00171936838888, 0.000674492621329, 0.000730804516934, -0.000863519031554, 0.00287615926936, -0.00342153455131, 0.00468723522499, -0.00508311018348, 0.0112917190418, -0.00409086653963, 0.00345418904908], [-0.000404690043069, 0.00213079783134, -0.0029649019707, 0.000463793228846, -0.00146450975444, 0.00436591962352, -0.00121287256479, 0.00509316148236, -0.00345346494578, 0.00485953176394, -0.00409086653963, 0.0145165296271, -0.00351357785985], [0.000541882356629, -0.000721479183994, 0.00145747698843, -2.25928233704e-05, 0.00268148840405, 0.000457064306829, 0.00229755276814, -0.0024643917568, 0.000987843493931, -0.00191993347835, 0.00345418904908, -0.00351357785985, 0.0141338827088]]
    },
    "melbands": {
        "max": [0.000931597547606, 0.0019045912195, 0.00162587489467, 0.00221464666538, 0.0101894270629, 0.0169504601508, 0.00655166478828, 0.00517511274666, 0.00482733314857, 0.0108227133751, 0.0146929277107, 0.00890281889588, 0.0058812876232, 0.00666900770739, 0.00519580114633, 0.00208654929884, 0.000648668559734, 0.00087090494344, 0.00018160577747, 0.000122813959024, 0.000321921892464, 0.000426999409683, 0.00112751545385, 0.000431495631346, 0.000356563308742, 0.000179834023584, 0.000352993403794, 0.000182712537935, 0.000175304332515, 0.000123865160276, 0.000101940298919, 0.000112531233754, 7.63068455853e-05, 7.49719547457e-05, 0.000158147013281, 0.000195181579329, 0.000207166580367, 0.000345668348018, 0.000516223313753, 0.00210596155375],
        "mean": [3.67563261534e-05, 0.000134428104502, 0.000114734037197, 0.000226260526688, 0.000535398547072, 0.00116044597235, 0.000365603104001, 0.000157648857567, 0.000207989432965, 0.0003412165388, 0.000550841330551, 0.000494472915307, 0.000245885719778, 0.00022662995616, 0.000111111941806, 6.86166822561e-05, 2.01056518563e-05, 1.37086281029e-05, 8.45386057335e-06, 5.06046853843e-06, 7.9239034676e-06, 1.82589519682e-05, 2.33621249208e-05, 1.12990383059e-05, 7.41673056837e-06, 6.09625794823e-06, 7.20046091374e-06, 5.08827361045e-06, 2.23413189815e-06, 9.36405854191e-07, 9.52304844759e-07, 1.04588912109e-06, 8.79152196376e-07, 1.31025649353e-06, 1.79630183084e-06, 2.88168325824e-06, 3.71537407773e-06, 5.11237203682e-06, 5.47261061001e-06, 7.5444918366e-06],
        "min": [6.26432727913e-09, 7.2040485577e-08, 5.316487659e-07, 5.49433934793e-07, 1.14566933007e-06, 8.1107970118e-07, 2.13100815927e-06, 5.66578137295e-07, 5.69525127503e-07, 4.96144480167e-07, 8.63781679072e-07, 6.93993854384e-07, 5.34138848707e-07, 5.71775501612e-07, 7.48782724713e-08, 1.63563825595e-07, 6.71038620226e-08, 2.80164353939e-08, 2.90952009152e-08, 3.57777665272e-08, 3.47834472336e-08, 3.04222815828e-08, 3.3552108647e-08, 3.16643422593e-08, 2.15674909043e-08, 1.52703183431e-08, 1.39984868142e-08, 1.32297861555e-08, 5.95756288746e-09, 4.54933068994e-09, 3.05702263503e-09, 8.26221202566e-10, 2.17436291194e-09, 2.11580153398e-09, 2.45382358877e-09, 1.42154721328e-09, 2.95635693703e-09, 3.34365002352e-09, 1.94515936691e-09, 1.36287980901e-09],
        "stdev": [0.000101712459582, 0.00022666042787, 0.000166337180417, 0.000308352347929, 0.00108885194641, 0.0017402615631, 0.000505337317009, 0.000327303860104, 0.000379867415177, 0.000672596681397, 0.00145409593824, 0.00116219790652, 0.000507352466229, 0.000774792162701, 0.000410720094806, 0.000225014708121, 5.03823393956e-05, 5.23160342709e-05, 1.71205520019e-05, 9.61236219155e-06, 2.79178475466e-05, 5.65133159398e-05, 9.09024602151e-05, 2.83235258394e-05, 1.88744779734e-05, 1.62051856023e-05, 1.9799801521e-05, 1.3513345948e-05, 8.53793881106e-06, 5.75184503759e-06, 4.60901401311e-06, 6.00386283622e-06, 4.73246655019e-06, 5.83684095545e-06, 7.37299660614e-06, 1.26768063637e-05, 1.5864497982e-05, 2.38509037445e-05, 2.78721508948e-05, 6.8253299105e-05]
    },
    "melbands128": {
        "max": [5.27503798367e-05, 0.000245544710197, 0.00148354505654, 0.0020402749069, 0.00238810200244, 0.00258392770775, 0.0026309969835, 0.00187451182865, 0.00224824156612, 0.00309924944304, 0.00414125341922, 0.0124695003033, 0.016023632139, 0.0219888407737, 0.0273248851299, 0.0202416125685, 0.01221476309, 0.00712274294347, 0.0113089522347, 0.00939845945686, 0.00539732351899, 0.00868635158986, 0.00849859975278, 0.00846519321203, 0.00562404887751, 0.0174017846584, 0.0313865616918, 0.0286811552942, 0.0308507420123, 0.0205119792372, 0.0153573127463, 0.0208500605077, 0.00475508905947, 0.00741710001603, 0.0119705526158, 0.0141120804474, 0.0088748279959, 0.00796633958817, 0.00892751850188, 0.00281578535214, 0.00454120663926, 0.00278156483546, 0.000817484746221, 0.000923410523683, 0.00210860930383, 0.00132445502095, 0.000522040005308, 0.000305358669721, 0.000361274898751, 0.000181144219823, 0.000181133917067, 0.000305212830426, 0.000654184026644, 0.000812771555502, 0.000422619341407, 0.000821324414574, 0.00119502912275, 0.00218345294707, 0.0015686355764, 0.00059190770844, 0.000910617702175, 0.000598705664743, 0.000220805231947, 0.00089774443768, 0.000466230965685, 0.000294132594718, 0.000188086836715, 0.000481605529785, 0.000545568240341, 0.000194221938727, 0.00026074523339, 0.000516984437127, 0.000166835437994, 0.000196002714802, 0.000172026804648, 0.000157296119141, 0.000105771003291, 0.000151903979713, 8.15449166112e-05, 9.57027004915e-05, 9.93458816083e-05, 0.000171958177816, 0.000124746817164, 9.19545709621e-05, 8.008635632e-05, 9.50270041358e-05, 0.000106009269075, 9.31912072701e-05, 0.000139599229442, 0.000388098444091, 0.000217273627641, 0.000296325481031, 0.000187721743714, 0.000235059080296, 0.000359709811164, 0.000355421623681, 0.000547644798644, 0.000281987915514, 0.000753678905312, 0.000559810956474, 0.0020776016172, 0.00451805675402, 0.000645983498544, 0.000247825082624, 0.000131857334054, 0.0002823350369, 0.000298170372844, 0.00012776053336, 4.59479924757e-05, 2.22192902584e-05, 1.20472786875e-05, 1.20676941151e-05, 6.93265019436e-06, 3.94774178858e-06, 1.32185516577e-06, 1.04013076907e-06, 6.966699857e-07, 1.92803241816e-07, 5.18246991987e-08, 5.66855575812e-08, 4.8480440995e-08, 7.64868488545e-08, 4.17373229311e-08, 1.72997527415e-08, 1.64267870417e-08, 1.62469895315e-08, 1.60994275689e-08, 1.6013512294e-08],
        "mean": [1.92422794498e-06, 5.2796149248e-06, 5.1327082474e-05, 9.64472710621e-05, 0.000153120752657, 0.000158996146638, 0.000106404680992, 6.73628601362e-05, 0.000163893360877, 0.000256599392742, 0.000228845136007, 0.000322472100379, 0.000524137576576, 0.000870759191457, 0.00153093982954, 0.00125365087297, 0.000361429119948, 0.000222527800361, 0.000330292939907, 0.000149761661305, 8.91039526323e-05, 0.000124549376778, 0.000233322120039, 0.000315089040669, 0.00015083544713, 0.000421314354753, 0.000600804167334, 0.000392970629036, 0.000791032915004, 0.000451605999842, 0.000454951223219, 0.000437755486928, 0.000182592993951, 0.000107513966213, 0.000350928778062, 0.000241261033807, 6.56868724036e-05, 0.000132730201585, 0.000123332210933, 6.11118666711e-05, 8.0044628703e-05, 3.45456064679e-05, 1.64075445355e-05, 1.08936183096e-05, 2.11831447814e-05, 1.31225278892e-05, 7.30011106498e-06, 1.02717285699e-05, 7.86407144915e-06, 5.6980888985e-06, 4.24079871664e-06, 4.55556391898e-06, 9.17816760193e-06, 1.04099699456e-05, 2.94984192806e-06, 1.50527957885e-05, 3.36488046742e-05, 3.81889258279e-05, 1.18220787044e-05, 9.56531039265e-06, 1.49786646944e-05, 1.04536429717e-05, 4.09128551837e-06, 7.71101167629e-06, 1.07063624455e-05, 5.26442818227e-06, 3.28504120262e-06, 7.59833847042e-06, 9.3540393209e-06, 4.6166555876e-06, 5.18656906934e-06, 5.68708173887e-06, 3.13732425639e-06, 1.58270381689e-06, 1.0769332448e-06, 9.3979065241e-07, 8.52133894114e-07, 8.93799438018e-07, 9.78633693194e-07, 9.80509184956e-07, 1.08205290417e-06, 1.08004155663e-06, 9.52865946147e-07, 7.45847216876e-07, 8.9661449465e-07, 1.21554489851e-06, 1.50357493567e-06, 1.44577688843e-06, 1.67742507529e-06, 2.15100772039e-06, 2.39312635131e-06, 3.20247363561e-06, 3.52392112291e-06, 3.43625424648e-06, 3.93520076614e-06, 4.82164705318e-06, 6.14132704868e-06, 4.36276013716e-06, 4.78160518469e-06, 6.1402602114e-06, 7.71255236032e-06, 9.96046128421e-06, 4.48857053925e-06, 1.89540867268e-06, 1.21261155073e-06, 1.12631425964e-06, 7.31359932615e-07, 4.10941595419e-07, 2.89187255476e-07, 2.22817391204e-07, 2.14059610926e-07, 1.92886474792e-07, 1.31551260552e-07, 1.08822781897e-07, 7.29596081328e-08, 4.13709457803e-08, 2.27412915166e-08, 4.05437239337e-09, 4.00852823157e-10, 5.63031732348e-10, 6.34456043258e-10, 8.97410867839e-10, 6.11664052741e-10, 5.21601095649e-11, 2.95137143891e-11, 2.88622285793e-11, 2.84148451296e-11, 2.81940512603e-11],
        "min": [1.47091228087e-10, 5.34772781613e-10, 2.61910071409e-09, 1.92666815835e-09, 2.80877472392e-08, 3.40642358765e-08, 1.58650195203e-08, 2.83933196954e-08, 1.06756928631e-07, 1.45257459394e-07, 1.44944365843e-07, 2.166389379e-07, 2.28788206158e-08, 4.04845934554e-07, 5.91194179833e-07, 7.09846631253e-07, 5.95540313952e-07, 1.5212660287e-07, 1.47344579204e-07, 2.44957504947e-07, 1.34275865094e-07, 6.95535504747e-08, 1.10696291244e-07, 2.40435475973e-08, 5.10634130535e-08, 1.34739920554e-07, 5.84395785097e-08, 5.50481217942e-07, 3.03475871988e-07, 2.24521755854e-07, 8.45921306336e-08, 1.27075850287e-07, 2.09306321608e-07, 2.2190668858e-07, 2.02255534987e-07, 1.06723362592e-07, 5.26117354127e-08, 4.57268818366e-08, 3.08158760731e-08, 3.48103661452e-08, 9.81901067121e-08, 2.17564526395e-08, 2.32902515052e-08, 1.70106826403e-08, 1.96157046162e-08, 2.54586165482e-08, 1.65077107539e-08, 2.34618298123e-08, 3.04321794431e-08, 7.63058682907e-09, 1.52017687327e-08, 1.60438382579e-08, 1.49006877947e-08, 8.73214212049e-09, 2.02514058856e-08, 1.99328802353e-08, 7.31934113318e-09, 1.69618594725e-08, 2.20538165507e-08, 1.56718051869e-08, 1.64933435798e-08, 1.01612398495e-08, 8.53164650039e-09, 4.11184419846e-09, 8.4270581624e-09, 4.0185521577e-09, 7.47544692814e-09, 2.95924262872e-09, 4.36988667474e-09, 8.76601990996e-09, 8.62769855559e-09, 1.37836684289e-08, 4.13420675471e-09, 1.85113147033e-09, 7.26126492268e-10, 7.4703049302e-10, 9.45132971886e-10, 1.16609699674e-09, 4.70522787399e-10, 2.6594940139e-10, 6.69171218437e-10, 1.23394891527e-10, 1.5032554368e-10, 1.06549591372e-09, 4.77951955791e-10, 3.99786342919e-10, 1.68350644536e-09, 1.40303046958e-09, 1.42223455235e-09, 1.76496772752e-09, 4.03421129835e-10, 8.20358114773e-10, 2.4226807227e-09, 1.84729820329e-09, 5.01647945406e-10, 1.77007630775e-09, 1.57391777389e-09, 3.53565510203e-09, 1.15681919599e-09, 8.51392290002e-10, 7.9156886601e-10, 7.82064746296e-10, 4.41889580483e-11, 2.48953857529e-10, 3.22173884792e-11, 1.98866548229e-11, 7.08420735268e-13, 3.30821915001e-12, 2.33780373532e-11, 1.1069585526e-10, 4.69148955795e-11, 2.40213994529e-11, 1.86861151552e-10, 9.83607292837e-11, 1.51058159037e-11, 2.17579385065e-10, 2.45690685678e-12, 2.84829722742e-13, 2.61542008754e-13, 1.92660720277e-13, 2.36768991999e-13, 2.11346375513e-13, 2.56937591862e-13, 2.29471416912e-13, 1.47476486318e-13, 6.26110762628e-14, 9.59212889646e-15, 3.00288823441e-16],
        "stdev": [3.90796276406e-06, 1.47593527799e-05, 0.000156301437528, 0.000253637204878, 0.000267366267508, 0.000263299327344, 0.000230957026361, 0.000176611138158, 0.000332056777552, 0.000446241727332, 0.000332902884111, 0.0010067243129, 0.00149065174628, 0.00213359016925, 0.00282225501724, 0.00205242307857, 0.000719627714716, 0.000487541110488, 0.000884489738382, 0.000398580217734, 0.000280645152088, 0.000472102226922, 0.000482252478832, 0.000633644580375, 0.00040292320773, 0.00107226381078, 0.00199483148754, 0.00157693540677, 0.00311556877568, 0.00155969324987, 0.00154337834101, 0.00140581140295, 0.000459217320895, 0.000514480110724, 0.00132926215883, 0.0010865990771, 0.000416725466494, 0.000591143965721, 0.000681041914504, 0.000253143691225, 0.000375528063159, 0.000144194840686, 5.10853242304e-05, 4.11684486608e-05, 0.000111406654469, 6.5491964051e-05, 2.46945892286e-05, 2.5873832783e-05, 2.49179793173e-05, 1.55548732437e-05, 1.27555304061e-05, 1.46953771036e-05, 3.20191102219e-05, 5.73276956857e-05, 1.60266645253e-05, 7.0602975029e-05, 0.000128416679217, 0.00019404295017, 7.42941483622e-05, 3.31248993461e-05, 5.13874801982e-05, 3.81194731744e-05, 1.36347798616e-05, 3.58143443009e-05, 3.79478769901e-05, 2.13133625948e-05, 1.09566171886e-05, 2.73270470643e-05, 3.05049143208e-05, 1.39757348734e-05, 1.78039936145e-05, 2.13582861761e-05, 1.08100539364e-05, 9.17473880691e-06, 7.35638695915e-06, 6.31589227851e-06, 4.78968286188e-06, 5.32699823452e-06, 4.39374298367e-06, 5.31249315827e-06, 5.92648484599e-06, 7.50783146941e-06, 5.87022668697e-06, 4.22404582423e-06, 4.85772034153e-06, 6.27263034403e-06, 7.14711586625e-06, 6.58832504996e-06, 6.93621404935e-06, 1.23685058497e-05, 1.09791271825e-05, 1.65452529473e-05, 1.446735223e-05, 1.42295002661e-05, 2.00627619051e-05, 2.45075461862e-05, 3.13872442348e-05, 1.88969297596e-05, 2.90016068902e-05, 3.29033973685e-05, 6.62908933009e-05, 0.000129990483401, 2.91517171718e-05, 1.09045067802e-05, 6.82546578901e-06, 9.18885234569e-06, 8.60277577885e-06, 3.90478680856e-06, 2.05279457077e-06, 1.01785099105e-06, 7.33681588372e-07, 6.15037322405e-07, 3.78937983214e-07, 2.70695721838e-07, 1.50701538359e-07, 8.46035561608e-08, 6.38898569605e-08, 1.39412454914e-08, 2.4378472574e-09, 3.0986542221e-09, 2.7119992918e-09, 4.75117589716e-09, 3.09274117427e-09, 6.60754839732e-10, 6.29448493328e-10, 6.21704909776e-10, 6.15572093299e-10, 6.11985295773e-10]
    },
    "mfcc": {
        "mean": [-681.568786621, 120.968490601, 4.82250452042, -20.7383232117, -11.7117052078, -33.2055015564, 4.90664720535, -4.95664787292, -16.5772647858, -5.16700744629, -16.2731132507, -4.53101205826, -5.79107236862],
        "cov": [[2443.38476562, -592.636047363, -69.4897689819, 10.6642713547, 259.482269287, -76.3801193237, 229.576156616, 235.710693359, -50.2442741394, 258.028717041, 88.9338912964, 55.7297439575, 75.4220123291], [-592.636047363, 1259.91235352, -380.462280273, 108.130714417, 60.9640235901, -8.55844783783, 163.233428955, 37.9158744812, -19.5872383118, 25.0422649384, 22.7710876465, 32.0893096924, -1.81211459637], [-69.4897689819, -380.462280273, 989.667602539, -94.4970626831, 100.573562622, 143.446044922, -196.003234863, -6.28430604935, 103.212364197, -122.54561615, 70.5052490234, 77.6405258179, -8.42274665833], [10.6642713547, 108.130714417, -94.4970626831, 388.108764648, 48.7397727966, -31.0758991241, -40.8535881042, 13.8701295853, 27.2225761414, -28.1859016418, -49.1157493591, 85.0593948364, -11.7252788544], [259.482269287, 60.9640235901, 100.573562622, 48.7397727966, 417.42980957, -52.1847991943, -21.362827301, 91.8708572388, -49.9055633545, 6.62558937073, -34.3507881165, 47.8052749634, 1.34045910835], [-76.3801193237, -8.55844783783, 143.446044922, -31.0758991241, -52.1847991943, 367.536468506, 118.109909058, -17.8132190704, 47.352771759, 27.5711669922, 113.701286316, -37.3934135437, 20.0317001343], [229.576156616, 163.233428955, -196.003234863, -40.8535881042, -21.362827301, 118.109909058, 401.330627441, 60.5909767151, -50.1945304871, 178.028869629, 114.704193115, -73.211151123, 80.654838562], [235.710693359, 37.9158744812, -6.28430604935, 13.8701295853, 91.8708572388, -17.8132190704, 60.5909767151, 245.361251831, 52.3294487, 68.9160232544, 27.2931442261, 4.05812120438, 4.88063144684], [-50.2442741394, -19.5872383118, 103.212364197, 27.2225761414, -49.9055633545, 47.352771759, -50.1945304871, 52.3294487, 227.261810303, 27.4399280548, 23.8277854919, 8.15878391266, -42.5890197754], [258.028717041, 25.0422649384, -122.54561615, -28.1859016418, 6.62558937073, 27.5711669922, 178.028869629, 68.9160232544, 27.4399280548, 236.591567993, 67.9116363525, -31.5393466949, 23.7003631592], [88.9338912964, 22.7710876465, 70.5052490234, -49.1157493591, -34.3507881165, 113.701286316, 114.704193115, 27.2931442261, 23.8277854919, 67.9116363525, 172.079421997, -7.35660552979, 25.6221237183], [55.7297439575, 32.0893096924, 77.6405258179, 85.0593948364, 47.8052749634, -37.3934135437, -73.211151123, 4.05812120438, 8.15878391266, -31.5393466949, -7.35660552979, 134.457382202, 4.60139560699], [75.4220123291, -1.81211459637, -8.42274665833, -11.7252788544, 1.34045910835, 20.0317001343, 80.654838562, 4.88063144684, -42.5890197754, 23.7003631592, 25.6221237183, 4.60139560699, 119.839271545]],
        "icov": [[0.000735776207875, 0.000530780525878, 0.000210504964343, 1.41570853884e-06, -0.000437160837464, 0.000184672200703, -0.000441443931777, -0.000374580471544, 6.79714939906e-05, -0.000330878741806, -0.000303660141071, -0.000675624527503, 2.67294508376e-05], [0.000530780525878, 0.00142044771928, 0.000634737720247, -2.620444684e-05, -0.000621519633569, 0.000115352675493, -0.000921195081901, -0.000222604518058, -0.000247703661444, 0.000345627951901, -0.000479333073599, -0.00109231134411, 0.000334238400683], [0.000210504964343, 0.000634737720247, 0.00196784292348, 0.000635599601083, -0.000884367444087, -0.0006649470306, 0.000495134969242, -3.60451449524e-05, -0.000804229581263, 0.000818540516775, -0.00109673757106, -0.00118584593292, -0.000300791725749], [1.41570853884e-06, -2.620444684e-05, 0.000635599601083, 0.00348199252039, -0.000357674027327, -0.000386351486668, -0.0003060165036, -3.55723459506e-05, -0.000800626934506, 0.000525190902408, 0.000900561804883, -0.00249486975372, 0.000174909815541], [-0.000437160837464, -0.000621519633569, -0.000884367444087, -0.000357674027327, 0.00359834241681, -2.02796527446e-05, 0.000453812273918, -0.00123064231593, 0.0014744362561, -0.000589539296925, 0.00117662735283, -0.000106904604763, 0.000269535405096], [0.000184672200703, 0.000115352675493, -0.0006649470306, -0.000386351486668, -2.02796527446e-05, 0.00429522385821, -0.00157498172484, 0.00072963029379, -0.000917629979085, 0.000658590404782, -0.00195458973758, 0.000948352389969, 3.86560495826e-05], [-0.000441443931777, -0.000921195081901, 0.000495134969242, -0.0003060165036, 0.000453812273918, -0.00157498172484, 0.00719059351832, -0.000713013054337, 0.0018070966471, -0.00324873160571, -0.00193833117373, 0.00276220706291, -0.00269039254636], [-0.000374580471544, -0.000222604518058, -3.60451449524e-05, -3.55723459506e-05, -0.00123064231593, 0.00072963029379, -0.000713013054337, 0.00572079140693, -0.00192780490033, -0.000344673462678, -0.000490557285957, 0.000346040615113, -0.000160292052897], [6.79714939906e-05, -0.000247703661444, -0.000804229581263, -0.000800626934506, 0.0014744362561, -0.000917629979085, 0.0018070966471, -0.00192780490033, 0.00680591911077, -0.00214764173143, -0.000235801504459, 0.000276674021734, 0.00170104706194], [-0.000330878741806, 0.000345627951901, 0.000818540516775, 0.000525190902408, -0.000589539296925, 0.000658590404782, -0.00324873160571, -0.000344673462678, -0.00214764173143, 0.00810162071139, -0.00135217607021, -0.000171238367329, 0.000349603273207], [-0.000303660141071, -0.000479333073599, -0.00109673757106, 0.000900561804883, 0.00117662735283, -0.00195458973758, -0.00193833117373, -0.000490557285957, -0.000235801504459, -0.00135217607021, 0.0101536102593, -0.00144262658432, -9.88996471278e-05], [-0.000675624527503, -0.00109231134411, -0.00118584593292, -0.00249486975372, -0.000106904604763, 0.000948352389969, 0.00276220706291, 0.000346040615113, 0.000276674021734, -0.000171238367329, -0.00144262658432, 0.0119678340852, -0.00196809857152], [2.67294508376e-05, 0.000334238400683, -0.000300791725749, 0.000174909815541, 0.000269535405096, 3.86560495826e-05, -0.00269039254636, -0.000160292052897, 0.00170104706194, 0.000349603273207, -9.88996471278e-05, -0.00196809857152, 0.0107685662806]]
    },
    "spectral_contrast_coeffs": {
        "max": [-0.304423600435, -0.466343909502, -0.414617866278, -0.515693366528, -0.525741219521, -0.666629552841],
        "mean": [-0.642684340477, -0.681817531586, -0.680238544941, -0.776282310486, -0.75456738472, -0.801766455173],
        "min": [-0.928161203861, -0.89178955555, -0.88997977972, -0.912363290787, -0.889266431332, -0.954067289829],
        "stdev": [0.0916263982654, 0.0730823650956, 0.0894029289484, 0.0644858852029, 0.0722828060389, 0.0324358716607]
    },
    "spectral_contrast_valleys": {
        "max": [-5.6437420845, -5.43905735016, -5.69969463348, -6.42721748352, -6.29434394836, -7.27681350708],
        "mean": [-8.037358284, -6.86463546753, -7.39702892303, -8.31491279602, -8.43922615051, -10.4751110077],
        "min": [-10.4800853729, -9.11293125153, -9.21463775635, -9.87945842743, -10.2227602005, -12.7730083466],
        "stdev": [0.838910639286, 0.615678727627, 0.549575686455, 0.610501885414, 0.588121891022, 0.95511585474]
    }
},
"rhythm": {
    "beats_count": 71,
    "beats_loudness": {
        "max": 0.0853105708957,
        "mean": 0.0262620151043,
        "min": 0.00145086937118,
        "stdev": 0.0168506912887
    },
    "bpm": 143.24230957,
    "bpm_histogram_first_peak_bpm": 144,
    "bpm_histogram_first_peak_weight": 0.45454543829,
    "bpm_histogram_second_peak_bpm": 136,
    "bpm_histogram_second_peak_spread": 0.416666686535,
    "bpm_histogram_second_peak_weight": 0.20000000298,
    "danceability": 1.0389881134,
    "onset_rate": 2.76855444908,
    "beats_loudness_band_ratio": {
        "max": [0.389585584402, 0.945606291294, 0.819643378258, 0.945701360703, 0.38690829277, 0.803928136826],
        "mean": [0.0431613214314, 0.324624806643, 0.244088426232, 0.300945699215, 0.0441679246724, 0.0875327587128],
        "min": [0.0004845939402, 0.00479581672698, 0.0218123681843, 0.00467760162428, 0.00200262758881, 0.000653582275845],
        "stdev": [0.0672897398472, 0.294008493423, 0.187131851912, 0.283437401056, 0.0783400312066, 0.191693931818]
    },
