{
"metadata": {
    "version": {
        "essentia": "2.1-beta5",
        "essentia_git_sha": "Undefined",
        "extractor": "music 2.0"
    },
    "audio_properties": {
        "analysis": {
            "equal_loudness": 0,
            "length": 32.4963264465,
            "sample_rate": 44100,
            "start_time": 110.248344421,
            "downmix": "mix"
        },
        "bit_rate": 192000,
        "length": 199.784500122,
        "lossless": 0,
        "number_channels": 2,
        "replay_gain": 3.56437110901,
        "sample_rate": 48000,
        "codec": "mp3",
        "md5_encoded": "9bd5e4df84d6337238752bcbd5cd8a27"
    },
    "tags": {
        "file_name": "North MacedoniaNorth MacedoniaN_Neshto Shto Ke Ostane_Next Time.mp3",
        "encoding": ["Lavf58.29.100"]
    }
},
"lowlevel": {
    "average_loudness": 0.98627102375,
    "barkbands_crest": {
        "max": 23.2070732117,
        "mean": 8.68790531158,
        "min": 2.81289052963,
        "stdev": 3.53051972389
    },
    "barkbands_flatness_db": {
        "max": 0.24787697196,
        "mean": 0.115743249655,
        "min": 0.0397775992751,
        "stdev": 0.0265315603465
    },
    "barkbands_kurtosis": {
        "max": 43.0955543518,
        "mean": 0.775996387005,
        "min": -1.83818805218,
        "stdev": 2.98110890388
    },
    "barkbands_skewness": {
        "max": 6.15249919891,
        "mean": 1.07716965675,
        "min": -0.451205044985,
        "stdev": 0.743784070015
    },
    "barkbands_spread": {
        "max": 88.4909973145,
        "mean": 30.2064990997,
        "min": 4.29229450226,
        "stdev": 9.94047260284
    },
    "dissonance": {
        "max": 0.499999940395,
        "mean": 0.477994143963,
        "min": 0.250997126102,
        "stdev": 0.0186899919063
    },
    "dynamic_complexity": 1.06163215637,
    "erbbands_crest": {
        "max": 27.5595912933,
        "mean": 7.66690158844,
        "min": 2.85635900497,
        "stdev": 3.14848613739
    },
    "erbbands_flatness_db": {
        "max": 0.276116758585,
        "mean": 0.146563336253,
        "min": 0.0590779706836,
        "stdev": 0.032041888684
    },
    "erbbands_kurtosis": {
        "max": 15.9308776855,
        "mean": -0.297660291195,
        "min": -1.57990908623,
        "stdev": 1.05537557602
    },
    "erbbands_skewness": {
        "max": 3.24524331093,
        "mean": -0.220098853111,
        "min": -2.568764925,
        "stdev": 0.544240415096
    },
    "erbbands_spread": {
        "max": 108.790763855,
        "mean": 39.6555480957,
        "min": 7.00740480423,
        "stdev": 15.0504589081
    },
    "hfc": {
        "max": 76.019493103,
        "mean": 28.0073280334,
        "min": 0.281264066696,
        "stdev": 10.8275213242
    },
    "loudness_ebu128": {
        "integrated": -25.4901866913,
        "loudness_range": 0.858140945435,
        "momentary": {
            "max": -24.4440155029,
            "mean": -25.5396442413,
            "min": -29.1013698578,
            "stdev": 0.677558481693
        },
        "short_term": {
            "max": -24.831703186,
            "mean": -25.4598064423,
            "min": -26.5583667755,
            "stdev": 0.319050937891
        }
    },
    "melbands_crest": {
        "max": 27.5562019348,
        "mean": 13.3221740723,
        "min": 4.11367797852,
        "stdev": 4.71934652328
    },
    "melbands_flatness_db": {
        "max": 0.348456293344,
        "mean": 0.166416913271,
        "min": 0.0674265772104,
        "stdev": 0.0359469130635
    },
    "melbands_kurtosis": {
        "max": 113.16519165,
        "mean": 7.5782365799,
        "min": -0.979671001434,
        "stdev": 10.1485977173
    },
    "melbands_skewness": {
        "max": 9.19592857361,
        "mean": 2.30689454079,
        "min": -0.536545872688,
        "stdev": 1.2374535799
    },
    "melbands_spread": {
        "max": 79.3658447266,
        "mean": 30.7761001587,
        "min": 2.64510345459,
        "stdev": 12.0142631531
    },
    "pitch_salience": {
        "max": 0.840582251549,
        "mean": 0.562294781208,
        "min": 0.17995133996,
        "stdev": 0.0947151407599
    },
    "silence_rate_20dB": {
        "max": 1,
        "mean": 1,
        "min": 1,
        "stdev": 0
    },
    "silence_rate_30dB": {
        "max": 1,
        "mean": 1,
        "min": 1,
        "stdev": 0
    },
    "silence_rate_60dB": {
        "max": 0,
        "mean": 0,
        "min": 0,
        "stdev": 0
    },
    "spectral_centroid": {
        "max": 2896.8371582,
        "mean": 1723.67419434,
        "min": 507.69821167,
        "stdev": 374.168426514
    },
    "spectral_complexity": {
        "max": 51,
        "mean": 31.8044261932,
        "min": 0,
        "stdev": 6.87548303604
    },
    "spectral_decrease": {
        "max": -6.25578894242e-11,
        "mean": -8.40108693723e-09,
        "min": -3.60896450502e-08,
        "stdev": 4.23561008489e-09
    },
    "spectral_energy": {
        "max": 0.142184436321,
        "mean": 0.0342480055988,
        "min": 0.000261619570665,
        "stdev": 0.0165030378848
    },
    "spectral_energyband_high": {
        "max": 0.00694378791377,
        "mean": 0.000969027867541,
        "min": 2.73470982393e-06,
        "stdev": 0.000894171360414
    },
    "spectral_energyband_low": {
        "max": 0.106365032494,
        "mean": 0.0118358405307,
        "min": 4.24164027208e-05,
        "stdev": 0.0120095312595
    },
    "spectral_energyband_middle_high": {
        "max": 0.019895657897,
        "mean": 0.00727462768555,
        "min": 0.000103876911453,
        "stdev": 0.00309026334435
    },
    "spectral_energyband_middle_low": {
        "max": 0.129977762699,
        "mean": 0.0156065197662,
        "min": 0.000122581113828,
        "stdev": 0.0127709899098
    },
    "spectral_entropy": {
        "max": 8.62564086914,
        "mean": 7.79783964157,
        "min": 6.66916513443,
        "stdev": 0.207623809576
    },
    "spectral_flux": {
        "max": 0.344936877489,
        "mean": 0.10533233732,
        "min": 0.0305303391069,
        "stdev": 0.0428849197924
    },
    "spectral_kurtosis": {
        "max": 19.8244380951,
        "mean": 4.12769126892,
        "min": -0.553215503693,
        "stdev": 1.74329388142
    },
    "spectral_rms": {
        "max": 0.0117777977139,
        "mean": 0.00563928484917,
        "min": 0.000505211472046,
        "stdev": 0.00126930442639
    },
    "spectral_rolloff": {
        "max": 9948.33984375,
        "mean": 1877.58435059,
        "min": 86.1328125,
        "stdev": 1096.33544922
    },
    "spectral_skewness": {
        "max": 3.78317809105,
        "mean": 1.36209261417,
        "min": 0.659970700741,
        "stdev": 0.24267937243
    },
    "spectral_spread": {
        "max": 12393353,
        "mean": 4099703.5,
        "min": 2377594.5,
        "stdev": 1280265.125
    },
    "spectral_strongpeak": {
        "max": 6.3259139061,
        "mean": 0.817847728729,
        "min": 0.00978013314307,
        "stdev": 0.938560605049
    },
    "zerocrossingrate": {
        "max": 0.19580078125,
        "mean": 0.0652275457978,
        "min": 0.01220703125,
        "stdev": 0.0216405801475
    },
    "barkbands": {
        "max": [0.00321675674058, 0.0765911415219, 0.0531655475497, 0.0529654920101, 0.0801021456718, 0.0157512351871, 0.0490795448422, 0.0113069172949, 0.0420998223126, 0.0093358848244, 0.00774171948433, 0.00968941859901, 0.00475891958922, 0.00719634396955, 0.00404767412692, 0.00755439093336, 0.00697714136913, 0.00884228013456, 0.00497179944068, 0.00148787221406, 0.00167238875292, 0.0016269616317, 0.00194986921269, 0.00167452066671, 0.00389309902675, 0.00123151822481, 9.53529888648e-06],
        "mean": [0.000192663064809, 0.00674365041777, 0.00357151473872, 0.00439022341743, 0.00423345109448, 0.00100638647564, 0.000770600512624, 0.0008008806617, 0.00414647953585, 0.000609383627307, 0.000917334051337, 0.000558105879463, 0.000231210709899, 0.000448422302725, 0.00062390754465, 0.00116271700244, 0.00112309202086, 0.000949186331127, 0.000625644170213, 0.000338878016919, 0.000275710364804, 0.000151184911374, 0.000117058450996, 0.000100748206023, 0.000118869458674, 4.06828039559e-05, 5.81537733524e-08],
        "min": [4.38259888824e-07, 1.65025849128e-05, 1.74502201844e-05, 1.10232158477e-05, 1.63065506058e-05, 1.46144902828e-05, 1.57923459483e-05, 5.2127024901e-06, 2.35394763877e-05, 1.53483724716e-05, 9.79525884759e-06, 9.45013289311e-06, 1.98238171834e-06, 5.22618256582e-06, 8.53471010487e-06, 1.21972370835e-05, 2.80964968624e-06, 1.50434043462e-05, 2.80235417449e-06, 1.63211143445e-06, 3.38891538831e-07, 2.60866471535e-07, 1.96151248133e-07, 1.68459877159e-07, 2.04579990282e-07, 1.76563631271e-07, 3.61706720131e-10],
        "stdev": [0.000322376028635, 0.00850702263415, 0.00591812701896, 0.00644981255755, 0.00586661230773, 0.00142229639459, 0.00185088231228, 0.00131575507112, 0.00523193413392, 0.000721769174561, 0.000997820519842, 0.000780459668022, 0.000390812609112, 0.000574725912884, 0.000535691389814, 0.000854261044879, 0.000857323466334, 0.000825467985123, 0.000415797578171, 0.000201955335797, 0.00020263659826, 0.000165655656019, 0.000157471193234, 0.000172525062226, 0.000324353837641, 9.86730956356e-05, 4.65910346747e-07]
    },
    "erbbands": {
        "max": [1.88782227039, 20.8406467438, 54.4602928162, 71.5174942017, 313.990356445, 220.025085449, 128.06854248, 143.596466064, 731.583129883, 817.007324219, 304.891937256, 1023.34387207, 716.604553223, 242.538391113, 260.750823975, 357.673248291, 186.982421875, 396.986572266, 187.271759033, 393.136566162, 452.899108887, 399.219665527, 531.518066406, 345.011230469, 128.293838501, 83.1460571289, 71.2911987305, 65.9730834961, 52.1828231812, 67.009979248, 67.7627029419, 44.4129066467, 33.223739624, 60.4180335999, 18.5063781738, 5.53865528107, 2.67023491859, 0.170439273119, 0.00344408582896, 0.000206983051612],
        "mean": [0.185154899955, 1.53956091404, 3.94163441658, 8.79240036011, 19.3701686859, 12.0393762589, 7.44350385666, 9.10205364227, 6.8695101738, 17.2804279327, 27.0180511475, 79.0260391235, 63.1553573608, 22.8353710175, 33.8623390198, 19.7099571228, 11.5327043533, 19.8872814178, 26.1798458099, 42.945400238, 75.9814910889, 59.5673675537, 53.278011322, 40.9417037964, 24.8984851837, 14.8123102188, 14.3711385727, 8.27496910095, 5.76905059814, 4.22010278702, 3.21368455887, 2.24392819405, 1.70884442329, 1.60294926167, 0.657897949219, 0.224195584655, 0.0751831755042, 0.00478517496958, 0.000119990669191, 4.76900022477e-05],
        "min": [0.000412673078245, 0.00405220407993, 0.01749548316, 0.0330876708031, 0.0280313789845, 0.0567163676023, 0.212110608816, 0.188418209553, 0.228985786438, 0.239192590117, 0.0870054140687, 0.459243714809, 0.871824085712, 0.461604207754, 0.398814439774, 0.322523355484, 0.0921337082982, 0.225133925676, 0.445095270872, 0.336301416159, 0.709301948547, 0.297065615654, 0.993050336838, 0.402418702841, 0.148161128163, 0.0801472887397, 0.0432345271111, 0.0111041087657, 0.00766359223053, 0.00864145811647, 0.00586017500609, 0.00393430422992, 0.0024892820511, 0.00152219366282, 0.00177419011015, 0.000896921439562, 0.000137888739118, 6.38506389805e-06, 5.49424521523e-06, 2.56799512499e-06],
        "stdev": [0.245419934392, 2.02321362495, 5.97033691406, 10.3507289886, 32.7020072937, 15.3011760712, 8.72202014923, 13.827958107, 21.5171489716, 33.9215545654, 37.8681793213, 106.703903198, 84.5560531616, 18.2577514648, 32.2740631104, 29.7677898407, 17.3113708496, 30.0076808929, 21.3614463806, 36.8830566406, 52.2452087402, 44.8598823547, 46.5188331604, 27.8195209503, 13.8280382156, 8.97523403168, 9.190741539, 7.43204164505, 5.99822568893, 5.4650759697, 4.57875776291, 3.45270633698, 3.35523200035, 4.74915504456, 1.64948582649, 0.481686800718, 0.203214392066, 0.0145804053172, 0.000283556699287, 2.6193454687e-05]
    },
    "gfcc": {
        "mean": [44.2878646851, 91.6940155029, -130.089004517, 47.9831695557, -50.9935798645, 15.9944581985, -35.371635437, 26.9592113495, -24.5063686371, -4.94806718826, -27.6886901855, -2.54412770271, -6.42664432526],
        "cov": [[759.187316895, -403.948425293, 212.49382019, 13.7435827255, -90.6180419922, 31.549123764, -95.6373138428, -21.7767906189, -74.0034790039, 7.64852237701, -112.985168457, 29.3429718018, -101.858604431], [-403.948425293, 493.285797119, -275.937133789, -15.9232730865, 74.407333374, -81.5511779785, 110.5182724, 0.506301283836, 75.8287124634, -33.6506080627, 78.405632019, -54.2048721313, 73.107673645], [212.49382019, -275.937133789, 425.31463623, 35.2877616882, -27.0102920532, 90.7559432983, -85.401222229, -13.2523117065, -54.9237327576, 55.6676826477, -26.9004516602, 57.0347557068, -50.7734107971], [13.7435827255, -15.9232730865, 35.2877616882, 145.352340698, 6.55081605911, 11.7271251678, -38.0947380066, -35.319984436, 3.05113697052, -16.1314945221, -7.39204502106, -14.352678299, 18.0884552002], [-90.6180419922, 74.407333374, -27.0102920532, 6.55081605911, 125.005851746, 26.6802539825, 45.1373176575, 32.3310089111, 20.4553508759, 18.0244216919, 26.1561756134, 4.38628387451, 8.2658033371], [31.549123764, -81.5511779785, 90.7559432983, 11.7271251678, 26.6802539825, 109.523292542, 26.7299442291, 26.6512775421, -2.00497221947, 22.8783092499, 13.8605871201, 3.22154307365, -14.1058454514], [-95.6373138428, 110.5182724, -85.401222229, -38.0947380066, 45.1373176575, 26.7299442291, 130.147842407, 58.7811050415, 32.9559211731, 6.89548778534, 21.0055713654, -16.8942832947, 3.98673939705], [-21.7767906189, 0.506301283836, -13.2523117065, -35.319984436, 32.3310089111, 26.6512775421, 58.7811050415, 101.035148621, 46.2834777832, 21.6769104004, 6.91135311127, -2.66062855721, 13.098897934], [-74.0034790039, 75.8287124634, -54.9237327576, 3.05113697052, 20.4553508759, -2.00497221947, 32.9559211731, 46.2834777832, 93.4136352539, 24.2804794312, 16.2150344849, -18.7940731049, 9.27315330505], [7.64852237701, -33.6506080627, 55.6676826477, -16.1314945221, 18.0244216919, 22.8783092499, 6.89548778534, 21.6769104004, 24.2804794312, 70.9179611206, 25.728937149, 18.2099380493, -13.7976675034], [-112.985168457, 78.405632019, -26.9004516602, -7.39204502106, 26.1561756134, 13.8605871201, 21.0055713654, 6.91135311127, 16.2150344849, 25.728937149, 82.9979934692, 27.9159908295, 14.0685367584], [29.3429718018, -54.2048721313, 57.0347557068, -14.352678299, 4.38628387451, 3.22154307365, -16.8942832947, -2.66062855721, -18.7940731049, 18.2099380493, 27.9159908295, 79.0856628418, 8.63347816467], [-101.858604431, 73.107673645, -50.7734107971, 18.0884552002, 8.2658033371, -14.1058454514, 3.98673939705, 13.098897934, 9.27315330505, -13.7976675034, 14.0685367584, 8.63347816467, 84.4165420532]],
        "icov": [[0.00283001782373, 0.00121964863501, 0.00033300629002, -0.000729291816242, 0.000860778498463, -7.00871314621e-05, 0.000265598442638, -0.000748716702219, 0.000715738395229, -0.000516269239597, 0.0026115141809, -0.00148123910185, 0.00227595260367], [0.00121964863501, 0.0114786066115, -0.00125884334557, 0.0026836048346, -0.00494347000495, 0.00901598017663, -0.00865418091416, 0.00868334341794, -0.00663018971682, 0.00604080175981, -0.0102095063776, 0.00847403239459, -0.00619898503646], [0.00033300629002, -0.00125884334557, 0.00616984488443, -0.00214557209983, 0.00191234610975, -0.00564721366391, 0.00438821827993, -0.00290743634105, 0.00354765332304, -0.00531017035246, 0.00498489197344, -0.00490364804864, 0.0031888068188], [-0.000729291816242, 0.0026836048346, -0.00214557209983, 0.0116392932832, -0.00390378572047, 0.000123347781482, -0.000260317698121, 0.00801594089717, -0.00638704234734, 0.00512524275109, -0.00371038145386, 0.00548598030582, -0.00622064061463], [0.000860778498463, -0.00494347000495, 0.00191234610975, -0.00390378572047, 0.0133906397969, -0.00589989917353, 0.00197489839047, -0.00670296233147, 0.00437799608335, -0.00539230136201, 0.00505818845704, -0.00608203141019, 0.00437310477719], [-7.00871314621e-05, 0.00901598017663, -0.00564721366391, 0.000123347781482, -0.00589989917353, 0.0236486755311, -0.0116547690704, 0.00376703077927, -0.00293298088945, 0.00492403563112, -0.0137073760852, 0.0108019253239, -0.00451381364837], [0.000265598442638, -0.00865418091416, 0.00438821827993, -0.000260317698121, 0.00197489839047, -0.0116547690704, 0.0223280489445, -0.013310178183, 0.00580298202112, -0.00434064120054, 0.00758626451716, -0.00565629964694, 0.00734767504036], [-0.000748716702219, 0.00868334341794, -0.00290743634105, 0.00801594089717, -0.00670296233147, 0.00376703077927, -0.013310178183, 0.0292537547648, -0.0155308796093, 0.00449271034449, -0.00564209930599, 0.00669653527439, -0.0118189286441], [0.000715738395229, -0.00663018971682, 0.00354765332304, -0.00638704234734, 0.00437799608335, -0.00293298088945, 0.00580298202112, -0.0155308796093, 0.024948021397, -0.0123289972544, 0.0052679060027, -0.00166555528995, 0.00586179224774], [-0.000516269239597, 0.00604080175981, -0.00531017035246, 0.00512524275109, -0.00539230136201, 0.00492403563112, -0.00434064120054, 0.00449271034449, -0.0123289972544, 0.0291945636272, -0.0137656135485, 0.00375759531744, -0.00125197367743], [0.0026115141809, -0.0102095063776, 0.00498489197344, -0.00371038145386, 0.00505818845704, -0.0137073760852, 0.00758626451716, -0.00564209930599, 0.0052679060027, -0.0137656135485, 0.0342120490968, -0.0189369451255, 0.0069240569137], [-0.00148123910185, 0.00847403239459, -0.00490364804864, 0.00548598030582, -0.00608203141019, 0.0108019253239, -0.00565629964694, 0.00669653527439, -0.00166555528995, 0.00375759531744, -0.0189369451255, 0.0290332660079, -0.0106386430562], [0.00227595260367, -0.00619898503646, 0.0031888068188, -0.00622064061463, 0.00437310477719, -0.00451381364837, 0.00734767504036, -0.0118189286441, 0.00586179224774, -0.00125197367743, 0.0069240569137, -0.0106386430562, 0.0226016826928]]
    },
    "melbands": {
        "max": [0.0182506237179, 0.0239866264164, 0.0199630502611, 0.0211038924754, 0.00413235137239, 0.00309267500415, 0.011023260653, 0.00758792506531, 0.00262601999566, 0.0073264092207, 0.0036577351857, 0.000886634225026, 0.00115325022489, 0.000959593278822, 0.00124204729218, 0.000406037317589, 0.000691992987413, 0.000346949353116, 0.00034222897375, 0.000418699870352, 0.000601975247264, 0.000374529889086, 0.000446016172646, 0.000414705486037, 0.00034403250902, 0.00013950317225, 7.22613694961e-05, 7.06246792106e-05, 4.98380140925e-05, 4.69899387099e-05, 4.68164980703e-05, 3.78793629352e-05, 4.31659427704e-05, 4.39698596892e-05, 4.28809798905e-05, 2.69699594355e-05, 3.06816691591e-05, 1.87471159734e-05, 4.34874309576e-05, 5.4888689192e-05],
        "mean": [0.0017759607872, 0.00206033326685, 0.00201160111465, 0.00107367045712, 0.000316830002703, 0.000195206695935, 0.000121598699479, 0.000181418930879, 0.000255474878941, 0.000563704757951, 0.000310679839458, 8.18488697405e-05, 0.000134318965138, 6.72623718856e-05, 3.2293570257e-05, 2.52475310845e-05, 3.79182092729e-05, 4.08138112107e-05, 4.94143241667e-05, 6.24620952294e-05, 9.71938061411e-05, 6.54812756693e-05, 4.63960677735e-05, 4.78448164358e-05, 3.18708080158e-05, 2.14283772948e-05, 1.34514766614e-05, 8.8243123173e-06, 9.62831472862e-06, 6.88528962201e-06, 3.95786673835e-06, 3.38656832355e-06, 2.65270750788e-06, 2.19440516958e-06, 1.87858915979e-06, 1.5863590761e-06, 1.29812394789e-06, 1.13613657504e-06, 1.33004687086e-06, 1.35400944146e-06],
        "min": [4.26276756116e-06, 7.98754444986e-06, 5.48107027498e-06, 2.60426418208e-06, 6.59758779875e-06, 2.69072461379e-06, 3.51939615939e-06, 2.35317770603e-06, 6.1032847043e-07, 3.4823117403e-06, 4.36513983004e-06, 1.84008445103e-06, 1.3488077002e-06, 1.29145917072e-06, 2.75309929521e-07, 2.27526797403e-07, 4.39968829369e-07, 6.73975989685e-07, 6.24994754617e-07, 6.2009866042e-07, 7.66192954416e-07, 1.32946254894e-07, 9.66153379522e-07, 7.49365881347e-07, 1.0291788044e-07, 1.26631945818e-07, 5.02084560594e-08, 5.68470461815e-08, 4.06044478041e-08, 4.95085039631e-09, 5.96595617353e-09, 3.16821657798e-09, 6.84290624164e-09, 3.95150800969e-09, 4.2473682349e-09, 1.64141877868e-09, 2.7323763252e-09, 2.03464978199e-09, 1.26148158586e-09, 1.12294318289e-09],
        "stdev": [0.00224822037853, 0.00263539049774, 0.00261606788263, 0.00155059527606, 0.000337017787388, 0.000292222190183, 0.000336958706612, 0.000331264280248, 0.000367572298273, 0.000759057234973, 0.000432048167568, 6.99782467564e-05, 0.000142176038935, 8.96846977412e-05, 6.35978940409e-05, 4.28225393989e-05, 5.64490655961e-05, 3.77094002033e-05, 4.53470165667e-05, 4.9735786888e-05, 7.05233178451e-05, 4.88842888444e-05, 4.82589530293e-05, 4.37940507254e-05, 2.43014892476e-05, 1.33969924718e-05, 8.64419689606e-06, 5.88065540796e-06, 6.37328730591e-06, 5.36588458999e-06, 4.08793357565e-06, 3.71372902919e-06, 3.18555112244e-06, 3.00371925732e-06, 2.73797036243e-06, 2.33686751017e-06, 2.15847512663e-06, 2.07836387744e-06, 3.44818636222e-06, 4.321716915e-06]
    },
    "melbands128": {
        "max": [0.00317714363337, 0.0153525760397, 0.030372146517, 0.0405463539064, 0.0302441548556, 0.0268636420369, 0.0168295167387, 0.0368686318398, 0.0358520820737, 0.0244060177356, 0.0105758365244, 0.00546835316345, 0.00603567948565, 0.0057687452063, 0.00496317166835, 0.00310620456003, 0.00938534457237, 0.0166170373559, 0.00809433031827, 0.015511863865, 0.00363189144991, 0.00408728141338, 0.00459705106914, 0.00635079713538, 0.0118907978758, 0.0163411647081, 0.01192598138, 0.00282863364555, 0.00207948568277, 0.000482912029838, 0.0015847805189, 0.00208173249848, 0.0023583045695, 0.000886837602593, 0.00161681801546, 0.00208121305332, 0.00166711607017, 0.00258556962945, 0.000921683385968, 0.000859689665958, 0.000695325317793, 0.00167653814424, 0.00151313538663, 0.000915217678994, 0.000816333631519, 0.000569771626033, 0.000617794459686, 0.000573103432544, 0.000501361500937, 0.00124096253421, 0.000529572716914, 0.000615853292402, 0.00106828194112, 0.000996398506686, 0.000663010461722, 0.000653685012367, 0.00110204645898, 0.00100090471096, 0.000864144414663, 0.00111978058703, 0.000641980092041, 0.000680673751049, 0.000468469253974, 0.000450132298283, 0.000297476741252, 0.000158469760208, 0.000104021724837, 0.000126911443658, 9.67622545431e-05, 0.000107073494291, 9.41724065342e-05, 8.94266631803e-05, 7.36251531634e-05, 8.6641193775e-05, 7.11861284799e-05, 5.81169770157e-05, 6.51257068967e-05, 4.54512082797e-05, 6.91662353347e-05, 5.23565104231e-05, 4.21835247835e-05, 3.84242957807e-05, 4.15165595768e-05, 4.50446823379e-05, 5.04575655214e-05, 9.37442309805e-05, 2.39431792579e-05, 2.95944555546e-05, 5.12737206009e-05, 5.41449080629e-05, 2.97035239782e-05, 2.60380274995e-05, 2.70756972895e-05, 4.00438148063e-05, 3.21695697494e-05, 2.45636601903e-05, 2.81215088762e-05, 2.94661840599e-05, 4.95549829793e-05, 5.79369043407e-05, 8.39066124172e-05, 7.58942551329e-05, 4.30168765888e-05, 3.40591832355e-05, 3.62735299859e-05, 1.73855205503e-05, 1.63158765645e-05, 1.15918355732e-05, 9.3119479061e-06, 1.05734325189e-05, 1.0675212252e-05, 1.69248178281e-05, 1.30542275656e-05, 8.59442207002e-06, 3.93626032746e-06, 1.84145642379e-06, 4.09860575701e-07, 6.10908124088e-09, 7.25735416207e-10, 6.98463842319e-10, 6.92005397429e-10, 6.72786215627e-10, 6.57467080778e-10, 6.51841414179e-10, 6.47052411651e-10, 6.34800656485e-10, 6.30458130146e-10, 6.26126428482e-10],
        "mean": [0.000180629169336, 0.0013324120082, 0.00250446307473, 0.00253734691069, 0.00206373562105, 0.00173754116986, 0.00142657535616, 0.00268941326067, 0.00214510550722, 0.000706141290721, 0.000692686124239, 0.000388639309676, 0.000204215190024, 0.00023108786263, 0.000235558487475, 0.000167165635503, 8.02576905699e-05, 8.53848032421e-05, 0.000196821943973, 0.000236949155806, 0.00013158514048, 0.000152870867169, 0.000243103204411, 0.000398677046178, 0.000424265861511, 0.000713601591997, 0.000739017210435, 0.000151434709551, 0.000100180550362, 5.30892466486e-05, 5.63933863305e-05, 0.000166543861269, 0.000195941640413, 4.44111065008e-05, 9.83852514764e-05, 6.49978246656e-05, 3.86006395274e-05, 3.56997188646e-05, 2.53615562542e-05, 1.93966207007e-05, 1.98476082005e-05, 4.21603981522e-05, 3.5298486182e-05, 3.7488352973e-05, 4.49154867965e-05, 4.20033757109e-05, 3.29905778926e-05, 4.95083113492e-05, 4.84823940496e-05, 7.24190540495e-05, 5.00059577462e-05, 6.6415850597e-05, 0.000105867453385, 0.000112870475277, 8.37828629301e-05, 5.8130492107e-05, 5.17716289323e-05, 4.570211604e-05, 4.28431631008e-05, 4.92883882544e-05, 5.68265895708e-05, 3.99868986278e-05, 3.00366700685e-05, 3.25058499584e-05, 2.92660515697e-05, 2.15978270717e-05, 1.58467755682e-05, 1.64723678608e-05, 1.26383501993e-05, 9.86489430943e-06, 7.95410869614e-06, 8.29634609545e-06, 1.09605307443e-05, 9.22624076338e-06, 9.27556720853e-06, 7.59182375987e-06, 5.44860495211e-06, 5.41621466255e-06, 3.3336539218e-06, 2.99604721476e-06, 3.7269189761e-06, 3.42351518157e-06, 2.90095272248e-06, 2.52688278124e-06, 2.54030578617e-06, 2.37423364524e-06, 2.01113016374e-06, 1.90535070033e-06, 1.94533345166e-06, 1.77275694568e-06, 1.7875041749e-06, 1.51259837367e-06, 1.29118814129e-06, 1.3642935528e-06, 1.23388372231e-06, 1.16921455628e-06, 1.10284247512e-06, 1.10167843559e-06, 1.2179721125e-06, 1.50621349349e-06, 1.64415757808e-06, 1.30871490001e-06, 1.06746517758e-06, 8.88281647349e-07, 7.05778631982e-07, 6.12655128407e-07, 4.85638338432e-07, 4.0686680336e-07, 3.55160949539e-07, 3.29338604388e-07, 3.23312775663e-07, 3.09025836032e-07, 2.54990425219e-07, 1.76276913066e-07, 1.04465179618e-07, 1.61306026314e-08, 2.3261368387e-09, 2.13589354536e-11, 8.47342335186e-12, 8.20501305787e-12, 7.95880548965e-12, 7.84632341738e-12, 7.76489029325e-12, 7.57550532721e-12, 6.96237035039e-12, 5.95738432543e-12, 5.42045228147e-12, 5.31823500169e-12],
        "min": [2.65130850607e-08, 1.11281428872e-06, 5.97700193339e-07, 7.06056198396e-06, 8.50121614349e-06, 8.66682239575e-06, 7.25780455468e-06, 4.77613139083e-06, 2.42513056037e-06, 1.73218791133e-06, 2.05090123018e-06, 4.82665257096e-07, 1.90276239209e-06, 3.01949921777e-06, 1.10016912913e-06, 2.9354094977e-07, 1.05969536435e-06, 6.62032633159e-08, 1.86438126093e-06, 1.13383282496e-06, 6.49190496915e-07, 6.59482509491e-07, 2.05313583024e-07, 7.33497074634e-07, 1.16358057767e-06, 1.11998349439e-06, 3.82825237466e-06, 3.14817839353e-06, 9.70829660218e-07, 1.48106423126e-07, 4.12333946542e-07, 1.77190327122e-06, 1.30873843318e-06, 9.18135754091e-07, 1.04452112737e-06, 3.89724789329e-07, 5.58593967526e-07, 1.49979882735e-07, 1.52749407789e-07, 1.22302040495e-07, 2.01425777391e-07, 1.06460738891e-07, 3.57457139444e-07, 5.0085697012e-07, 2.80623879689e-07, 4.97051757975e-07, 5.03715398281e-07, 6.85438976689e-07, 2.87215158323e-07, 1.80256279236e-07, 3.29154858036e-07, 1.18049376852e-06, 6.9078822662e-07, 2.65628870011e-07, 1.05967806974e-07, 4.77255284181e-08, 2.38180334122e-07, 3.28416433604e-07, 4.69860452768e-07, 1.90537775779e-07, 6.12095732322e-07, 3.47880529716e-07, 4.40244285471e-08, 8.27420691962e-08, 9.71882627709e-08, 1.31418190108e-07, 8.69617551302e-08, 5.63622748473e-08, 9.54014467425e-09, 5.08757800333e-08, 5.99705174409e-08, 4.60524560708e-08, 6.64689920882e-08, 2.67572008994e-08, 5.76360070781e-09, 3.18634607588e-09, 4.16898693345e-09, 9.32288468647e-09, 5.22238563505e-09, 5.25499510573e-09, 1.36576439047e-09, 3.57959528685e-09, 4.19988888112e-09, 9.46868539131e-09, 7.12491843302e-09, 2.14190976067e-09, 3.59560448082e-09, 5.19196730053e-09, 6.01811489531e-09, 1.95869920283e-09, 1.08179942782e-09, 1.83007853316e-09, 1.85149973131e-09, 6.34476970962e-10, 2.9842028848e-09, 3.11253334218e-09, 1.64976232675e-09, 7.43087202881e-10, 1.34788935569e-09, 1.52527612762e-09, 9.38423894148e-10, 1.00996200292e-09, 1.11472242548e-09, 1.77499859255e-09, 1.76217118675e-09, 5.53286416682e-10, 1.45227996295e-09, 1.5611143489e-09, 1.46445466864e-09, 8.77539652056e-10, 1.22536891745e-09, 4.39460273727e-11, 1.69902568577e-12, 1.50985474123e-12, 1.28783182035e-12, 8.23087041232e-13, 1.13856851464e-12, 1.15278988612e-12, 1.0124726578e-12, 1.1385248213e-12, 7.82258047401e-13, 1.07324338219e-12, 1.13858564504e-12, 9.72460393461e-13, 7.30089545677e-13, 2.91569258971e-13, 3.89935107044e-14, 1.31651588723e-15],
        "stdev": [0.000313629105221, 0.00195175537374, 0.00348844029941, 0.00360259809531, 0.00325229368173, 0.00285255792551, 0.00184120459016, 0.00438154768199, 0.00389921129681, 0.00135490612593, 0.000931129558012, 0.00047908705892, 0.000321497936966, 0.000438011833467, 0.000428150378866, 0.000280482432572, 0.00030046509346, 0.00047090035514, 0.000423715973739, 0.000595473626163, 0.000255554798059, 0.000330084207235, 0.000489076541271, 0.000693631242029, 0.000905752531253, 0.00128201232292, 0.00132128421683, 0.000217748587602, 0.000170684535988, 5.80223786528e-05, 8.23245645734e-05, 0.000206731536309, 0.000253618054558, 7.03294936102e-05, 0.000137588649523, 0.000140048810863, 0.000101520156022, 0.000106125793536, 6.1362174165e-05, 4.84582815261e-05, 4.70653758384e-05, 0.000108157917566, 9.4746646937e-05, 4.82699579152e-05, 6.31552829873e-05, 5.65263071621e-05, 4.68691105198e-05, 6.50055590086e-05, 5.92986689298e-05, 9.52350674197e-05, 5.33416787221e-05, 6.37474367977e-05, 0.000108384600026, 0.000116679570056, 7.6961281593e-05, 5.86103815294e-05, 8.70480580488e-05, 7.00825476088e-05, 6.05866516707e-05, 6.9093744969e-05, 7.05547281541e-05, 5.36617008038e-05, 3.27815832861e-05, 3.33924544975e-05, 2.55347604252e-05, 1.75732347998e-05, 1.37056285894e-05, 1.33255416586e-05, 1.05348126453e-05, 1.0237729839e-05, 7.05395950718e-06, 7.42665997677e-06, 9.173863873e-06, 7.66425637266e-06, 7.46980049371e-06, 6.99678412275e-06, 5.68931272937e-06, 6.12865915173e-06, 3.95802817366e-06, 3.69013355339e-06, 4.90506727147e-06, 3.85535395253e-06, 3.37712026521e-06, 3.27092197949e-06, 3.94063727072e-06, 4.18747094955e-06, 2.61355648945e-06, 2.72101738119e-06, 3.19567220686e-06, 3.19058722198e-06, 2.8284630389e-06, 2.32167826653e-06, 2.11165638575e-06, 2.55176860264e-06, 2.21568984671e-06, 2.07301854971e-06, 2.26031693273e-06, 2.4297642085e-06, 3.422732334e-06, 4.25683992944e-06, 5.46193359696e-06, 4.74296211905e-06, 3.47680884261e-06, 2.63313381765e-06, 1.93891492017e-06, 1.24296525428e-06, 1.10641951778e-06, 9.42483836752e-07, 7.59725764965e-07, 7.81053699939e-07, 8.04987280389e-07, 8.9789540425e-07, 7.75882483595e-07, 5.97455937168e-07, 3.41609222687e-07, 8.60734274966e-08, 1.89595663613e-08, 2.25704982482e-10, 2.80384136048e-11, 2.70703025967e-11, 2.67404917653e-11, 2.60229181953e-11, 2.54500170938e-11, 2.52076866325e-11, 2.50149675279e-11, 2.46044209312e-11, 2.44571377039e-11, 2.42976680442e-11]
    },
    "mfcc": {
        "mean": [-590.824645996, 113.331634521, -13.3884401321, 33.8677711487, 9.28887462616, -3.32347011566, 2.83362650871, 15.8423042297, 14.3521509171, 4.4297337532, -5.07359266281, -4.74781990051, -4.54554224014],
        "cov": [[689.650512695, -297.666107178, 108.186805725, -7.91304063797, -19.603559494, 2.39540886879, -58.7085609436, -10.0866661072, -16.9323940277, -21.7584228516, -39.9553718567, -33.338394165, -39.4612083435], [-297.666107178, 394.830535889, -237.139984131, 19.895565033, -49.3202285767, -32.2473640442, 31.4968700409, 20.7938308716, 13.0013723373, 37.7044410706, 37.2955665588, 21.4601287842, 6.04633569717], [108.186805725, -237.139984131, 390.72253418, -23.4291744232, 65.2134017944, 51.0176620483, -13.2497224808, -40.9088859558, -29.0935287476, -46.7138938904, -12.605345726, -3.95718193054, 9.6674079895], [-7.91304063797, 19.895565033, -23.4291744232, 103.31413269, 17.5120429993, 8.88962364197, -23.1419811249, -6.44679069519, 2.86902713776, -8.7909450531, -23.8247680664, -12.4137678146, 1.86242830753], [-19.603559494, -49.3202285767, 65.2134017944, 17.5120429993, 110.905822754, 27.7175884247, 5.0933637619, -6.81519317627, -0.319605201483, -4.99650192261, -0.916886866093, 4.095911026, 9.82261753082], [2.39540886879, -32.2473640442, 51.0176620483, 8.88962364197, 27.7175884247, 83.1471633911, 24.8553123474, -1.99836492538, -20.1050853729, -3.45111846924, 12.7384777069, 11.3313808441, -0.208785712719], [-58.7085609436, 31.4968700409, -13.2497224808, -23.1419811249, 5.0933637619, 24.8553123474, 103.553962708, 27.3530254364, 10.5415048599, 8.18155956268, 16.9726791382, 15.9917325974, 5.28777122498], [-10.0866661072, 20.7938308716, -40.9088859558, -6.44679069519, -6.81519317627, -1.99836492538, 27.3530254364, 69.1577453613, 22.9165325165, 19.8292198181, 12.2605409622, 4.37748146057, 2.48225641251], [-16.9323940277, 13.0013723373, -29.0935287476, 2.86902713776, -0.319605201483, -20.1050853729, 10.5415048599, 22.9165325165, 91.3613510132, 50.7183532715, -9.51622390747, -0.145851641893, -1.87638151646], [-21.7584228516, 37.7044410706, -46.7138938904, -8.7909450531, -4.99650192261, -3.45111846924, 8.18155956268, 19.8292198181, 50.7183532715, 95.7293395996, 35.4454689026, 20.4903030396, -9.56214046478], [-39.9553718567, 37.2955665588, -12.605345726, -23.8247680664, -0.916886866093, 12.7384777069, 16.9726791382, 12.2605409622, -9.51622390747, 35.4454689026, 85.0847854614, 35.2828483582, -1.88401818275], [-33.338394165, 21.4601287842, -3.95718193054, -12.4137678146, 4.095911026, 11.3313808441, 15.9917325974, 4.37748146057, -0.145851641893, 20.4903030396, 35.2828483582, 55.4396820068, 17.0985164642], [-39.4612083435, 6.04633569717, 9.6674079895, 1.86242830753, 9.82261753082, -0.208785712719, 5.28777122498, 2.48225641251, -1.87638151646, -9.56214046478, -1.88401818275, 17.0985164642, 65.0048751831]],
        "icov": [[0.00250333710574, 0.00222166418098, 0.000426233775215, -0.000179285096237, 0.00102857511956, 7.9358680523e-05, 0.000653383438475, -0.000426484213676, 0.00063126074383, -0.000401911616791, 0.000430767337093, -5.90736526647e-05, 0.00104984536301], [0.00222166418098, 0.00644830428064, 0.00277773919515, -0.00140188250225, 0.00162798853125, 0.00105499068741, -0.000919782090932, 0.000601345556788, 0.000791629310697, -0.000556844519451, -0.0013124801917, -0.000411137414631, 0.000196235298063], [0.000426233775215, 0.00277773919515, 0.00494894012809, 0.00114112452138, -0.00113641808275, -0.00175317958929, 0.000353679759428, 0.00188490760047, -0.000634123396594, 0.00154475925956, -0.000825473514851, 0.000102052821603, -0.000544811133295], [-0.000179285096237, -0.00140188250225, 0.00114112452138, 0.0127558065578, -0.00248647201806, -0.00381919043139, 0.00378271541558, 4.59103375761e-06, -0.00138938659802, 0.000965933140833, 0.00301817432046, 0.00113907724153, -0.00056819076417], [0.00102857511956, 0.00162798853125, -0.00113641808275, -0.00248647201806, 0.0116945281625, -0.00227325363085, -0.000497438479215, 0.000518685264979, -0.000890810799319, -9.09504160518e-05, -0.00060168816708, -0.000210912752664, -0.00104159268085], [7.9358680523e-05, 0.00105499068741, -0.00175317958929, -0.00381919043139, -0.00227325363085, 0.0179350301623, -0.00547631829977, -7.7614953625e-05, 0.0053701098077, -0.00252067996189, -0.000707430532202, -0.00233426433988, 0.00154744414613], [0.000653383438475, -0.000919782090932, 0.000353679759428, 0.00378271541558, -0.000497438479215, -0.00547631829977, 0.0141142858192, -0.00449114758521, -0.00287142605521, 0.00251326547004, -0.000131675464218, -0.00184461823665, 0.000170367318788], [-0.000426484213676, 0.000601345556788, 0.00188490760047, 4.59103375761e-06, 0.000518685264979, -7.7614953625e-05, -0.00449114758521, 0.0191030744463, -0.00413812277839, -0.000178255853825, -0.00335273216479, 0.00217088544741, -0.00185190106276], [0.00063126074383, 0.000791629310697, -0.000634123396594, -0.00138938659802, -0.000890810799319, 0.0053701098077, -0.00287142605521, -0.00413812277839, 0.0219594277442, -0.0140103977174, 0.00812446139753, -3.42910752806e-05, -0.00019542723021], [-0.000401911616791, -0.000556844519451, 0.00154475925956, 0.000965933140833, -9.09504160518e-05, -0.00252067996189, 0.00251326547004, -0.000178255853825, -0.0140103977174, 0.0230154953897, -0.00917428266257, -0.00351812248118, 0.00299904961139], [0.000430767337093, -0.0013124801917, -0.000825473514851, 0.00301817432046, -0.00060168816708, -0.000707430532202, -0.000131675464218, -0.00335273216479, 0.00812446139753, -0.00917428266257, 0.0228636041284, -0.010146134533, 0.00286367023364], [-5.90736526647e-05, -0.000411137414631, 0.000102052821603, 0.00113907724153, -0.000210912752664, -0.00233426433988, -0.00184461823665, 0.00217088544741, -3.42910752806e-05, -0.00351812248118, -0.010146134533, 0.0296783521771, -0.00857289787382], [0.00104984536301, 0.000196235298063, -0.000544811133295, -0.00056819076417, -0.00104159268085, 0.00154744414613, 0.000170367318788, -0.00185190106276, -0.00019542723021, 0.00299904961139, 0.00286367023364, -0.00857289787382, 0.0190925188363]]
    },
    "spectral_contrast_coeffs": {
        "max": [-0.463016688824, -0.493434488773, -0.520492017269, -0.583726763725, -0.663277506828, -0.674581825733],
        "mean": [-0.714148938656, -0.772143065929, -0.744396865368, -0.767301678658, -0.783392012119, -0.761524736881],
        "min": [-0.891890287399, -0.907220363617, -0.89613622427, -0.895494222641, -0.86211669445, -0.886394739151],
        "stdev": [0.0687066614628, 0.0586719848216, 0.060585770756, 0.0401370823383, 0.0296265948564, 0.0277824886143]
    },
    "spectral_contrast_valleys": {
        "max": [-5.07154035568, -5.22244358063, -5.751060009, -5.97057580948, -5.83922147751, -7.98299598694],
        "mean": [-6.21093606949, -6.39384651184, -6.83470249176, -7.04291725159, -6.670545578, -9.73784255981],
        "min": [-7.6409778595, -7.9681801796, -8.7384147644, -8.52501773834, -9.42846679688, -12.0967559814],
        "stdev": [0.348495990038, 0.387748360634, 0.353525102139, 0.313054651022, 0.357030034065, 0.614605903625]
    }
},
"rhythm": {
    "beats_count": 72,
    "beats_loudness": {
        "max": 0.0951148122549,
        "mean": 0.0517726242542,
        "min": 0.0192464645952,
        "stdev": 0.0145049560815
    },
    "bpm": 134.013916016,
    "bpm_histogram_first_peak_bpm": 133,
    "bpm_histogram_first_peak_weight": 0.514285683632,
    "bpm_histogram_second_peak_bpm": 140,
    "bpm_histogram_second_peak_spread": 0,
    "bpm_histogram_second_peak_weight": 0.0140845067799,
    "danceability": 1.75046265125,
    "onset_rate": 3.16845679283,
    "beats_loudness_band_ratio": {
        "max": [0.911262989044, 0.380402714014, 0.421754658222, 0.178776860237, 0.213287711143, 0.138193055987],
        "mean": [0.658915400505, 0.105621606112, 0.109650723636, 0.0489401370287, 0.0799306333065, 0.0453474670649],
        "min": [0.361441969872, 0.00440335134044, 0.0179996527731, 0.00788316410035, 0.0215488467366, 0.00366116082296],
        "stdev": [0.134067162871, 0.0880509242415, 0.0900766551495, 0.034648373723, 0.0472928509116, 0.0254544913769]
    },
    "beats_position": [0.383129239082, 0.812698423862, 1.25387752056, 1.70666658878, 2.15945577621, 2.61224484444, 3.06503391266, 3.50621318817, 3.95900225639, 4.41179132462, 4.85297060013, 5.2941493988, 5.74693870544, 6.19972801208, 6.64090681076, 7.0936961174, 7.5464849472, 7.98766422272, 8.42884349823, 8.87002277374, 9.31120204926, 9.76399040222, 10.2167797089, 10.6695690155, 11.1223583221, 11.5635375977, 12.0047159195, 12.4575052261, 12.9102945328, 13.3630838394, 13.8042631149, 14.2570514679, 14.6982307434, 15.1626300812, 15.6038093567, 16.0449886322, 16.4861679077, 16.9389572144, 17.391746521, 17.8329238892, 18.2741031647, 18.7268924713, 19.179681778, 19.6324710846, 20.0852603912, 20.5264396667, 20.9676189423, 21.43201828, 21.8731975555, 22.3143768311, 22.7555541992, 23.1967334747, 23.6495227814, 24.102312088, 24.5551013947, 25.0078907013, 25.4490699768, 25.8902492523, 26.343038559, 26.7842178345, 27.2370071411, 27.6897945404, 28.142583847, 28.5837631226, 29.0249423981, 29.4893417358, 29.9305210114, 30.3717002869, 30.8244895935, 31.2772789001, 31.7184581757, 32.1596374512],
