{
"metadata": {
    "version": {
        "essentia": "2.1-beta5",
        "essentia_git_sha": "Undefined",
        "extractor": "music 2.0"
    },
    "audio_properties": {
        "analysis": {
            "equal_loudness": 0,
            "length": 32.4963264465,
            "sample_rate": 44100,
            "start_time": 77.7404098511,
            "downmix": "mix"
        },
        "bit_rate": 192000,
        "length": 184.0181427,
        "lossless": 0,
        "number_channels": 2,
        "replay_gain": -3.47233009338,
        "sample_rate": 48000,
        "codec": "mp3",
        "md5_encoded": "77880b9f86a72797d226ce8670ce18cf"
    },
    "tags": {
        "file_name": "Sweden_La Voix_Malena Ernman.mp3",
        "encoding": ["Lavf58.29.100"]
    }
},
"lowlevel": {
    "average_loudness": 0.940245211124,
    "barkbands_crest": {
        "max": 25.322271347,
        "mean": 9.77435493469,
        "min": 2.4773786068,
        "stdev": 4.58106184006
    },
    "barkbands_flatness_db": {
        "max": 0.315037310123,
        "mean": 0.14559443295,
        "min": 0.0497024543583,
        "stdev": 0.0420118570328
    },
    "barkbands_kurtosis": {
        "max": 87.4499282837,
        "mean": 4.57910680771,
        "min": -1.85706865788,
        "stdev": 8.74200344086
    },
    "barkbands_skewness": {
        "max": 8.50045585632,
        "mean": 1.58621156216,
        "min": -3.26944041252,
        "stdev": 1.31466400623
    },
    "barkbands_spread": {
        "max": 91.3303909302,
        "mean": 24.642370224,
        "min": 2.21345877647,
        "stdev": 14.8761224747
    },
    "dissonance": {
        "max": 0.499824672937,
        "mean": 0.460368931293,
        "min": 0.295329809189,
        "stdev": 0.0294795557857
    },
    "dynamic_complexity": 1.87192249298,
    "erbbands_crest": {
        "max": 24.4928569794,
        "mean": 9.15281200409,
        "min": 2.43103718758,
        "stdev": 4.31211185455
    },
    "erbbands_flatness_db": {
        "max": 0.250262022018,
        "mean": 0.157070830464,
        "min": 0.0738727971911,
        "stdev": 0.0337071679533
    },
    "erbbands_kurtosis": {
        "max": 21.3860549927,
        "mean": 0.697651565075,
        "min": -1.75528991222,
        "stdev": 2.17954969406
    },
    "erbbands_skewness": {
        "max": 3.95243930817,
        "mean": 0.522636592388,
        "min": -3.0121281147,
        "stdev": 0.838023364544
    },
    "erbbands_spread": {
        "max": 132.727920532,
        "mean": 42.5741958618,
        "min": 10.1102895737,
        "stdev": 20.4333744049
    },
    "hfc": {
        "max": 303.336395264,
        "mean": 29.4578514099,
        "min": 0.831285536289,
        "stdev": 27.8336772919
    },
    "loudness_ebu128": {
        "integrated": -18.5871601105,
        "loudness_range": 3.18831634521,
        "momentary": {
            "max": -15.7633972168,
            "mean": -18.8305397034,
            "min": -22.833240509,
            "stdev": 1.45381259918
        },
        "short_term": {
            "max": -16.77775383,
            "mean": -18.9553203583,
            "min": -20.5355472565,
            "stdev": 1.06831908226
        }
    },
    "melbands_crest": {
        "max": 27.0824985504,
        "mean": 12.78885746,
        "min": 2.84345722198,
        "stdev": 5.13988542557
    },
    "melbands_flatness_db": {
        "max": 0.37850612402,
        "mean": 0.170296728611,
        "min": 0.0231684707105,
        "stdev": 0.0591497085989
    },
    "melbands_kurtosis": {
        "max": 278.657623291,
        "mean": 16.0894203186,
        "min": -1.69632387161,
        "stdev": 27.4690532684
    },
    "melbands_skewness": {
        "max": 14.3852148056,
        "mean": 2.71223258972,
        "min": -1.12177097797,
        "stdev": 2.01949715614
    },
    "melbands_spread": {
        "max": 193.415481567,
        "mean": 26.9263744354,
        "min": 1.3948931694,
        "stdev": 23.2466831207
    },
    "pitch_salience": {
        "max": 0.834191381931,
        "mean": 0.559391736984,
        "min": 0.11268401891,
        "stdev": 0.128638118505
    },
    "silence_rate_20dB": {
        "max": 1,
        "mean": 1,
        "min": 1,
        "stdev": 0
    },
    "silence_rate_30dB": {
        "max": 1,
        "mean": 0.999286234379,
        "min": 0,
        "stdev": 0.026707245037
    },
    "silence_rate_60dB": {
        "max": 1,
        "mean": 0.0064239827916,
        "min": 0,
        "stdev": 0.0798913091421
    },
    "spectral_centroid": {
        "max": 4746.96630859,
        "mean": 1445.64172363,
        "min": 348.685119629,
        "stdev": 722.198547363
    },
    "spectral_complexity": {
        "max": 57,
        "mean": 21.3804416656,
        "min": 1,
        "stdev": 9.36834812164
    },
    "spectral_decrease": {
        "max": -3.26734944656e-10,
        "mean": -7.93137200361e-09,
        "min": -2.81157657156e-08,
        "stdev": 5.39828981516e-09
    },
    "spectral_energy": {
        "max": 0.10934060812,
        "mean": 0.032606780529,
        "min": 0.00152492977213,
        "stdev": 0.0211111828685
    },
    "spectral_energyband_high": {
        "max": 0.0428280383348,
        "mean": 0.00176352658309,
        "min": 2.41648576775e-05,
        "stdev": 0.00335002876818
    },
    "spectral_energyband_low": {
        "max": 0.10334661603,
        "mean": 0.0113598927855,
        "min": 4.53103566542e-05,
        "stdev": 0.0179359335452
    },
    "spectral_energyband_middle_high": {
        "max": 0.0480353012681,
        "mean": 0.00674707815051,
        "min": 0.000147525919601,
        "stdev": 0.007010278292
    },
    "spectral_energyband_middle_low": {
        "max": 0.0633046105504,
        "mean": 0.0141201466322,
        "min": 0.000328780646669,
        "stdev": 0.0104669453576
    },
    "spectral_entropy": {
        "max": 8.69564628601,
        "mean": 7.74775838852,
        "min": 6.50916433334,
        "stdev": 0.357745170593
    },
    "spectral_flux": {
        "max": 0.304951488972,
        "mean": 0.102039575577,
        "min": 0.0230948645622,
        "stdev": 0.0496522560716
    },
    "spectral_kurtosis": {
        "max": 13.1284732819,
        "mean": 2.58403587341,
        "min": -0.690404176712,
        "stdev": 1.8926063776
    },
    "spectral_rms": {
        "max": 0.0103282993659,
        "mean": 0.00535159790888,
        "min": 0.00121972791385,
        "stdev": 0.00178097083699
    },
    "spectral_rolloff": {
        "max": 10422.0703125,
        "mean": 1756.34619141,
        "min": 86.1328125,
        "stdev": 1854.18005371
    },
    "spectral_skewness": {
        "max": 2.68881011009,
        "mean": 1.30459356308,
        "min": 0.0934569239616,
        "stdev": 0.425297468901
    },
    "spectral_spread": {
        "max": 11740855,
        "mean": 5197626,
        "min": 2270901.25,
        "stdev": 1426205.625
    },
    "spectral_strongpeak": {
        "max": 12.6695394516,
        "mean": 1.14686691761,
        "min": 0.0163620021194,
        "stdev": 1.15665435791
    },
    "zerocrossingrate": {
        "max": 0.298828125,
        "mean": 0.0728755444288,
        "min": 0.00927734375,
        "stdev": 0.0430631004274
    },
    "barkbands": {
        "max": [0.00321888783947, 0.0614868812263, 0.0573034659028, 0.0418348833919, 0.0262708049268, 0.025070361793, 0.0318935997784, 0.0496554970741, 0.0287395603955, 0.0294836256653, 0.0134137682617, 0.0378570146859, 0.0178725440055, 0.00861559249461, 0.00698699429631, 0.00555133586749, 0.00673224171624, 0.0133840218186, 0.0091816643253, 0.00527433399111, 0.00781284924597, 0.015645865351, 0.0137842046097, 0.00835798960179, 0.0102118859068, 0.00112299562898, 2.82422229247e-06],
        "mean": [5.51049197384e-05, 0.00650125648826, 0.00363327143714, 0.00194852252025, 0.00310175865889, 0.0029109576717, 0.00244428520091, 0.00240163342096, 0.00090550177265, 0.00154616078362, 0.000614889839198, 0.00107516464777, 0.00117153546307, 0.000390379369492, 0.00039192524855, 0.000282042368781, 0.000387835287256, 0.000425507227192, 0.0005267317174, 0.000288642739179, 0.000337137666065, 0.000376934593078, 0.000325251428876, 0.000264915055595, 0.000255538616329, 4.38716378994e-05, 6.31582341981e-09],
        "min": [1.59928390531e-08, 4.72784705607e-07, 1.90596801986e-06, 4.36389200331e-06, 1.54369208758e-05, 1.07408332042e-05, 1.05236495074e-05, 2.98629947793e-06, 1.22250839922e-05, 3.95712413592e-06, 4.56666356285e-07, 3.88257376471e-06, 5.04486297359e-06, 9.03245927475e-06, 5.01808972331e-06, 5.786879683e-06, 5.23247172168e-06, 3.60276681022e-06, 2.42030318987e-06, 4.71760404253e-06, 4.73653108202e-06, 2.60519209405e-06, 2.03047716241e-06, 8.97021095625e-07, 4.63465177347e-08, 6.1307285637e-11, 6.77874562038e-11],
        "stdev": [0.000165345292771, 0.0129782566801, 0.00850204285234, 0.0043980688788, 0.0039023924619, 0.00360407633707, 0.00341697758995, 0.00465821381658, 0.00215286808088, 0.00289244600572, 0.00110277277417, 0.00268872221932, 0.00256600487046, 0.000697538489476, 0.000545471149962, 0.000477672729176, 0.000640331651084, 0.000866099260747, 0.000845585309435, 0.000448220409453, 0.000634789466858, 0.000914016738534, 0.000830784498248, 0.000581657048315, 0.000673851231113, 0.00013008233509, 1.07489000811e-07]
    },
    "erbbands": {
        "max": [1.49452483654, 16.7722358704, 60.5754165649, 114.729194641, 108.747489929, 138.80947876, 233.818161011, 265.512023926, 390.539154053, 1083.27893066, 1339.17260742, 717.129638672, 763.400939941, 1174.0324707, 642.006408691, 1896.50244141, 923.667053223, 429.74029541, 488.683685303, 302.392242432, 201.902145386, 400.90045166, 919.539123535, 463.891571045, 350.985321045, 202.772033691, 245.334243774, 448.086914062, 563.611755371, 547.859863281, 369.454589844, 172.276351929, 157.893173218, 169.922836304, 42.4468307495, 6.29582881927, 1.83703649044, 0.0385214053094, 0.00129332393408, 0.000275667873211],
        "mean": [0.146322995424, 1.63723731041, 3.9108042717, 6.1815571785, 7.74952888489, 11.0211410522, 14.880273819, 24.8006782532, 37.549911499, 38.0552520752, 50.9504814148, 22.7920856476, 32.1313171387, 53.9150886536, 24.026102066, 53.0848617554, 58.9352645874, 24.5086936951, 21.8435783386, 16.493555069, 16.1094264984, 21.0402240753, 24.3180923462, 24.0484371185, 24.8109169006, 14.2401266098, 13.063700676, 13.9459228516, 13.8649682999, 11.773607254, 8.93015480042, 5.69976615906, 4.42912197113, 3.52782154083, 1.36936020851, 0.340223371983, 0.0606395937502, 0.00131146900821, 8.17606050987e-05, 4.8150865041e-05],
        "min": [0.000117947602121, 0.0014848341234, 0.00924004986882, 0.0221335310489, 0.0608488097787, 0.0883984640241, 0.349307388067, 0.211606875062, 0.22253036499, 0.306898802519, 0.0704700425267, 0.295241296291, 0.256475180387, 0.296876519918, 0.14835344255, 0.324325203896, 0.414775520563, 0.63086181879, 0.381737530231, 0.338496565819, 0.392868638039, 0.382630735636, 0.244989782572, 0.206892177463, 0.117187842727, 0.203530922532, 0.199875444174, 0.185376808047, 0.087232761085, 0.0682265758514, 0.0523259267211, 0.0316110663116, 0.00698055280373, 0.00170145742595, 0.000123198784422, 1.93771975319e-05, 7.53493986849e-06, 9.78140860752e-07, 9.38507639603e-07, 1.79598055183e-06],
        "stdev": [0.294439554214, 3.24734473228, 8.73246192932, 13.2413902283, 12.8514280319, 15.4674568176, 22.2866039276, 33.6271934509, 48.1427383423, 76.3587799072, 102.273368835, 52.3261871338, 59.733707428, 109.306777954, 43.7141799927, 130.948425293, 125.272583008, 35.6801109314, 34.9481391907, 23.7843952179, 20.4311656952, 34.2113113403, 52.5895652771, 39.8177261353, 39.1812973022, 20.7931861877, 22.0210380554, 29.5495185852, 33.4996910095, 29.2576065063, 23.2626171112, 12.8102064133, 9.95315170288, 9.65856456757, 3.62773561478, 0.865147411823, 0.19599339366, 0.00387635803781, 0.000153227389092, 3.33236857841e-05]
    },
    "gfcc": {
        "mean": [23.5103187561, 91.9876785278, -128.03755188, 45.0599517822, -81.0536422729, 22.6742229462, -46.4385948181, 10.8432216644, -22.7366275787, -1.17486441135, -4.58785915375, -8.33389854431, -3.4244992733],
        "cov": [[1767.08300781, -742.948181152, -65.4144668579, 66.5291366577, -45.8578109741, 178.429977417, 11.8339004517, 80.5023574829, -133.188766479, 60.0623092651, -67.8605575562, 78.6367492676, -224.237350464], [-742.948181152, 1330.63012695, -263.324768066, 0.0910445824265, 213.856536865, -12.4345493317, 240.366622925, -72.5156402588, 231.730422974, -205.406738281, 255.020111084, -157.096679688, 206.170684814], [-65.4144668579, -263.324768066, 613.762695312, 2.43354606628, 13.0122814178, -36.0313072205, -134.295379639, 41.1388473511, -86.5536270142, 139.527999878, -180.164993286, 70.3241043091, -63.1571998596], [66.5291366577, 0.0910445824265, 2.43354606628, 548.14074707, 153.878799438, 123.21938324, 151.795150757, -6.00607633591, 138.751968384, -16.6322631836, 66.3333358765, -67.5897903442, 105.67792511], [-45.8578109741, 213.856536865, 13.0122814178, 153.878799438, 257.903930664, 90.5086746216, 104.365791321, 53.5857200623, 82.9944610596, 9.47785186768, 48.6932525635, -12.7664451599, 52.6815452576], [178.429977417, -12.4345493317, -36.0313072205, 123.21938324, 90.5086746216, 231.62046814, 152.536849976, 31.1036491394, 47.7312545776, 13.3189983368, 55.2820205688, 13.3330764771, 5.66232967377], [11.8339004517, 240.366622925, -134.295379639, 151.795150757, 104.365791321, 152.536849976, 288.949676514, 17.697593689, 106.643539429, -26.4110851288, 112.138717651, -2.64808869362, 43.1501960754], [80.5023574829, -72.5156402588, 41.1388473511, -6.00607633591, 53.5857200623, 31.1036491394, 17.697593689, 154.848983765, 48.54737854, 54.6525115967, -7.22186660767, 14.0842790604, -13.181096077], [-133.188766479, 231.730422974, -86.5536270142, 138.751968384, 82.9944610596, 47.7312545776, 106.643539429, 48.54737854, 188.033035278, 5.51131248474, 92.4880599976, -42.3028068542, 75.1214523315], [60.0623092651, -205.406738281, 139.527999878, -16.6322631836, 9.47785186768, 13.3189983368, -26.4110851288, 54.6525115967, 5.51131248474, 136.029022217, -40.0760231018, 59.5676727295, -40.6239280701], [-67.8605575562, 255.020111084, -180.164993286, 66.3333358765, 48.6932525635, 55.2820205688, 112.138717651, -7.22186660767, 92.4880599976, -40.0760231018, 169.742889404, -21.9315433502, 60.6538658142], [78.6367492676, -157.096679688, 70.3241043091, -67.5897903442, -12.7664451599, 13.3330764771, -2.64808869362, 14.0842790604, -42.3028068542, 59.5676727295, -21.9315433502, 121.663032532, -20.0556201935], [-224.237350464, 206.170684814, -63.1571998596, 105.67792511, 52.6815452576, 5.66232967377, 43.1501960754, -13.181096077, 75.1214523315, -40.6239280701, 60.6538658142, -20.0556201935, 137.989395142]],
        "icov": [[0.00106429040898, 0.000342239422025, 0.000437060341937, -0.000484409189085, -7.10416061338e-05, -0.000609620532487, 0.00022197997896, -0.000515857536811, 0.000329861941282, 0.000545849674381, -0.00010263567674, -0.000539523607586, 0.00167045323178], [0.000342239422025, 0.00469832355157, -0.00184537319001, 0.00385360489599, -0.00371023803018, 0.00200288137421, -0.00320525211282, 0.00283536873758, -0.00385699677281, 0.00459444662556, -0.00329748238437, 0.00349145918153, -0.00224282895215], [0.000437060341937, -0.00184537319001, 0.00418088072911, -0.0024717184715, 0.000905361608602, -0.00108721537981, 0.00204362673685, -0.00146310951095, 0.00251471600495, -0.00406391965225, 0.00383912865072, -0.00220374949276, 0.00162085564807], [-0.000484409189085, 0.00385360489599, -0.0024717184715, 0.00693882629275, -0.00394624238834, 0.00112161436118, -0.00372788612731, 0.0039509255439, -0.00473804213107, 0.00313901854679, -0.00223667989485, 0.00512573402375, -0.00475485762581], [-7.10416061338e-05, -0.00371023803018, 0.000905361608602, -0.00394624238834, 0.00888535194099, -0.0027267714031, 0.00172032450791, -0.00410293461755, 0.00296371779405, -0.00358168338425, 0.00203792308457, -0.0024442083668, 0.000735464505851], [-0.000609620532487, 0.00200288137421, -0.00108721537981, 0.00112161436118, -0.0027267714031, 0.0090827010572, -0.00514152180403, 0.000884813605808, -0.000728195824195, 0.000857705599628, -0.00242306781001, 0.00145225285087, -0.00105405156501], [0.00022197997896, -0.00320525211282, 0.00204362673685, -0.00372788612731, 0.00172032450791, -0.00514152180403, 0.0103232776746, -0.00197537359782, 1.24375583255e-05, -0.000685331469867, 0.000584357883781, -0.00525766797364, 0.00384783395566], [-0.000515857536811, 0.00283536873758, -0.00146310951095, 0.0039509255439, -0.00410293461755, 0.000884813605808, -0.00197537359782, 0.0116095021367, -0.00639291480184, 0.000269516371191, -0.000523372320458, 0.00244608893991, -0.00136805558577], [0.000329861941282, -0.00385699677281, 0.00251471600495, -0.00473804213107, 0.00296371779405, -0.000728195824195, 1.24375583255e-05, -0.00639291480184, 0.0176574382931, -0.00926989782602, -0.00123383512255, 0.00195265526418, -0.00215342547745], [0.000545849674381, 0.00459444662556, -0.00406391965225, 0.00313901854679, -0.00358168338425, 0.000857705599628, -0.000685331469867, 0.000269516371191, -0.00926989782602, 0.0209050066769, -0.00268194661476, -0.00427606655285, 0.00308899534866], [-0.00010263567674, -0.00329748238437, 0.00383912865072, -0.00223667989485, 0.00203792308457, -0.00242306781001, 0.000584357883781, -0.000523372320458, -0.00123383512255, -0.00268194661476, 0.0151214143261, -0.00348263443448, 4.80395610793e-05], [-0.000539523607586, 0.00349145918153, -0.00220374949276, 0.00512573402375, -0.0024442083668, 0.00145225285087, -0.00525766797364, 0.00244608893991, 0.00195265526418, -0.00427606655285, -0.00348263443448, 0.0174528677016, -0.00653063226491], [0.00167045323178, -0.00224282895215, 0.00162085564807, -0.00475485762581, 0.000735464505851, -0.00105405156501, 0.00384783395566, -0.00136805558577, -0.00215342547745, 0.00308899534866, 4.80395610793e-05, -0.00653063226491, 0.0172357987612]]
    },
    "melbands": {
        "max": [0.0163199845701, 0.027336101979, 0.0194404739887, 0.00652986997738, 0.00648727314547, 0.00555975595489, 0.00565399602056, 0.0116833951324, 0.00991719495505, 0.00493359053507, 0.00381393078715, 0.00510255945846, 0.00211386871524, 0.00440635811538, 0.00265894667245, 0.00138287444133, 0.00095759157557, 0.00094785366673, 0.000357241835445, 0.00050275225658, 0.000227133874432, 0.000354966614395, 0.000358512421371, 0.00082435098011, 0.000427460094215, 0.000379681296181, 0.000198914596695, 0.000148816179717, 0.000164070268511, 0.000211350168684, 0.000282833439996, 0.00030783956754, 0.000356261443812, 0.000285296759102, 0.000251834164374, 0.000157837886945, 9.25280328374e-05, 0.000114904243674, 0.000116860181151, 0.000162410680787],
        "mean": [0.00165346148424, 0.00209003407508, 0.00109059747774, 0.000678748707287, 0.000504164316226, 0.000569282099605, 0.000572071527131, 0.000425714970334, 0.000380398676498, 0.000131663284265, 0.000159062838065, 0.000222669303184, 7.21620599506e-05, 0.000114101596409, 0.000149094717926, 9.6737050626e-05, 4.06232502428e-05, 3.40604347002e-05, 2.68719632004e-05, 2.02014271053e-05, 1.85769622476e-05, 2.02993578569e-05, 2.41815505433e-05, 2.03877934837e-05, 1.88485391845e-05, 2.14525753108e-05, 1.15148459372e-05, 9.0918283604e-06, 8.05347008281e-06, 7.71718714532e-06, 8.16065494291e-06, 8.07294327387e-06, 6.82804784446e-06, 6.49203229841e-06, 5.53249310542e-06, 3.84744180337e-06, 3.28504552272e-06, 3.09525148623e-06, 2.97896349366e-06, 3.04073773805e-06],
        "min": [7.10194967724e-07, 4.01395845984e-06, 3.92061156163e-06, 3.06447486764e-06, 1.08275235107e-05, 5.2651794249e-06, 2.8245528938e-06, 2.44992065745e-06, 3.98771817345e-07, 1.74707008682e-06, 1.20018796679e-06, 9.72471866589e-07, 9.73066889287e-08, 7.87595752172e-07, 7.69665177813e-07, 5.73506895307e-07, 1.02602723473e-06, 5.00785063196e-07, 3.19054720421e-07, 3.99018688313e-07, 4.26802529319e-07, 3.82505220387e-07, 3.19980017593e-07, 1.33116827783e-07, 1.21250948837e-07, 7.6061652976e-08, 8.78176820152e-08, 1.2714939146e-07, 1.05839859543e-07, 8.58755058175e-08, 1.85658404206e-08, 3.33694138988e-09, 2.73195741585e-08, 2.92991888529e-08, 8.52648351923e-09, 1.88931714717e-08, 9.49147604956e-09, 2.69157762744e-09, 2.65651944886e-10, 6.02642198297e-12],
        "stdev": [0.00332175381482, 0.00386017444544, 0.00218764180318, 0.000898934900761, 0.000685219711158, 0.000745091994759, 0.000724153302144, 0.000858718936797, 0.000760749564506, 0.000342765590176, 0.000301883439533, 0.000471926730825, 0.000139433832373, 0.000285741349217, 0.000307298672851, 0.000197694884264, 7.1269365435e-05, 6.21857252554e-05, 3.5273431422e-05, 4.12915505876e-05, 2.4077911803e-05, 3.19786595355e-05, 4.20223659603e-05, 5.10775025759e-05, 3.40663609677e-05, 3.77839714929e-05, 1.67571542988e-05, 1.43585102705e-05, 1.34596730277e-05, 1.48420185724e-05, 1.80866663868e-05, 1.97996942006e-05, 1.7622298401e-05, 1.64777939062e-05, 1.46655820572e-05, 9.90373155219e-06, 7.15839269105e-06, 7.17028979125e-06, 7.33835486244e-06, 8.80895277078e-06]
    },
    "melbands128": {
        "max": [0.00267880433239, 0.0113606266677, 0.0298897698522, 0.0337243750691, 0.0378328077495, 0.0307604018599, 0.0254632458091, 0.0194698572159, 0.0117794023827, 0.00961772166193, 0.0103158596903, 0.00972666032612, 0.0119307590649, 0.00979758985341, 0.00895247235894, 0.0104331616312, 0.00959560461342, 0.0105271395296, 0.0134975425899, 0.0190414525568, 0.0121415574104, 0.0141230840236, 0.0149860680103, 0.00687312334776, 0.00769551098347, 0.0107843233272, 0.00744290696457, 0.00696285860613, 0.00299640116282, 0.0083526391536, 0.00621525850147, 0.00223434367217, 0.00371839292347, 0.00371984881349, 0.00223254063167, 0.00869671814144, 0.00777725502849, 0.00484345294535, 0.00409528240561, 0.00313990446739, 0.00296422233805, 0.00140051997732, 0.00138072739355, 0.00127896352205, 0.00136167765595, 0.00195058528334, 0.000760951661505, 0.0007235230878, 0.000702573161107, 0.00100314558949, 0.00104444089811, 0.000616544624791, 0.000370121473679, 0.000516219704878, 0.000351228576619, 0.000303024105961, 0.00122382165864, 0.000729843217414, 0.000559028878342, 0.00185783964116, 0.00135003577452, 0.00050428987015, 0.000679393124301, 0.000894177297596, 0.00157625460997, 0.000538151478395, 0.000633402552921, 0.000264094094746, 0.000284219160676, 0.0002887667506, 0.00014873672626, 0.000264344533207, 0.00017156204558, 0.000244471826591, 0.000154028501129, 0.0002458243398, 0.000283411412966, 0.000428191735409, 0.000242255235207, 0.000309949013172, 0.000302252039546, 0.000429164443631, 0.00031849934021, 0.000353788171196, 0.000408441643231, 0.00029744222411, 0.000407486542827, 0.000261974579189, 0.000299887993606, 0.000250901415711, 0.000280743726762, 0.000145981422975, 0.000136744041811, 9.90560438368e-05, 0.000111139212095, 0.000192386301933, 0.000132088098326, 9.80658805929e-05, 0.000113489368232, 0.000132633707835, 0.000303135428112, 0.000147475031554, 0.000182209172635, 0.000102827762021, 6.33867384749e-05, 4.20717296947e-05, 2.83147928712e-05, 2.89507042908e-05, 1.20149361464e-05, 1.68844726431e-05, 3.15180659527e-05, 1.49413590407e-05, 3.31585988533e-06, 7.68865149325e-08, 6.84214356284e-08, 6.12273254319e-08, 1.40746960753e-08, 1.33439606032e-08, 1.29194699383e-08, 1.25293881936e-08, 1.21973675604e-08, 1.18861942511e-08, 1.16324070376e-08, 1.1419000856e-08, 1.12238689454e-08, 1.10912958817e-08, 1.09877893451e-08, 1.09209379318e-08],
        "mean": [4.71115163236e-05, 0.000756736728363, 0.00275761238299, 0.00259988615289, 0.00203122547828, 0.00178035476711, 0.00132317165844, 0.000856328173541, 0.000754674780183, 0.000726681260858, 0.000613729120232, 0.000467511446914, 0.000551885226741, 0.000431573862443, 0.000485665339511, 0.000745038734749, 0.000634775205981, 0.000566645641811, 0.000467212696094, 0.000399621407269, 0.00040096900193, 0.000455367786344, 0.000501458358485, 0.000138508548844, 0.000101824422018, 0.000142280332511, 0.000138723873533, 0.00018137411098, 0.000110396948003, 0.000308068469167, 0.00025739861303, 7.86108867032e-05, 5.06041906192e-05, 7.72885978222e-05, 5.73921533942e-05, 0.000149155966938, 0.000173878623173, 0.000107399144326, 0.000179767419468, 0.000153660948854, 6.46983608021e-05, 3.66052227037e-05, 4.2811192543e-05, 4.36343834735e-05, 2.65395883616e-05, 3.62172686437e-05, 3.8194397348e-05, 2.90029638563e-05, 2.04486059374e-05, 1.8649167032e-05, 2.3367236281e-05, 1.77170786628e-05, 1.66579447978e-05, 2.05167252716e-05, 2.00591548492e-05, 1.51992599058e-05, 2.54520946328e-05, 2.88090050162e-05, 2.01168459171e-05, 2.25470685109e-05, 2.28945391427e-05, 1.55168600031e-05, 1.93144041987e-05, 1.87572168215e-05, 2.07584544114e-05, 2.15531563299e-05, 2.53843572864e-05, 1.15349730549e-05, 9.10324706638e-06, 8.70721305546e-06, 9.30455098569e-06, 9.62393187365e-06, 7.84144503996e-06, 7.57060615797e-06, 8.53459550854e-06, 7.28979421183e-06, 7.37593381928e-06, 8.82248696144e-06, 8.16246665636e-06, 7.55851078793e-06, 8.35808987176e-06, 8.53771780385e-06, 7.07947629053e-06, 6.37546281723e-06, 7.10493804945e-06, 6.01134479439e-06, 6.83460257278e-06, 6.27848748991e-06, 5.63546154808e-06, 4.90457659907e-06, 4.00685757995e-06, 3.37457527166e-06, 3.86016245102e-06, 3.20098138218e-06, 3.00657256957e-06, 3.20891149386e-06, 3.13539953822e-06, 2.94402593681e-06, 2.892924158e-06, 2.99956855088e-06, 3.22296205013e-06, 3.17712851938e-06, 2.75260390481e-06, 1.95347570298e-06, 1.45376782257e-06, 1.06525442334e-06, 9.50492960783e-07, 4.50509560324e-07, 3.88524796335e-07, 5.57259511424e-07, 7.84578276125e-07, 2.8476054581e-07, 3.56323113238e-08, 4.34924818382e-10, 3.39938105443e-10, 2.61297622428e-10, 8.1782747241e-11, 2.43032538538e-11, 2.35022400846e-11, 2.27708511769e-11, 2.21398316347e-11, 2.15786988972e-11, 2.11062226724e-11, 2.06951296378e-11, 2.02460496285e-11, 1.98061289591e-11, 1.95174432172e-11, 1.93823429528e-11],
        "min": [1.53365861677e-10, 1.29916102765e-07, 6.60949979192e-08, 1.68820463387e-07, 1.51917527091e-06, 5.79409686452e-07, 8.25516735858e-07, 1.59464650551e-06, 1.73018997884e-06, 7.41339135857e-07, 1.4281293943e-06, 7.20445655134e-07, 1.00752265553e-06, 9.18107502912e-07, 2.24401742344e-06, 7.97057396085e-07, 2.0116392534e-06, 1.79978792403e-06, 4.52869358014e-07, 5.51792766146e-07, 2.64314166998e-07, 2.82860185052e-07, 2.09292608133e-07, 5.05472826262e-07, 4.69884952281e-07, 7.11082677185e-08, 1.97922503276e-07, 1.48850091364e-07, 2.03965555556e-07, 1.58265322625e-07, 1.14821531838e-07, 4.02772357688e-08, 3.1134543832e-08, 1.5341481685e-07, 2.44679483785e-07, 8.43126386485e-08, 7.80191342642e-08, 4.84186593042e-08, 3.36217844676e-08, 1.51049750485e-08, 1.98670576879e-07, 2.01830204105e-07, 8.70190532964e-08, 3.66216113434e-07, 1.60247495273e-07, 1.59313771064e-07, 1.91026657603e-07, 2.14084366235e-07, 2.02561196261e-07, 2.0409896706e-07, 1.66881349628e-07, 1.64930725077e-07, 3.19021040696e-07, 2.31324548849e-07, 9.50499696728e-08, 1.16432978814e-07, 1.52585215574e-07, 8.27103008305e-08, 5.54220171978e-08, 3.31946843346e-08, 1.89162197017e-08, 8.18738783437e-08, 6.1777278404e-08, 4.72689549724e-08, 9.42336519927e-09, 2.17055156071e-08, 3.82437619351e-08, 2.14695674572e-08, 6.76814781997e-09, 5.24226138054e-08, 7.91019658664e-08, 1.15869527306e-08, 3.61139953498e-08, 4.05166105111e-08, 3.3711664571e-08, 2.54430432278e-08, 1.6522331947e-08, 5.5168786206e-10, 5.03829256093e-10, 5.60141155681e-10, 2.598901927e-10, 1.00587937979e-09, 5.2293267494e-09, 5.28999999361e-09, 6.17832451866e-09, 2.89154522548e-09, 1.45592480294e-08, 2.69839012246e-10, 1.4180179253e-09, 3.59173735198e-09, 1.06000612732e-08, 2.21433404946e-09, 2.02646006642e-08, 3.41885564303e-09, 5.11853059937e-11, 4.13777456743e-10, 7.10815295513e-11, 4.61492042497e-12, 1.50511569354e-12, 6.47900960313e-12, 5.82909241709e-12, 4.94608477439e-12, 4.26282403473e-12, 1.21079166658e-12, 4.51653417357e-13, 4.62021967993e-13, 2.70984460999e-13, 2.3679907861e-13, 2.6936040746e-13, 2.23110077505e-13, 2.9410412365e-13, 2.39463830709e-13, 2.54327185397e-13, 2.04815724385e-13, 1.93471378241e-13, 2.50928970527e-13, 2.04897852699e-13, 1.83184251188e-13, 2.13144687447e-13, 2.17123357054e-13, 2.28990735878e-13, 2.24902317906e-13, 2.75865728915e-13, 2.42808458886e-13, 1.95763259661e-13, 5.23800092384e-14, 9.56647480958e-15, 3.66163237494e-16],
        "stdev": [0.000146350968862, 0.00154006027151, 0.0058757411316, 0.00539164897054, 0.00481680594385, 0.00405905162916, 0.00296646472998, 0.00194881891366, 0.00141005276237, 0.00111958757043, 0.00104419444688, 0.000872144009918, 0.00105310126673, 0.000777871347964, 0.000973465037532, 0.00121343194041, 0.00103546341415, 0.00108627253212, 0.000909689813852, 0.0011862302199, 0.00112820265349, 0.00115834316239, 0.00115054275375, 0.000350574729964, 0.000433125213021, 0.000552472309209, 0.000384306622436, 0.000503571587615, 0.000237278291024, 0.000802256865427, 0.000548376468942, 0.000140618081787, 0.000201015136554, 0.000218742730794, 0.000152186854393, 0.00048947322648, 0.000599050428718, 0.000359395897249, 0.00052779330872, 0.000409034633776, 0.000189140380826, 9.49089735514e-05, 9.78136449703e-05, 0.000100280281913, 7.04070262145e-05, 0.000102465361124, 6.44516185275e-05, 5.38439853699e-05, 3.74163646484e-05, 5.28333257535e-05, 7.33665947337e-05, 3.90802888433e-05, 2.6229328796e-05, 3.87119653169e-05, 3.47941240761e-05, 2.76041700999e-05, 8.2467784523e-05, 6.60959631205e-05, 4.17989322159e-05, 9.37915610848e-05, 8.23772134027e-05, 3.3193588024e-05, 4.13435991504e-05, 5.10946338181e-05, 7.60067778174e-05, 4.53216889582e-05, 6.14809832769e-05, 2.09433783311e-05, 1.7484626369e-05, 1.69837931026e-05, 1.55327707034e-05, 1.84331165656e-05, 1.47932714754e-05, 1.38430032166e-05, 1.61642528838e-05, 1.47407408804e-05, 1.58736420417e-05, 2.19276207645e-05, 1.80895840458e-05, 1.90728551388e-05, 2.15428244701e-05, 2.29267498071e-05, 1.8927947167e-05, 1.73832522705e-05, 1.96605669771e-05, 1.58875536727e-05, 1.90039500012e-05, 1.65921137523e-05, 1.56018122652e-05, 1.4112952158e-05, 1.24808339024e-05, 8.76293688634e-06, 9.36151354836e-06, 7.1298632065e-06, 6.64164736008e-06, 8.2768028733e-06, 8.21499452286e-06, 6.49526373309e-06, 7.31881300453e-06, 8.29363943922e-06, 1.16541687021e-05, 9.08701440494e-06, 8.64930279931e-06, 5.93080039835e-06, 4.50397828899e-06, 3.01156205751e-06, 2.59397938862e-06, 1.42414558013e-06, 1.16522369353e-06, 1.85944088571e-06, 2.83080294139e-06, 1.08622543848e-06, 1.64820917803e-07, 3.64518659701e-09, 3.11992809365e-09, 2.38141750764e-09, 7.70950969731e-10, 5.03805108742e-10, 4.87714257869e-10, 4.73025285608e-10, 4.60426863302e-10, 4.48712622614e-10, 4.39089958837e-10, 4.31013530422e-10, 4.23713036879e-10, 4.1865227951e-10, 4.14764028678e-10, 4.12245376724e-10]
    },
    "mfcc": {
        "mean": [-605.83782959, 103.383865356, 11.1173667908, 15.7769594193, -0.0657180696726, -0.199438378215, -1.97272121906, -0.0436444729567, -4.94854259491, -1.20152401924, 1.3066804409, 0.715620279312, 0.203557282686],
        "cov": [[1883.43737793, -699.564453125, -167.444824219, -31.2957839966, -64.7562866211, 118.719062805, 108.178573608, 158.658081055, -78.9814529419, 36.6451263428, 118.193954468, -3.78483748436, 11.1883354187], [-699.564453125, 1102.31066895, -166.563949585, -89.0026779175, 23.1171035767, -67.5443725586, 27.0260009766, 39.8977432251, 4.43891906738, 1.90817797184, -26.8305301666, 59.9802055359, -11.7792072296], [-167.444824219, -166.563949585, 392.775543213, 58.7400512695, 35.5851631165, 13.5130109787, -43.8960227966, -86.9253311157, 41.6499176025, -44.7887878418, -6.8349237442, -15.1570463181, -8.41088962555], [-31.2957839966, -89.0026779175, 58.7400512695, 326.160766602, 95.2772903442, 110.312187195, 30.9653320312, 24.7646198273, 84.991973877, 47.3344154358, -0.37418782711, 19.0022087097, 16.7777843475], [-64.7562866211, 23.1171035767, 35.5851631165, 95.2772903442, 228.187728882, -0.621775329113, 21.9411811829, -16.9224014282, 80.1516952515, 25.1482086182, 8.92087841034, 12.2783689499, 19.9743404388], [118.719062805, -67.5443725586, 13.5130109787, 110.312187195, -0.621775329113, 267.03112793, 94.8297348022, 98.5673904419, 29.0991039276, 43.0221443176, 33.8247642517, 15.3731336594, 23.1965808868], [108.178573608, 27.0260009766, -43.8960227966, 30.9653320312, 21.9411811829, 94.8297348022, 149.167388916, 90.648651123, 26.7884616852, 30.4452209473, 31.0039710999, 19.7712688446, 26.4707946777], [158.658081055, 39.8977432251, -86.9253311157, 24.7646198273, -16.9224014282, 98.5673904419, 90.648651123, 162.799560547, 23.7013816833, 50.1627883911, 43.4546813965, 29.7074966431, 29.58735466], [-78.9814529419, 4.43891906738, 41.6499176025, 84.991973877, 80.1516952515, 29.0991039276, 26.7884616852, 23.7013816833, 154.466827393, 35.3673973083, 32.1090698242, 35.9516716003, 22.6958446503], [36.6451263428, 1.90817797184, -44.7887878418, 47.3344154358, 25.1482086182, 43.0221443176, 30.4452209473, 50.1627883911, 35.3673973083, 102.513793945, 42.2566566467, 22.5243816376, 18.5388011932], [118.193954468, -26.8305301666, -6.8349237442, -0.37418782711, 8.92087841034, 33.8247642517, 31.0039710999, 43.4546813965, 32.1090698242, 42.2566566467, 119.601242065, 54.7783050537, 15.9881782532], [-3.78483748436, 59.9802055359, -15.1570463181, 19.0022087097, 12.2783689499, 15.3731336594, 19.7712688446, 29.7074966431, 35.9516716003, 22.5243816376, 54.7783050537, 89.4074020386, 34.5366172791], [11.1883354187, -11.7792072296, -8.41088962555, 16.7777843475, 19.9743404388, 23.1965808868, 26.4707946777, 29.58735466, 22.6958446503, 18.5388011932, 15.9881782532, 34.5366172791, 82.5623397827]],
        "icov": [[0.000992086250335, 0.000746201840229, 0.000488154619234, 0.000135945127113, -0.000207353470614, 2.2137302949e-05, -0.000301569380099, -0.000839763146359, 0.000591059157159, 0.00035632084473, -0.000688816595357, -7.86323726061e-05, 0.000359491881682], [0.000746201840229, 0.00170615082607, 0.000699993164744, 0.000510733574629, -0.000486461794935, 0.000216412809095, -0.000433758657891, -0.000951504916884, 0.000350585207343, 0.000208313926123, 0.000542194058653, -0.00159925827757, 0.00106760126073], [0.000488154619234, 0.000699993164744, 0.00383978825994, -0.000298173923511, -0.000159552131663, -0.000880266656168, 0.000302734872093, 0.0015766316792, -0.000991376466118, 0.00187299004756, -0.00109871150926, 0.000453893182566, -1.58161001309e-05], [0.000135945127113, 0.000510733574629, -0.000298173923511, 0.0049626021646, -0.00152637017891, -0.00191162759438, 0.000399758428102, -0.000141145894304, -0.00131372618489, -0.00156639306806, 0.00213149469346, -0.00165096891578, 0.000835086219013], [-0.000207353470614, -0.000486461794935, -0.000159552131663, -0.00152637017891, 0.00642153527588, 0.000859516381752, -0.00154138950165, 0.00224586273544, -0.00258621224202, -0.000796641514171, -0.000463815929834, 0.00124294310808, -0.00139337859582], [2.2137302949e-05, 0.000216412809095, -0.000880266656168, -0.00191162759438, 0.000859516381752, 0.00656031677499, -0.00260022748262, -0.00253627076745, 0.000577264116146, -0.000529538665432, -0.000574748206418, 0.000600285362452, -0.000161455667694], [-0.000301569380099, -0.000433758657891, 0.000302734872093, 0.000399758428102, -0.00154138950165, -0.00260022748262, 0.0118817863986, -0.0045814733021, -0.000527577241883, 0.000771209306549, -0.000626278168056, 0.000718503782991, -0.00134302431252], [-0.000839763146359, -0.000951504916884, 0.0015766316792, -0.000141145894304, 0.00224586273544, -0.00253627076745, -0.0045814733021, 0.014047248289, -0.00172597554047, -0.00254619098268, -0.00110402877908, 0.000173789594555, -0.00204125535674], [0.000591059157159, 0.000350585207343, -0.000991376466118, -0.00131372618489, -0.00258621224202, 0.000577264116146, -0.000527577241883, -0.00172597554047, 0.0104095842689, -0.00130144297145, -0.00101170700509, -0.00239743385464, 1.6556799892e-05], [0.00035632084473, 0.000208313926123, 0.00187299004756, -0.00156639306806, -0.000796641514171, -0.000529538665432, 0.000771209306549, -0.00254619098268, -0.00130144297145, 0.0148747647181, -0.00471623288468, 0.00153626874089, -0.00121434114408], [-0.000688816595357, 0.000542194058653, -0.00109871150926, 0.00213149469346, -0.000463815929834, -0.000574748206418, -0.000626278168056, -0.00110402877908, -0.00101170700509, -0.00471623288468, 0.015792934224, -0.00950846541673, 0.00275204447098], [-7.86323726061e-05, -0.00159925827757, 0.000453893182566, -0.00165096891578, 0.00124294310808, 0.000600285362452, 0.000718503782991, 0.000173789594555, -0.00239743385464, 0.00153626874089, -0.00950846541673, 0.0214602742344, -0.00741942320019], [0.000359491881682, 0.00106760126073, -1.58161001309e-05, 0.000835086219013, -0.00139337859582, -0.000161455667694, -0.00134302431252, -0.00204125535674, 1.6556799892e-05, -0.00121434114408, 0.00275204447098, -0.00741942320019, 0.0164277199656]]
    },
    "spectral_contrast_coeffs": {
        "max": [-0.414561152458, -0.534256458282, -0.50134062767, -0.618361234665, -0.593384504318, -0.517198443413],
        "mean": [-0.69407916069, -0.721315264702, -0.750271677971, -0.798090815544, -0.792963445187, -0.759392678738],
        "min": [-0.933967888355, -0.908760309219, -0.913317739964, -0.901939511299, -0.882121503353, -0.858886241913],
        "stdev": [0.0752180367708, 0.0679096281528, 0.0684630274773, 0.0525397211313, 0.0469066537917, 0.0510828346014]
    },
    "spectral_contrast_valleys": {
        "max": [-5.08840227127, -5.0938873291, -5.68613672256, -6.16644763947, -5.65012979507, -7.06173467636],
        "mean": [-6.59901285172, -6.42094564438, -7.18029737473, -7.33146381378, -7.20720291138, -9.60117053986],
        "min": [-8.79232597351, -8.3078546524, -9.01494312286, -8.58028030396, -9.57532596588, -13.5644006729],
        "stdev": [0.56662851572, 0.494937360287, 0.576675891876, 0.429808497429, 0.598798930645, 0.907878160477]
    }
},
"rhythm": {
    "beats_count": 68,
    "beats_loudness": {
        "max": 0.101617604494,
        "mean": 0.0653687790036,
        "min": 0.0141083514318,
        "stdev": 0.0257600173354
    },
    "bpm": 127.987228394,
    "bpm_histogram_first_peak_bpm": 129,
    "bpm_histogram_first_peak_weight": 0.384615361691,
    "bpm_histogram_second_peak_bpm": 117,
    "bpm_histogram_second_peak_spread": 0,
    "bpm_histogram_second_peak_weight": 0.0149253727868,
    "danceability": 1.40433955193,
    "onset_rate": 3.69140601158,
    "beats_loudness_band_ratio": {
        "max": [0.977040588856, 0.569556951523, 0.499970287085, 0.650361776352, 0.423201948404, 0.224849328399],
        "mean": [0.668922781944, 0.0975081324577, 0.0979514345527, 0.0909709483385, 0.0403877831995, 0.0332407616079],
        "min": [0.0485736466944, 0.00416922196746, 0.00292111816816, 0.00185779784806, 0.00221812375821, 0.001895826892],
        "stdev": [0.294794887304, 0.123075298965, 0.116384729743, 0.125226572156, 0.0728535652161, 0.0402195304632]
    },
    "beats_position": [0.49922901392, 1.01006805897, 1.49768710136, 1.97369611263, 2.43809509277, 2.90249419212, 3.36689329147, 3.84290242195, 4.31891155243, 4.78331041336, 5.24770975113, 5.71210861206, 6.18811798096, 6.66412687302, 7.12852573395, 7.59292507172, 8.05732440948, 8.53333282471, 9.0093421936, 9.47374153137, 9.93814086914, 10.4025392532, 10.866938591, 11.3429479599, 11.8189563751, 12.2833557129, 12.7477550507, 13.2121543884, 13.6881628036, 14.1641721725, 14.6285715103, 15.0929698944, 15.5573692322, 16.0217685699, 16.4977779388, 16.9737873077, 17.4381847382, 17.9025840759, 18.3669834137, 18.8429927826, 19.3190021515, 19.7834014893, 20.247800827, 20.7121982574, 21.1882076263, 21.6642169952, 22.128616333, 22.5930156708, 23.0574150085, 23.5218143463, 23.9862117767, 24.4622211456, 24.9382305145, 25.4026298523, 25.8670291901, 26.3314285278, 26.8074378967, 27.2834453583, 27.747844696, 28.2122440338, 28.6766433716, 29.1526527405, 29.6170520782, 30.081451416, 30.5574588776, 31.0334682465, 31.5094776154, 31.9738769531],
