{
"metadata": {
    "version": {
        "essentia": "2.1-beta5",
        "essentia_git_sha": "Undefined",
        "extractor": "music 2.0"
    },
    "audio_properties": {
        "analysis": {
            "equal_loudness": 0,
            "length": 29.0017242432,
            "sample_rate": 44100,
            "start_time": 64.9926528931,
            "downmix": "mix"
        },
        "bit_rate": 192000,
        "length": 190.484909058,
        "lossless": 0,
        "number_channels": 2,
        "replay_gain": -10.0916786194,
        "sample_rate": 48000,
        "codec": "mp3",
        "md5_encoded": "08dd0c6cb5eecddc941d177393a3d3c7"
    },
    "tags": {
        "file_name": "Malta_What If We_Chiara.mp3",
        "encoding": ["Lavf58.29.100"]
    }
},
"lowlevel": {
    "average_loudness": 0.861673355103,
    "barkbands_crest": {
        "max": 23.6073551178,
        "mean": 11.030544281,
        "min": 3.28267455101,
        "stdev": 4.17399597168
    },
    "barkbands_flatness_db": {
        "max": 0.244588658214,
        "mean": 0.127498984337,
        "min": 0.0366032794118,
        "stdev": 0.0336100906134
    },
    "barkbands_kurtosis": {
        "max": 41.7942085266,
        "mean": 3.46018123627,
        "min": -1.85477459431,
        "stdev": 5.43039512634
    },
    "barkbands_skewness": {
        "max": 6.15917873383,
        "mean": 1.35359418392,
        "min": -1.22577023506,
        "stdev": 1.23978185654
    },
    "barkbands_spread": {
        "max": 91.5959396362,
        "mean": 20.7726039886,
        "min": 3.06623339653,
        "stdev": 9.85957431793
    },
    "dissonance": {
        "max": 0.499647200108,
        "mean": 0.455574721098,
        "min": 0.309871673584,
        "stdev": 0.0265534743667
    },
    "dynamic_complexity": 3.5344722271,
    "erbbands_crest": {
        "max": 26.6112442017,
        "mean": 10.5489196777,
        "min": 3.14535212517,
        "stdev": 4.41649150848
    },
    "erbbands_flatness_db": {
        "max": 0.281556040049,
        "mean": 0.166639477015,
        "min": 0.0586358308792,
        "stdev": 0.0435703545809
    },
    "erbbands_kurtosis": {
        "max": 8.02131652832,
        "mean": 0.316812366247,
        "min": -1.57769572735,
        "stdev": 1.48433601856
    },
    "erbbands_skewness": {
        "max": 2.58195114136,
        "mean": 0.372835338116,
        "min": -2.38076305389,
        "stdev": 0.675662398338
    },
    "erbbands_spread": {
        "max": 118.091094971,
        "mean": 36.0072364807,
        "min": 7.64197731018,
        "stdev": 17.5569610596
    },
    "hfc": {
        "max": 98.6937103271,
        "mean": 17.6003646851,
        "min": 0.887347698212,
        "stdev": 19.0723190308
    },
    "loudness_ebu128": {
        "integrated": -14.6053705215,
        "loudness_range": 4.03396129608,
        "momentary": {
            "max": -10.7966556549,
            "mean": -15.4192962646,
            "min": -22.2341690063,
            "stdev": 2.7546787262
        },
        "short_term": {
            "max": -12.030626297,
            "mean": -14.8473005295,
            "min": -17.830450058,
            "stdev": 1.34525895119
        }
    },
    "melbands_crest": {
        "max": 31.005525589,
        "mean": 14.6387577057,
        "min": 4.28545618057,
        "stdev": 5.48044776917
    },
    "melbands_flatness_db": {
        "max": 0.319597899914,
        "mean": 0.189509168267,
        "min": 0.0842092111707,
        "stdev": 0.0404022037983
    },
    "melbands_kurtosis": {
        "max": 105.150108337,
        "mean": 10.4246912003,
        "min": -1.63396823406,
        "stdev": 13.2110376358
    },
    "melbands_skewness": {
        "max": 8.42191791534,
        "mean": 2.23376464844,
        "min": -1.01851963997,
        "stdev": 1.65270721912
    },
    "melbands_spread": {
        "max": 94.3662109375,
        "mean": 25.5029773712,
        "min": 2.79262495041,
        "stdev": 16.1689109802
    },
    "pitch_salience": {
        "max": 0.804612159729,
        "mean": 0.539850175381,
        "min": 0.178352534771,
        "stdev": 0.0994037315249
    },
    "silence_rate_20dB": {
        "max": 1,
        "mean": 1,
        "min": 1,
        "stdev": 0
    },
    "silence_rate_30dB": {
        "max": 1,
        "mean": 1,
        "min": 1,
        "stdev": 0
    },
    "silence_rate_60dB": {
        "max": 1,
        "mean": 0.0944000035524,
        "min": 0,
        "stdev": 0.292384207249
    },
    "spectral_centroid": {
        "max": 2933.57788086,
        "mean": 1417.96838379,
        "min": 367.844451904,
        "stdev": 648.033569336
    },
    "spectral_complexity": {
        "max": 32,
        "mean": 12.1384000778,
        "min": 2,
        "stdev": 5.07456827164
    },
    "spectral_decrease": {
        "max": -1.72659969655e-10,
        "mean": -3.88347398683e-09,
        "min": -1.83845099144e-08,
        "stdev": 3.0763944725e-09
    },
    "spectral_energy": {
        "max": 0.0770619958639,
        "mean": 0.0162535216659,
        "min": 0.000770242942963,
        "stdev": 0.013094031252
    },
    "spectral_energyband_high": {
        "max": 0.00595792289823,
        "mean": 0.000372865848476,
        "min": 5.28349983142e-06,
        "stdev": 0.000531445723027
    },
    "spectral_energyband_low": {
        "max": 0.0444041751325,
        "mean": 0.00234316755086,
        "min": 2.12305508285e-06,
        "stdev": 0.00462270947173
    },
    "spectral_energyband_middle_high": {
        "max": 0.0658762678504,
        "mean": 0.00741198798642,
        "min": 0.000101277844806,
        "stdev": 0.010445616208
    },
    "spectral_energyband_middle_low": {
        "max": 0.0459092184901,
        "mean": 0.00651600956917,
        "min": 0.000483684270876,
        "stdev": 0.00542171346024
    },
    "spectral_entropy": {
        "max": 8.52585983276,
        "mean": 7.30393838882,
        "min": 6.29621362686,
        "stdev": 0.384357780218
    },
    "spectral_flux": {
        "max": 0.230835616589,
        "mean": 0.0594272464514,
        "min": 0.0115109551698,
        "stdev": 0.0359402187169
    },
    "spectral_kurtosis": {
        "max": 14.3764476776,
        "mean": 5.18298578262,
        "min": -1.00878441334,
        "stdev": 1.94756424427
    },
    "spectral_rms": {
        "max": 0.00867078080773,
        "mean": 0.00366819952615,
        "min": 0.000866865913849,
        "stdev": 0.00154964334797
    },
    "spectral_rolloff": {
        "max": 9862.20703125,
        "mean": 1492.85510254,
        "min": 193.798828125,
        "stdev": 1036.68945312
    },
    "spectral_skewness": {
        "max": 3.02824568748,
        "mean": 1.75164806843,
        "min": 0.435424655676,
        "stdev": 0.279885828495
    },
    "spectral_spread": {
        "max": 13914735,
        "mean": 4699199.5,
        "min": 2429987.25,
        "stdev": 1313881
    },
    "spectral_strongpeak": {
        "max": 15.2310829163,
        "mean": 1.69275796413,
        "min": 0,
        "stdev": 2.17202377319
    },
    "zerocrossingrate": {
        "max": 0.2197265625,
        "mean": 0.0614351555705,
        "min": 0.01513671875,
        "stdev": 0.023832058534
    },
    "barkbands": {
        "max": [0.0105866221711, 0.0340631119907, 0.00719896890223, 0.00804861914366, 0.0219340100884, 0.0175598543137, 0.0151656325907, 0.0105553399771, 0.0372590087354, 0.0479344278574, 0.0181223601103, 0.0270261038095, 0.0131362173706, 0.0110231759027, 0.0256053302437, 0.00996874272823, 0.0144302435219, 0.0175314676017, 0.00761802960187, 0.00720995711163, 0.000269285170361, 0.000208076366107, 0.000375003670342, 0.000914901320357, 0.00198283977807, 0.000217141845496, 5.30703364348e-05],
        "mean": [0.000478587782709, 0.0013424877543, 0.000255011575064, 0.000894600001629, 0.00203023804352, 0.00116175191943, 0.000842539302539, 0.000350354093825, 0.00106118025724, 0.00164129270706, 0.000570746255107, 0.00127611041535, 0.000478200963698, 0.000732753367629, 0.000777394510806, 0.000333014671924, 0.000381036777981, 0.000507018354256, 0.000402790174121, 0.000524987583049, 1.98221514438e-05, 1.7909304006e-05, 3.74039555027e-05, 5.34433347639e-05, 6.66453270242e-05, 1.36503995236e-05, 2.56161069956e-06],
        "min": [1.42798413094e-08, 5.33471393283e-07, 5.86709951733e-08, 1.30602461468e-06, 5.47579911654e-05, 9.65175422607e-06, 2.30211344387e-06, 2.38491952587e-06, 2.80142103293e-06, 3.67629627362e-06, 1.22787957935e-06, 2.24335144594e-06, 1.65810388353e-06, 2.55128202298e-06, 2.24035534302e-06, 1.29529792048e-06, 2.46052786679e-06, 2.88895603262e-06, 4.24419749834e-06, 2.09508561966e-06, 6.5445516384e-07, 2.67328545078e-07, 3.87443037653e-07, 3.75769729999e-07, 3.43350080811e-07, 1.43635588756e-07, 2.69837402422e-10],
        "stdev": [0.00113750749733, 0.00344605161808, 0.000547634379473, 0.00108265853487, 0.00254722405225, 0.00254619703628, 0.00179879297502, 0.000722968543414, 0.0032591088675, 0.00492533203214, 0.00172265688889, 0.00329480250366, 0.00112000619993, 0.00169456936419, 0.00267681619152, 0.000934917130508, 0.00104564731009, 0.00133038905915, 0.000635254720692, 0.000906439789105, 2.3108548703e-05, 2.26270349231e-05, 4.79034133605e-05, 8.24861417641e-05, 0.000114942107757, 2.29850102187e-05, 4.4275707296e-06]
    },
    "erbbands": {
        "max": [1.66524279118, 5.04450130463, 8.7805223465, 19.4324378967, 39.4869117737, 98.0838394165, 153.188064575, 214.85736084, 275.424591064, 430.674835205, 311.769927979, 766.307739258, 928.379150391, 825.350708008, 1390.66333008, 1129.29272461, 637.25390625, 382.201690674, 686.77911377, 1240.9152832, 671.451477051, 373.918273926, 1230.96191406, 388.945404053, 218.589233398, 285.151123047, 100.702522278, 5.2898015976, 6.24092054367, 9.30399417877, 13.5221328735, 14.2880783081, 17.5413665771, 27.0713214874, 7.82807779312, 1.744094491, 0.472828179598, 0.0829240232706, 0.00925612542778, 0.00126306223683],
        "mean": [0.0669253095984, 0.193106561899, 0.293307453394, 1.64557659626, 4.62544202805, 6.55055427551, 7.98191404343, 12.8288946152, 12.6822805405, 10.3376436234, 7.81207418442, 20.0735702515, 50.0761909485, 37.1277389526, 26.1826667786, 43.8700218201, 27.8541088104, 23.3434638977, 41.3707389832, 35.1246871948, 23.8349113464, 23.1587333679, 30.9016437531, 20.7568378448, 26.5341930389, 20.4389343262, 3.02082037926, 0.638730883598, 0.609420359135, 0.847464084625, 1.13880765438, 1.02221441269, 0.968776464462, 1.00874614716, 0.306242763996, 0.0708847343922, 0.0250554904342, 0.00480267964303, 0.000497637724038, 3.52351962647e-05],
        "min": [1.14081840366e-05, 0.000107029474748, 0.000593141594436, 0.00220269802958, 0.0160124842077, 0.149569392204, 0.113441571593, 0.067041054368, 0.0316448509693, 0.0960551127791, 0.0952641367912, 0.0846728906035, 0.154564931989, 0.0878664404154, 0.110800258815, 0.114154323936, 0.120874151587, 0.12640543282, 0.219254940748, 0.139343544841, 0.116259679198, 0.19812771678, 0.193155676126, 0.202477619052, 0.258115530014, 0.146776974201, 0.090248003602, 0.0228702574968, 0.0112214516848, 0.0148868188262, 0.0112932287157, 0.00934595335275, 0.00621288269758, 0.00423053279519, 0.00184376875404, 0.000739411334507, 0.000248260708759, 3.99681157432e-05, 2.11819087781e-06, 1.82670169124e-06],
        "stdev": [0.171643286943, 0.578319728374, 0.658663928509, 2.01119089127, 4.34909343719, 11.8530464172, 13.9073839188, 30.9361038208, 27.754278183, 23.7232589722, 17.6949310303, 61.0781173706, 114.023086548, 90.6375732422, 83.8735961914, 111.601264954, 58.5010147095, 44.3089561462, 90.8008270264, 115.102119446, 66.2398605347, 52.326374054, 87.8409881592, 32.3911590576, 39.1481018066, 33.9030418396, 6.81244134903, 0.710004031658, 0.736764192581, 1.0243844986, 1.52796912193, 1.4552744627, 1.71045088768, 1.74855601788, 0.530920028687, 0.125501826406, 0.0486891306937, 0.00740430224687, 0.000852682627738, 5.18302767887e-05]
    },
    "gfcc": {
        "mean": [-21.5346088409, 73.868522644, -122.172134399, 15.9128627777, -55.693031311, 3.38329529762, -49.9194068909, 12.7032337189, -37.904510498, -6.34619235992, -11.0272531509, -4.0233335495, -9.66613006592],
        "cov": [[2123.45288086, -314.401733398, -569.685424805, 28.5917797089, 355.100128174, 355.632568359, 294.737640381, 328.252929688, -50.3752670288, 66.0363311768, 318.052307129, -168.463363647, 54.3268928528], [-314.401733398, 681.997924805, 46.8090400696, 71.9607925415, 91.6683807373, 131.247253418, 169.589370728, -23.3680896759, 18.0336284637, 64.8775558472, -49.6463813782, -44.3752861023, 11.7253665924], [-569.685424805, 46.8090400696, 735.282775879, 86.4228591919, -121.694030762, -26.7490272522, -31.4532413483, -114.171127319, 66.266960144, 19.3349552155, -204.191986084, 139.45249939, -83.2939605713], [28.5917797089, 71.9607925415, 86.4228591919, 297.217590332, 107.771476746, 88.238861084, 43.4306030273, 61.0602684021, 91.1219940186, 36.3530311584, 5.56017684937, 28.8781490326, 12.724937439], [355.100128174, 91.6683807373, -121.694030762, 107.771476746, 280.786102295, 203.30670166, 160.530914307, 73.4091567993, 5.69540834427, 56.8387031555, 68.4086914062, -36.5558624268, -4.04472017288], [355.632568359, 131.247253418, -26.7490272522, 88.238861084, 203.30670166, 382.091918945, 249.583618164, 40.6122741699, -35.6203422546, 81.8184051514, 11.3416528702, -39.8594360352, -24.907989502], [294.737640381, 169.589370728, -31.4532413483, 43.4306030273, 160.530914307, 249.583618164, 307.632843018, 52.6792297363, -26.336315155, 66.3329849243, -10.7941923141, -31.0176010132, -16.7232074738], [328.252929688, -23.3680896759, -114.171127319, 61.0602684021, 73.4091567993, 40.6122741699, 52.6792297363, 195.4662323, 30.5720920563, 18.7868270874, 77.0788497925, -37.3696746826, 63.1990852356], [-50.3752670288, 18.0336284637, 66.266960144, 91.1219940186, 5.69540834427, -35.6203422546, -26.336315155, 30.5720920563, 140.451553345, 25.3240966797, -1.51089859009, 37.384979248, 10.9940128326], [66.0363311768, 64.8775558472, 19.3349552155, 36.3530311584, 56.8387031555, 81.8184051514, 66.3329849243, 18.7868270874, 25.3240966797, 97.0231399536, 24.6586647034, 4.92953586578, 1.99966394901], [318.052307129, -49.6463813782, -204.191986084, 5.56017684937, 68.4086914062, 11.3416528702, -10.7941923141, 77.0788497925, -1.51089859009, 24.6586647034, 213.696685791, -14.7761659622, 56.5762367249], [-168.463363647, -44.3752861023, 139.45249939, 28.8781490326, -36.5558624268, -39.8594360352, -31.0176010132, -37.3696746826, 37.384979248, 4.92953586578, -14.7761659622, 114.720466614, -1.45404446125], [54.3268928528, 11.7253665924, -83.2939605713, 12.724937439, -4.04472017288, -24.907989502, -16.7232074738, 63.1990852356, 10.9940128326, 1.99966394901, 56.5762367249, -1.45404446125, 103.514183044]],
        "icov": [[0.00133963057306, 0.000913786177989, 0.000212263927097, 0.000217083492316, -0.000370610476239, -0.000586327398196, -0.00095846306067, -0.000966340419836, -0.000343561172485, 0.000234185848967, -0.00117055431474, 0.00106723641511, 0.000303839333355], [0.000913786177989, 0.00273159681819, -0.000139103081892, -0.000245874573011, -0.000521315261722, -8.15168095869e-06, -0.002004385693, 0.000757695641369, -0.000749061291572, -0.00056413753191, -0.000496533350088, 0.00235350360163, -0.00128455378581], [0.000212263927097, -0.000139103081892, 0.0029859051574, -0.000742373231333, 0.00109303067438, -0.000527246855199, 0.000323544139974, -0.000475448789075, -2.37801450567e-05, -0.00106125022285, 0.001896129339, -0.00276923179626, 0.00160443724599], [0.000217083492316, -0.000245874573011, -0.000742373231333, 0.00593629898503, -0.00216708122753, -0.00153345498256, 0.00107302109245, -0.00144705583807, -0.00307800294831, 0.000886624329723, 7.35452704248e-05, -0.000805387389846, -0.000551746925339], [-0.000370610476239, -0.000521315261722, 0.00109303067438, -0.00216708122753, 0.0085144713521, -0.00226796208881, -0.00132700195536, -0.000561323948205, -0.000272417732049, -0.00045348610729, -0.00147234171163, -0.000199601054192, 0.00215437496081], [-0.000586327398196, -8.15168095869e-06, -0.000527246855199, -0.00153345498256, -0.00226796208881, 0.00797898881137, -0.00387898716144, 0.00127512728795, 0.0023675491102, -0.00268859276548, 0.000427073886385, 0.000978962867521, 7.98490073066e-05], [-0.00095846306067, -0.002004385693, 0.000323544139974, 0.00107302109245, -0.00132700195536, -0.00387898716144, 0.00971338246018, -0.00212100590579, 0.00137564062607, -0.00162951915991, 0.00287226866931, -0.00267689302564, 0.00101538992021], [-0.000966340419836, 0.000757695641369, -0.000475448789075, -0.00144705583807, -0.000561323948205, 0.00127512728795, -0.00212100590579, 0.0107032228261, -0.00220324657857, 0.000179624810698, -0.000979727017693, 0.00350709329359, -0.00556054897606], [-0.000343561172485, -0.000749061291572, -2.37801450567e-05, -0.00307800294831, -0.000272417732049, 0.0023675491102, 0.00137564062607, -0.00220324657857, 0.0119159100577, -0.0037578579504, 0.00130968447775, -0.00314336339943, 0.000797907938249], [0.000234185848967, -0.00056413753191, -0.00106125022285, 0.000886624329723, -0.00045348610729, -0.00268859276548, -0.00162951915991, 0.000179624810698, -0.0037578579504, 0.0158156696707, -0.00317534874193, -0.000135115318699, -0.000232332284213], [-0.00117055431474, -0.000496533350088, 0.001896129339, 7.35452704248e-05, -0.00147234171163, 0.000427073886385, 0.00287226866931, -0.000979727017693, 0.00130968447775, -0.00317534874193, 0.00979891233146, -0.0031536440365, -0.00218300102279], [0.00106723641511, 0.00235350360163, -0.00276923179626, -0.000805387389846, -0.000199601054192, 0.000978962867521, -0.00267689302564, 0.00350709329359, -0.00314336339943, -0.000135115318699, -0.0031536440365, 0.0160443075001, -0.00301642692648], [0.000303839333355, -0.00128455378581, 0.00160443724599, -0.000551746925339, 0.00215437496081, 7.98490073066e-05, 0.00101538992021, -0.00556054897606, 0.000797907938249, -0.000232332284213, -0.00218300102279, -0.00301642692648, 0.0157382618636]]
    },
    "melbands": {
        "max": [0.0116414511576, 0.00516649940982, 0.00355369970202, 0.004179620184, 0.00547272060066, 0.00421511707827, 0.00353909516707, 0.00441653328016, 0.00309068243951, 0.0058892252855, 0.00525042274967, 0.00454217195511, 0.00317088654265, 0.00372058548965, 0.00259569357149, 0.00138223101385, 0.000634704716504, 0.001001269673, 0.00280922860838, 0.00099893019069, 0.000937786942814, 0.000574473233428, 0.000898134254385, 0.00093132769689, 0.000393800495658, 0.000161218602443, 0.000366315827705, 0.000226838528761, 0.000116506074846, 3.58071383744e-06, 3.08385619974e-06, 2.98464806292e-06, 5.78969411436e-06, 4.9981531447e-06, 9.29296493268e-06, 6.31511920801e-06, 1.19407231978e-05, 1.53356195369e-05, 3.3206804801e-05, 1.75008408405e-05],
        "mean": [0.000501649978105, 0.000190458944417, 0.000390144181438, 0.000373509799829, 0.000309968861984, 0.00026852847077, 0.000188965830603, 0.000106037354271, 5.58589454158e-05, 0.000149593761307, 0.00027089487412, 0.000174541361048, 8.20034401841e-05, 0.000100289929833, 0.00012887759658, 4.2540137656e-05, 4.5754815801e-05, 7.18637456885e-05, 6.44365281914e-05, 2.82915643766e-05, 2.62161502178e-05, 2.66995957645e-05, 1.56901551236e-05, 3.12515876431e-05, 1.47910641317e-05, 1.53328055603e-05, 2.53191701631e-05, 1.11787539936e-05, 2.13221869672e-06, 3.86886569004e-07, 3.11448246748e-07, 3.14558235459e-07, 3.91783345322e-07, 5.09909682478e-07, 6.72297574056e-07, 6.50630852306e-07, 5.94664811615e-07, 6.3195778921e-07, 7.97036022959e-07, 8.90313003765e-07],
        "min": [1.10740970172e-07, 2.34358196849e-07, 5.49643345948e-07, 8.99547649169e-06, 3.00485794469e-06, 1.58642978931e-06, 4.44623111662e-07, 6.06180776686e-07, 4.01165095809e-07, 3.25064178242e-07, 5.72299256874e-07, 2.02111479553e-07, 2.37910356304e-07, 2.59278664316e-07, 8.125165607e-08, 1.88850350469e-07, 2.24564630003e-07, 2.44718080467e-07, 1.6269186176e-07, 1.06368872821e-07, 1.13851854167e-07, 1.62836045092e-07, 1.47545435425e-07, 1.21804148989e-07, 1.2225905266e-07, 1.06428693414e-07, 1.74645705897e-07, 4.66929961362e-08, 2.6471415282e-08, 1.8373372157e-08, 5.82800652182e-09, 6.07676620135e-09, 4.64718175053e-09, 7.83537590365e-09, 6.4599552374e-09, 5.46769696186e-09, 5.51746515143e-09, 3.92400556493e-09, 3.69029029557e-09, 3.39187966603e-09],
        "stdev": [0.0012364621507, 0.000447883736342, 0.000401462981245, 0.000466573197627, 0.00051808875287, 0.000608987116721, 0.000373863702407, 0.000230140562053, 0.000165767443832, 0.000470453494927, 0.000639306788798, 0.000463156786282, 0.000250445242273, 0.000336433877237, 0.000356360629667, 0.000118007927085, 9.66488223639e-05, 0.000160391238751, 0.000241852671024, 8.02058639238e-05, 8.64799585543e-05, 6.85109698679e-05, 5.92446849623e-05, 7.07097133272e-05, 2.64219070232e-05, 2.2816910132e-05, 4.38892384409e-05, 2.24856321438e-05, 7.22441291146e-06, 4.51213225006e-07, 3.70414909412e-07, 3.86508361316e-07, 5.52943618004e-07, 6.26695850769e-07, 9.33733304009e-07, 9.14929046303e-07, 9.83862832982e-07, 1.25587973798e-06, 1.62519097557e-06, 1.56354633418e-06]
    },
    "melbands128": {
        "max": [0.00909380614758, 0.0154594024643, 0.0160615108907, 0.00871457718313, 0.00534617248923, 0.00365831516683, 0.0039848415181, 0.00466820131987, 0.00475551560521, 0.00476591661572, 0.00736594805494, 0.0104028657079, 0.00695184711367, 0.00510827917606, 0.00624441262335, 0.00697629712522, 0.00719024287537, 0.00416653743014, 0.00436536036432, 0.00804963335395, 0.00357841257937, 0.00272337161005, 0.00539426924661, 0.00811054091901, 0.00796816125512, 0.0133589049801, 0.0140704866499, 0.00620790105313, 0.0164109133184, 0.00684282789007, 0.00564157869667, 0.00407514395192, 0.00505223916844, 0.00927946995944, 0.00869323778898, 0.00723316147923, 0.00602343305945, 0.0059012984857, 0.00324204773642, 0.00229747826234, 0.00312117976137, 0.00272193178535, 0.00095648469869, 0.0015623762738, 0.00312563939951, 0.00147736247163, 0.00247073802166, 0.00622314959764, 0.00359384319745, 0.00303308828734, 0.000536264677066, 0.00108645134605, 0.00198363955133, 0.00207403372042, 0.0017469569575, 0.00100462068804, 0.000543967296835, 0.000145694342791, 0.00133654440288, 0.00266408198513, 0.00223960052244, 0.000471837935038, 0.000546977855265, 0.000531585712451, 0.000365625688573, 0.000328576337779, 0.000301270658383, 0.000437274225987, 0.000734446977731, 0.000321253726725, 0.000469251506729, 0.000717731192708, 0.000147585800732, 3.29875510943e-05, 5.77605396757e-06, 6.15244107394e-06, 7.28323811927e-06, 4.71653765999e-06, 3.65035225514e-06, 3.83602582588e-06, 3.15856004818e-06, 4.24182917413e-06, 6.0048960222e-06, 9.33560386329e-06, 6.19816182734e-06, 4.69558654004e-06, 8.86359794094e-06, 9.52343907556e-06, 1.47947748701e-05, 9.63761885941e-06, 1.08870881377e-05, 8.90376031748e-06, 1.36065054903e-05, 1.02326303022e-05, 2.06637396332e-05, 2.87973380182e-05, 1.85198096005e-05, 1.60055005836e-05, 1.94259428099e-05, 7.75375010562e-05, 2.19839785132e-05, 2.45565752266e-05, 2.49311779044e-05, 2.17523775063e-05, 9.05867818801e-06, 3.71757005269e-06, 2.4455998755e-06, 2.29826287068e-06, 5.56607710678e-06, 6.02067621003e-06, 2.15681052396e-06, 4.20423066316e-06, 2.32208344642e-06, 5.32569174538e-06, 9.53243045387e-07, 2.12837835534e-06, 7.61445107855e-07, 5.29574833763e-07, 4.59732319769e-07, 1.0286144061e-06, 2.0628201014e-07, 2.21111818632e-07, 1.66987194916e-06, 2.35788164105e-07, 9.35042265837e-09, 9.24754672837e-09, 9.15655018474e-09, 9.09746766808e-09],
        "mean": [0.000418682728196, 0.000665394356474, 0.000497678527609, 0.00026707581128, 0.000134345173137, 0.000136489863507, 0.000280199223198, 0.000516852072906, 0.000523935770616, 0.000240464927629, 0.000377513963031, 0.000475610635476, 0.000285071553662, 0.000100899909739, 0.000295301462756, 0.000357313314453, 0.000241540998104, 0.000145407451782, 0.000140413321787, 0.000119494929095, 8.27127951197e-05, 9.20988532016e-05, 3.7815018004e-05, 4.2912470235e-05, 6.72819878673e-05, 0.000249435659498, 0.000225582334679, 0.000164410535945, 0.000497710308991, 0.000168209080584, 8.74316247064e-05, 0.000106113577203, 6.29970891168e-05, 6.88765794621e-05, 0.000134146670462, 6.70055087539e-05, 0.000103093734651, 0.000244202296017, 3.76840835088e-05, 3.66949898307e-05, 4.87981051265e-05, 4.5024065912e-05, 1.66976969922e-05, 3.70756642951e-05, 0.00015353638446, 3.32418931066e-05, 4.51401683677e-05, 9.43729683058e-05, 5.63688336115e-05, 4.05738064728e-05, 1.55657016876e-05, 2.29542692978e-05, 3.89792039641e-05, 2.12900758925e-05, 1.71662304638e-05, 4.13192319684e-05, 1.94151652977e-05, 4.57171699964e-06, 1.37510824061e-05, 3.63290782843e-05, 4.98213375977e-05, 1.04944629129e-05, 5.49172182218e-06, 2.01627444767e-05, 2.45627634285e-05, 1.00904171632e-05, 8.06724619906e-06, 3.58969227818e-05, 2.92022832582e-05, 1.10819783004e-05, 1.32423256218e-05, 1.16483752208e-05, 2.1930238745e-06, 9.98613359116e-07, 4.66352190642e-07, 4.18079451947e-07, 3.29491712137e-07, 3.12771675226e-07, 3.13648968131e-07, 3.023451427e-07, 2.985749461e-07, 3.02090057858e-07, 3.85168362982e-07, 4.06552999266e-07, 3.92822784079e-07, 4.41049934352e-07, 5.57100520382e-07, 6.15915325852e-07, 7.76358206167e-07, 5.47446006749e-07, 7.5436548741e-07, 5.44038925909e-07, 7.95295363787e-07, 5.21376307461e-07, 5.59565819458e-07, 5.79750746965e-07, 6.69521568852e-07, 6.57606506138e-07, 7.29243481601e-07, 9.22469155284e-07, 9.74469685389e-07, 9.59924818744e-07, 6.8950049581e-07, 4.71354695719e-07, 2.97800255566e-07, 1.97445856998e-07, 1.30527084252e-07, 1.08980181324e-07, 1.17657393162e-07, 1.15650237831e-07, 7.8023020933e-08, 8.49601420327e-08, 7.99371946414e-08, 8.57199680127e-08, 4.00625985719e-08, 4.61898927995e-08, 3.0063869616e-08, 2.55662424564e-08, 1.94039806445e-08, 1.85571149558e-08, 9.04147068326e-09, 7.40857597492e-09, 6.44486952694e-09, 6.81626088905e-10, 1.13656887721e-11, 1.11884824322e-11, 1.10575212181e-11, 1.09853280986e-11],
        "min": [3.38558225899e-09, 9.22939769055e-09, 3.56870124563e-08, 1.65150808584e-07, 5.65835840405e-08, 1.76876664426e-08, 2.36158115285e-07, 8.61634475768e-07, 7.98073699571e-07, 3.37764788583e-07, 3.2534896377e-07, 7.12854898666e-07, 1.28436045088e-06, 7.68556446928e-07, 1.77936499313e-07, 1.05467222511e-07, 2.92740764962e-07, 1.47056468336e-07, 1.47543119056e-07, 3.28576277298e-08, 2.11673579997e-07, 3.07024635049e-07, 8.29562836202e-08, 1.8167639837e-08, 6.63041959115e-08, 1.16117689686e-07, 1.5881524007e-07, 4.23157160867e-07, 1.87206282476e-07, 1.18232769353e-07, 4.48997852232e-08, 1.04789037891e-07, 5.52133911924e-08, 9.83548318345e-08, 1.35018382252e-07, 6.64022650199e-08, 4.49101200672e-08, 5.27470689349e-08, 5.04255055489e-08, 7.09430665324e-08, 5.12816455966e-08, 4.02416020506e-08, 1.68707767756e-08, 5.29122061721e-08, 8.296916576e-08, 3.1249491883e-08, 1.88091977549e-08, 4.50825936582e-08, 7.17849459875e-08, 7.75261383978e-08, 3.71750736861e-08, 3.92600298937e-08, 1.1607145467e-07, 5.0502695359e-08, 2.86155081852e-08, 9.37618693797e-08, 1.47595457634e-07, 2.65615529571e-08, 5.2620244162e-08, 7.16549664048e-08, 9.25764709336e-08, 3.51103217611e-08, 2.42449846866e-08, 6.44106492587e-08, 3.30119611647e-08, 4.35859064396e-08, 4.67055158992e-08, 6.90672123937e-08, 6.98300937074e-08, 3.56141391933e-08, 2.64779309589e-08, 1.39656153308e-08, 1.07183675269e-08, 1.64981397432e-08, 6.62368648818e-09, 5.17235632103e-09, 6.73711886279e-09, 4.02586053383e-09, 2.19210072316e-09, 9.87612880365e-10, 3.36123262556e-09, 2.78314704616e-09, 5.75499603528e-09, 5.15795139933e-09, 1.46997125583e-09, 6.90679202719e-09, 6.67821220546e-09, 3.60746077455e-09, 2.27320118285e-09, 4.19328927137e-09, 3.047778252e-09, 5.42337241782e-09, 4.21693391317e-09, 3.47302386849e-09, 3.96936927771e-09, 2.19829443537e-09, 2.3819703987e-09, 2.0486818908e-09, 2.14833284495e-09, 2.02653804848e-09, 3.21392734648e-09, 4.10546263652e-09, 9.7357755191e-10, 2.39355979481e-10, 6.76543500042e-12, 1.26953517143e-10, 8.14861400578e-10, 1.11576536899e-09, 6.47982167923e-10, 4.91810092651e-10, 1.56918908423e-10, 3.49061168858e-10, 3.56924108325e-11, 1.6951587356e-10, 2.26801771808e-10, 2.2363003116e-10, 8.24877579436e-12, 1.72091196003e-13, 7.34295030379e-14, 5.18327209224e-14, 5.43743483127e-14, 6.30079281393e-14, 5.18675610816e-14, 5.84694104114e-14, 3.95704350092e-14, 1.57104130459e-14, 1.92667829424e-15, 8.0331777537e-17],
        "stdev": [0.00100646645296, 0.00174516998231, 0.001405193354, 0.00084878661437, 0.000398044998292, 0.000265414419118, 0.000423169782152, 0.000607404974289, 0.000521979120094, 0.000430956191849, 0.00086623657262, 0.000901569554117, 0.000591784948483, 0.000273845565971, 0.000843394955155, 0.000924670777749, 0.000678721524309, 0.00041412297287, 0.000401308061555, 0.000402156234486, 0.000177020061528, 0.000203370451345, 0.000204969430342, 0.000317343714414, 0.000340289087035, 0.000905253866222, 0.000864218338393, 0.000490999140311, 0.00164263870101, 0.000677725649439, 0.000368863547919, 0.000370822323021, 0.000307656620862, 0.000452382897492, 0.000615749973804, 0.000410660548368, 0.000364594947314, 0.000761144503485, 0.000142012999277, 0.000156995360157, 0.000198320922209, 0.000163792676176, 7.30789251975e-05, 0.000131111853989, 0.000439007941168, 0.000117247938761, 0.000211552454857, 0.000515502993949, 0.000277888961136, 0.000202429058845, 5.05382158735e-05, 0.000100695884612, 0.000160839685122, 0.000133412118885, 9.2021538876e-05, 0.000129325446323, 5.05813404743e-05, 1.22098344946e-05, 9.17631041375e-05, 0.000171451232745, 0.000131480919663, 3.03474826069e-05, 2.492110616e-05, 4.98030167364e-05, 4.67484605906e-05, 3.28897222062e-05, 2.52145837294e-05, 6.74746042932e-05, 7.30693718651e-05, 3.30891089106e-05, 3.39130310749e-05, 4.72613355669e-05, 8.76586818777e-06, 2.08509777622e-06, 6.03387206866e-07, 6.24359529411e-07, 5.30694592271e-07, 4.21174263465e-07, 4.11744593976e-07, 4.38519322188e-07, 3.86475250025e-07, 4.37461523006e-07, 5.673938972e-07, 7.22706204215e-07, 6.22143602413e-07, 6.22845959697e-07, 8.30386397865e-07, 1.01698185517e-06, 1.3228205944e-06, 9.56434178079e-07, 1.30965270273e-06, 8.58186581354e-07, 1.38085829349e-06, 8.85587894572e-07, 1.31309138851e-06, 1.66081520092e-06, 1.47541641127e-06, 1.31019601213e-06, 1.87050557088e-06, 2.80928315988e-06, 1.94447693502e-06, 1.80988945431e-06, 1.44463467677e-06, 1.23229892779e-06, 6.8674034992e-07, 3.15937541018e-07, 2.41394900513e-07, 1.85340169878e-07, 3.25310992366e-07, 3.81802578886e-07, 1.50877411897e-07, 2.56822147549e-07, 1.98385635031e-07, 2.74734020422e-07, 7.03718328054e-08, 1.32594450974e-07, 5.27951478091e-08, 4.87887703571e-08, 3.93998256243e-08, 5.38532383132e-08, 1.95531608682e-08, 1.90722317939e-08, 5.85036836753e-08, 8.3943012541e-09, 2.6898330785e-10, 2.66002553317e-10, 2.63390781408e-10, 2.6170129952e-10]
    },
    "mfcc": {
        "mean": [-669.687866211, 114.773651123, -8.12769603729, 12.1688537598, 10.7758646011, -16.2742328644, 6.44575405121, 0.0923421978951, -14.7423048019, 1.8160187006, -9.94251918793, -11.6431941986, -0.255785018206],
        "cov": [[2217.90820312, -371.489624023, -607.703186035, -91.3122024536, 198.931304932, -61.4300613403, 531.900817871, 172.311569214, -52.9058189392, 366.279266357, 104.517929077, -13.627040863, 199.550521851], [-371.489624023, 562.794311523, 39.9154586792, 5.77358198166, -87.2397384644, 174.52696228, 51.2747497559, -9.67129325867, 86.7968597412, 22.2089042664, 63.9074935913, -2.05712032318, -73.3333282471], [-607.703186035, 39.9154586792, 570.20892334, 78.3199310303, -59.9051933289, 105.378005981, -198.91104126, -16.3735046387, 96.0234222412, -162.171859741, 6.35325527191, 88.8559265137, -90.3828048706], [-91.3122024536, 5.77358198166, 78.3199310303, 202.286117554, 54.7437400818, 39.1489486694, -42.287940979, 37.1797485352, 69.8761138916, -10.8397979736, 5.07371330261, 86.1689682007, 11.6966323853], [198.931304932, -87.2397384644, -59.9051933289, 54.7437400818, 213.43927002, -55.5801315308, 49.0000114441, 20.1914463043, -15.7592229843, 61.2308425903, 2.43817329407, 16.1773605347, 67.9126663208], [-61.4300613403, 174.52696228, 105.378005981, 39.1489486694, -55.5801315308, 456.901184082, 121.36026001, 92.2010116577, 104.433433533, 50.1123924255, 97.2753829956, 29.1041889191, -63.7017784119], [531.900817871, 51.2747497559, -198.91104126, -42.287940979, 49.0000114441, 121.36026001, 384.886077881, 85.6923904419, 4.7932434082, 143.512359619, 83.3025283813, -29.9121799469, 22.5459861755], [172.311569214, -9.67129325867, -16.3735046387, 37.1797485352, 20.1914463043, 92.2010116577, 85.6923904419, 121.371131897, 55.1520042419, 40.2081680298, 28.9316978455, 34.5651016235, 3.62200307846], [-52.9058189392, 86.7968597412, 96.0234222412, 69.8761138916, -15.7592229843, 104.433433533, 4.7932434082, 55.1520042419, 169.039337158, 41.445224762, 29.7616271973, 36.8952407837, -22.2801151276], [366.279266357, 22.2089042664, -162.171859741, -10.8397979736, 61.2308425903, 50.1123924255, 143.512359619, 40.2081680298, 41.445224762, 170.231063843, 52.7346496582, -21.9964237213, 45.088394165], [104.517929077, 63.9074935913, 6.35325527191, 5.07371330261, 2.43817329407, 97.2753829956, 83.3025283813, 28.9316978455, 29.7616271973, 52.7346496582, 106.752799988, 25.4454097748, -4.9473772049], [-13.627040863, -2.05712032318, 88.8559265137, 86.1689682007, 16.1773605347, 29.1041889191, -29.9121799469, 34.5651016235, 36.8952407837, -21.9964237213, 25.4454097748, 132.576385498, 18.3856925964], [199.550521851, -73.3333282471, -90.3828048706, 11.6966323853, 67.9126663208, -63.7017784119, 22.5459861755, 3.62200307846, -22.2801151276, 45.088394165, -4.9473772049, 18.3856925964, 103.543930054]],
        "icov": [[0.00136862404179, 0.000886045745574, 0.00047136968351, 0.000427567574661, 0.000189352285815, 0.000340060680173, -0.00106194580439, -0.000707626400981, 0.000162677897606, -0.00162884662859, -0.000284370733425, -0.000792961509433, -0.000434432266047], [0.000886045745574, 0.00307025038637, 0.000759598915465, 0.000187799523701, 0.000538236345164, -0.000412863417296, -0.00100964086596, 0.00120605085976, -0.00123296701349, -0.000784359930549, -0.000992607558146, -0.000722218712326, 0.000836391409393], [0.00047136968351, 0.000759598915465, 0.00452882098034, 0.00084965483984, -0.00122134853154, -0.000929241534323, 0.000592088501435, 0.00125544494949, -0.00324921659194, 0.00392587296665, -0.00172722118441, -0.00166789896321, 0.00134823541157], [0.000427567574661, 0.000187799523701, 0.00084965483984, 0.00915858801454, -0.00297860545106, -0.000630904978607, 0.000493323255796, -0.000379295903258, -0.0034409079235, 0.00136280339211, 0.00075854366878, -0.00472912145779, 2.9526932849e-05], [0.000189352285815, 0.000538236345164, -0.00122134853154, -0.00297860545106, 0.00789409317076, 0.00107907084748, -0.000846137234475, -0.00105024257209, 0.00252835056745, -0.00395926972851, 0.000463328731712, 0.000607257126831, -0.00282369670458], [0.000340060680173, -0.000412863417296, -0.000929241534323, -0.000630904978607, 0.00107907084748, 0.00414099823684, -0.000951684138272, -0.00237038731575, 0.000231627273024, -0.00163467659149, -0.00168304122053, 0.000261931476416, 0.00107710645534], [-0.00106194580439, -0.00100964086596, 0.000592088501435, 0.000493323255796, -0.000846137234475, -0.000951684138272, 0.00627341866493, -0.00237548560835, 0.00110298779327, -0.000811318459455, -0.00197128602304, 0.00133909040596, 0.000737869704608], [-0.000707626400981, 0.00120605085976, 0.00125544494949, -0.000379295903258, -0.00105024257209, -0.00237038731575, -0.00237548560835, 0.015423623845, -0.00481838406995, 0.00214259908535, 0.000874173420016, -0.00319597078487, 0.00120434595738], [0.000162677897606, -0.00123296701349, -0.00324921659194, -0.0034409079235, 0.00252835056745, 0.000231627273024, 0.00110298779327, -0.00481838406995, 0.0135154612362, -0.00847695488483, 0.00163074664306, -0.000128287778352, 0.00147851149086], [-0.00162884662859, -0.000784359930549, 0.00392587296665, 0.00136280339211, -0.00395926972851, -0.00163467659149, -0.000811318459455, 0.00214259908535, -0.00847695488483, 0.0208672843874, -0.00568048702553, 0.00391549011692, -0.00432801339775], [-0.000284370733425, -0.000992607558146, -0.00172722118441, 0.00075854366878, 0.000463328731712, -0.00168304122053, -0.00197128602304, 0.000874173420016, 0.00163074664306, -0.00568048702553, 0.0166537575424, -0.00457421084866, 0.00174342480022], [-0.000792961509433, -0.000722218712326, -0.00166789896321, -0.00472912145779, 0.000607257126831, 0.000261931476416, 0.00133909040596, -0.00319597078487, -0.000128287778352, 0.00391549011692, -0.00457421084866, 0.0148906549439, -0.00491712475196], [-0.000434432266047, 0.000836391409393, 0.00134823541157, 2.9526932849e-05, -0.00282369670458, 0.00107710645534, 0.000737869704608, 0.00120434595738, 0.00147851149086, -0.00432801339775, 0.00174342480022, -0.00491712475196, 0.0177319273353]]
    },
    "spectral_contrast_coeffs": {
        "max": [-0.323888361454, -0.427831411362, -0.448020756245, -0.536080539227, -0.51209038496, -0.724643468857],
        "mean": [-0.649291813374, -0.72613799572, -0.707720696926, -0.749049842358, -0.740267038345, -0.811235129833],
        "min": [-0.897248089314, -0.906432390213, -0.913023114204, -0.885273098946, -0.870301127434, -0.884288609028],
        "stdev": [0.0898102000356, 0.0945335254073, 0.0874286144972, 0.0721537396312, 0.0817815288901, 0.0257477425039]
    },
    "spectral_contrast_valleys": {
        "max": [-5.27718114853, -5.97294616699, -5.50468587875, -6.4522356987, -6.51293373108, -8.49506950378],
        "mean": [-7.55914068222, -7.32517576218, -7.80350542068, -8.13655471802, -8.06634426117, -10.3983182907],
        "min": [-10.3787965775, -9.09187602997, -9.31723880768, -9.44507694244, -9.21512508392, -12.3773393631],
        "stdev": [0.843095004559, 0.536405146122, 0.481476515532, 0.418419927359, 0.426180779934, 0.533144772053]
    }
},
"rhythm": {
    "beats_count": 59,
    "beats_loudness": {
        "max": 0.0656008422375,
        "mean": 0.0212688203901,
        "min": 0.00187579984777,
        "stdev": 0.0159314814955
    },
    "bpm": 123.294464111,
    "bpm_histogram_first_peak_bpm": 123,
    "bpm_histogram_first_peak_weight": 0.377358496189,
    "bpm_histogram_second_peak_bpm": 129,
    "bpm_histogram_second_peak_spread": 0,
    "bpm_histogram_second_peak_weight": 0.0689655169845,
    "danceability": 0.993609070778,
    "onset_rate": 3.13648891449,
    "beats_loudness_band_ratio": {
        "max": [0.656155943871, 0.898906588554, 0.652955651283, 0.702857673168, 0.555977404118, 0.194605603814],
        "mean": [0.205049306154, 0.254683852196, 0.161109864712, 0.209804266691, 0.146792307496, 0.0688057765365],
        "min": [0.00899119209498, 0.0179278925061, 0.00878163427114, 0.0054226750508, 0.00999866705388, 0.00721993390471],
        "stdev": [0.180676594377, 0.239809289575, 0.149673849344, 0.208227559924, 0.14398111403, 0.0475092455745]
    },
    "beats_position": [0.510838985443, 1.02167797089, 1.52090704441, 2.02013611794, 2.50775504112, 2.99537420273, 3.48299312592, 3.97061228752, 4.43501138687, 4.92263031006, 5.39863920212, 5.88625860214, 6.3622674942, 6.84988641739, 7.33750534058, 7.83673477173, 8.33596324921, 8.83519268036, 9.32281208038, 9.81043052673, 10.3096599579, 10.7972784042, 11.2732877731, 11.749297142, 12.2136955261, 12.689704895, 13.1657142639, 13.6417226791, 14.117732048, 14.5937414169, 15.0813598633, 15.5689792633, 16.0565986633, 16.5442180634, 17.031835556, 17.5194549561, 18.0070743561, 18.4946937561, 18.970703125, 19.4351024628, 19.9227199554, 20.4103393555, 20.8979587555, 21.3855781555, 21.8499774933, 22.3375968933, 22.825214386, 23.312833786, 23.800453186, 24.2880725861, 24.7756919861, 25.2633094788, 25.7625389099, 26.2617683411, 26.73777771, 27.2137870789, 27.7014045715, 28.1890239716, 28.6766433716],
