{
"metadata": {
    "version": {
        "essentia": "2.1-beta5",
        "essentia_git_sha": "Undefined",
        "extractor": "music 2.0"
    },
    "audio_properties": {
        "analysis": {
            "equal_loudness": 0,
            "length": 48.7502937317,
            "sample_rate": 44100,
            "start_time": 61.4980506897,
            "downmix": "mix"
        },
        "bit_rate": 192000,
        "length": 187.802993774,
        "lossless": 0,
        "number_channels": 2,
        "replay_gain": 1.90806770325,
        "sample_rate": 48000,
        "codec": "mp3",
        "md5_encoded": "8210ae26079652548746edc7adb98124"
    },
    "tags": {
        "file_name": "Bulgaria_Illusion_Krassimir Avramov.mp3",
        "encoding": ["Lavf58.29.100"]
    }
},
"lowlevel": {
    "average_loudness": 0.971007823944,
    "barkbands_crest": {
        "max": 25.8348178864,
        "mean": 11.9523715973,
        "min": 3.08790707588,
        "stdev": 4.78677082062
    },
    "barkbands_flatness_db": {
        "max": 0.331614792347,
        "mean": 0.170798048377,
        "min": 0.0706934630871,
        "stdev": 0.0354463607073
    },
    "barkbands_kurtosis": {
        "max": 128.088577271,
        "mean": 2.93213391304,
        "min": -1.89506518841,
        "stdev": 7.37560892105
    },
    "barkbands_skewness": {
        "max": 10.7267150879,
        "mean": 1.17526197433,
        "min": -2.43979501724,
        "stdev": 1.4272608757
    },
    "barkbands_spread": {
        "max": 106.807991028,
        "mean": 26.5141067505,
        "min": 1.657751441,
        "stdev": 14.103600502
    },
    "dissonance": {
        "max": 0.499771177769,
        "mean": 0.47014978528,
        "min": 0.333061605692,
        "stdev": 0.0248050019145
    },
    "dynamic_complexity": 1.82554721832,
    "erbbands_crest": {
        "max": 30.0362701416,
        "mean": 10.886097908,
        "min": 2.39472079277,
        "stdev": 5.22026491165
    },
    "erbbands_flatness_db": {
        "max": 0.330619543791,
        "mean": 0.186342641711,
        "min": 0.0779302790761,
        "stdev": 0.0491098426282
    },
    "erbbands_kurtosis": {
        "max": 29.3365745544,
        "mean": 0.814020693302,
        "min": -1.7205824852,
        "stdev": 2.16585898399
    },
    "erbbands_skewness": {
        "max": 2.66646432877,
        "mean": -0.138693287969,
        "min": -4.01312303543,
        "stdev": 0.927189826965
    },
    "erbbands_spread": {
        "max": 137.045944214,
        "mean": 34.0144042969,
        "min": 3.25108647346,
        "stdev": 19.0314941406
    },
    "hfc": {
        "max": 105.301712036,
        "mean": 20.2483444214,
        "min": 1.01114475727,
        "stdev": 13.4263544083
    },
    "loudness_ebu128": {
        "integrated": -25.7576122284,
        "loudness_range": 2.970703125,
        "momentary": {
            "max": -23.8416042328,
            "mean": -25.9647350311,
            "min": -31.2360343933,
            "stdev": 1.450999856
        },
        "short_term": {
            "max": -24.3135929108,
            "mean": -25.9261550903,
            "min": -29.1371746063,
            "stdev": 1.02850210667
        }
    },
    "melbands_crest": {
        "max": 31.4863986969,
        "mean": 15.7629365921,
        "min": 4.11469078064,
        "stdev": 5.88366365433
    },
    "melbands_flatness_db": {
        "max": 0.403452187777,
        "mean": 0.204811885953,
        "min": 0.0352647863328,
        "stdev": 0.0495941638947
    },
    "melbands_kurtosis": {
        "max": 254.120330811,
        "mean": 12.4828262329,
        "min": -1.80960834026,
        "stdev": 23.4132785797
    },
    "melbands_skewness": {
        "max": 13.7998790741,
        "mean": 2.45246052742,
        "min": -1.05833077431,
        "stdev": 2.0834403038
    },
    "melbands_spread": {
        "max": 182.293746948,
        "mean": 33.2891845703,
        "min": 1.07122170925,
        "stdev": 27.0439872742
    },
    "pitch_salience": {
        "max": 0.867281317711,
        "mean": 0.457878321409,
        "min": 0.0697096511722,
        "stdev": 0.118770837784
    },
    "silence_rate_20dB": {
        "max": 1,
        "mean": 1,
        "min": 1,
        "stdev": 0
    },
    "silence_rate_30dB": {
        "max": 1,
        "mean": 1,
        "min": 1,
        "stdev": 0
    },
    "silence_rate_60dB": {
        "max": 1,
        "mean": 0.00190385535825,
        "min": 0,
        "stdev": 0.04359132424
    },
    "spectral_centroid": {
        "max": 4204.66894531,
        "mean": 1804.3223877,
        "min": 431.773468018,
        "stdev": 793.912475586
    },
    "spectral_complexity": {
        "max": 42,
        "mean": 16.8024749756,
        "min": 1,
        "stdev": 5.92853927612
    },
    "spectral_decrease": {
        "max": -1.95662000491e-10,
        "mean": -6.48296483163e-09,
        "min": -3.00112859009e-08,
        "stdev": 4.07225009269e-09
    },
    "spectral_energy": {
        "max": 0.114488743246,
        "mean": 0.0263048373163,
        "min": 0.000830187345855,
        "stdev": 0.0155307976529
    },
    "spectral_energyband_high": {
        "max": 0.011009581387,
        "mean": 0.000513019796927,
        "min": 9.08775200514e-06,
        "stdev": 0.000911760260351
    },
    "spectral_energyband_low": {
        "max": 0.110228277743,
        "mean": 0.0139756659046,
        "min": 6.60607765894e-05,
        "stdev": 0.015191456303
    },
    "spectral_energyband_middle_high": {
        "max": 0.0408459939063,
        "mean": 0.00701158260927,
        "min": 0.000280948501313,
        "stdev": 0.00557290483266
    },
    "spectral_energyband_middle_low": {
        "max": 0.037467315793,
        "mean": 0.00527173699811,
        "min": 0.000139193740324,
        "stdev": 0.00457464065403
    },
    "spectral_entropy": {
        "max": 8.74369430542,
        "mean": 7.54910707474,
        "min": 6.30056381226,
        "stdev": 0.391197502613
    },
    "spectral_flux": {
        "max": 0.24486900866,
        "mean": 0.0854452699423,
        "min": 0.022110786289,
        "stdev": 0.0338811129332
    },
    "spectral_kurtosis": {
        "max": 21.9224052429,
        "mean": 4.10852861404,
        "min": -1.1443259716,
        "stdev": 2.68157792091
    },
    "spectral_rms": {
        "max": 0.0105686485767,
        "mean": 0.00485917786136,
        "min": 0.000899966049474,
        "stdev": 0.00143234117422
    },
    "spectral_rolloff": {
        "max": 10314.4042969,
        "mean": 1643.87097168,
        "min": 64.599609375,
        "stdev": 1430.16577148
    },
    "spectral_skewness": {
        "max": 3.47229623795,
        "mean": 1.28975009918,
        "min": 0.119694359601,
        "stdev": 0.375451803207
    },
    "spectral_spread": {
        "max": 12496743,
        "mean": 4017703,
        "min": 1657364.125,
        "stdev": 1516848.25
    },
    "spectral_strongpeak": {
        "max": 26.0687332153,
        "mean": 1.54960715771,
        "min": 0,
        "stdev": 2.78119635582
    },
    "zerocrossingrate": {
        "max": 0.3271484375,
        "mean": 0.0623456835747,
        "min": 0.00732421875,
        "stdev": 0.0360922887921
    },
    "barkbands": {
        "max": [0.0100132543594, 0.107066012919, 0.0307449754328, 0.0129628367722, 0.00814129877836, 0.0144490990788, 0.020215222612, 0.015074506402, 0.018226871267, 0.0366158895195, 0.027389600873, 0.00807971693575, 0.0239175092429, 0.0282868184149, 0.00841548386961, 0.00917358323932, 0.00628487067297, 0.00496290856972, 0.0242211129516, 0.0103352554142, 0.00150135881267, 0.00349441473372, 0.00344028742984, 0.00472421292216, 0.00421756599098, 6.31139118923e-06, 1.47630615288e-07],
        "mean": [0.000283632107312, 0.0109314443544, 0.00237960019149, 0.000674066366628, 0.000642684928607, 0.000799638626631, 0.00150260026567, 0.000565325608477, 0.00096880964702, 0.000706594262738, 0.00151339627337, 0.000530058634467, 0.000800576643087, 0.000593585951719, 0.000287834496703, 0.000290514581138, 0.00025017579901, 0.000361055164831, 0.00137201603502, 0.00047129165614, 6.17049154243e-05, 6.85441555106e-05, 9.53950147959e-05, 8.77305647009e-05, 6.64525141474e-05, 8.12925193827e-08, 1.30350485961e-09],
        "min": [5.05365775894e-08, 4.42572763859e-06, 2.8521465083e-06, 1.82713949926e-06, 8.78188802744e-06, 7.53121776143e-06, 1.69787494997e-06, 5.53015127025e-07, 2.97877113553e-06, 7.47392186895e-06, 7.60760804042e-06, 8.50121796248e-06, 5.9712519942e-06, 5.40918063052e-06, 4.83301892018e-06, 1.91736239685e-06, 4.15326439906e-06, 1.17479539767e-05, 8.99373480934e-06, 8.8341148512e-06, 1.1803358575e-06, 7.60135549172e-07, 5.1939775858e-07, 4.72671956686e-07, 2.26082860877e-07, 2.30534327739e-10, 2.19670504009e-10],
        "stdev": [0.000587064831052, 0.0133827775717, 0.00369818648323, 0.00137829012237, 0.000728068873286, 0.00139164924622, 0.00243054283783, 0.00161042134278, 0.0020553257782, 0.00196204986423, 0.00259472895414, 0.000885916815605, 0.00182555534411, 0.00136737688445, 0.000507907650899, 0.000638799392618, 0.000593573320657, 0.000435416033724, 0.00263759400696, 0.000813369057141, 0.000100204626506, 0.000188782491023, 0.000241123721935, 0.000254377868259, 0.000263534777332, 3.54819434278e-07, 4.90988449897e-09]
    },
    "erbbands": {
        "max": [2.63987469673, 26.8682556152, 45.9554710388, 31.4345874786, 29.2805747986, 37.6438789368, 138.897216797, 162.582138062, 254.699264526, 393.211029053, 311.533966064, 463.355529785, 537.311828613, 936.049804688, 1396.77270508, 315.43862915, 867.105224609, 1612.76171875, 204.741073608, 306.139770508, 564.223754883, 322.626037598, 351.567474365, 347.314727783, 1680.64758301, 294.705322266, 54.4223480225, 84.7139892578, 103.551055908, 113.411315918, 97.2339782715, 97.4653778076, 63.3527679443, 69.9589767456, 25.4207801819, 1.1634042263, 0.0316112078726, 0.00235726125538, 0.000351382885128, 0.000135387876071],
        "mean": [0.283991277218, 2.50599098206, 3.51049995422, 2.45793890953, 1.88671863079, 2.25705337524, 3.94713687897, 7.35570287704, 13.9044036865, 24.2101020813, 13.0958251953, 21.5074195862, 20.4043636322, 48.4114837646, 44.3549079895, 21.3739757538, 32.496799469, 40.596446991, 15.9700908661, 14.530711174, 16.9066181183, 14.3716287613, 19.3515930176, 30.6563129425, 80.8042831421, 25.469291687, 4.55851507187, 2.1380443573, 2.38149118423, 2.69666075706, 2.68837094307, 2.09425806999, 1.31961297989, 0.930199205875, 0.3709615767, 0.0201501529664, 0.000582398672123, 4.80028502352e-05, 2.10978487303e-05, 3.2877393096e-05],
        "min": [0.000119443633594, 0.00276622804813, 0.0166928544641, 0.0202879346907, 0.0293909944594, 0.0486410595477, 0.0329553745687, 0.0661936476827, 0.0932607501745, 0.0889211148024, 0.0687809213996, 0.145155638456, 0.38617631793, 0.328809410334, 0.397935092449, 0.35934010148, 0.67514359951, 0.719073593616, 0.508239924908, 0.303446829319, 0.224570482969, 0.466898590326, 0.68016898632, 0.79933142662, 0.63755774498, 0.47255513072, 0.156657293439, 0.0365216359496, 0.0283547565341, 0.0180489011109, 0.0152135770768, 0.0126532129943, 0.00654647080228, 0.00355230038986, 0.0011018399382, 6.72897513141e-05, 4.37243488705e-06, 9.08571507807e-07, 1.92137099475e-06, 2.36103483076e-06],
        "stdev": [0.349801540375, 3.27056980133, 5.25549936295, 3.68565678596, 2.64160919189, 2.91674280167, 7.95486688614, 13.2811956406, 21.6228675842, 42.3646469116, 34.1560058594, 47.3928413391, 41.3513946533, 89.6458816528, 81.8206787109, 31.5931835175, 67.0575561523, 83.3205184937, 20.8706893921, 23.9220581055, 35.4017333984, 32.1387748718, 25.317697525, 43.0863571167, 162.428009033, 42.434387207, 4.39412260056, 4.4372344017, 6.14359092712, 7.73545503616, 6.69335746765, 5.30299186707, 4.33674240112, 3.83633565903, 1.51555156708, 0.0768210291862, 0.00214898958802, 0.000156804482685, 2.41263624048e-05, 1.82539824891e-05]
    },
    "gfcc": {
        "mean": [-12.8654937744, 112.37487793, -143.206436157, 54.2285842896, -56.7006988525, 31.3086357117, -27.4696941376, 20.0029182434, -18.6253490448, -2.85186433792, 11.1223773956, -12.632771492, 2.22633337975],
        "cov": [[1011.21453857, -312.710845947, 199.932525635, 2.78138256073, -170.53894043, 151.341461182, -122.999847412, 137.416320801, 57.4479026794, 31.9632148743, -64.7712554932, 42.2286720276, -51.4244384766], [-312.710845947, 561.014709473, -110.47819519, -55.3178405762, 128.945983887, -122.382011414, 109.82989502, -74.139175415, 84.7903060913, -45.0907325745, 60.8000068665, -30.2512683868, 8.99861335754], [199.932525635, -110.47819519, 564.940551758, 166.267303467, -132.086074829, 212.761581421, -100.209594727, -12.3111038208, 142.380691528, 32.8404350281, -110.589096069, 110.392616272, 21.8624134064], [2.78138256073, -55.3178405762, 166.267303467, 240.01385498, 70.7733001709, 3.95814824104, -27.4461402893, -39.3193473816, 16.2393054962, 21.5332183838, -18.7759361267, 9.58404827118, 27.2858409882], [-170.53894043, 128.945983887, -132.086074829, 70.7733001709, 265.35559082, -50.308631897, 88.9588241577, -7.61821889877, -53.112827301, 11.2442617416, 76.3280715942, -64.4899978638, 11.8541660309], [151.341461182, -122.382011414, 212.761581421, 3.95814824104, -50.308631897, 307.132141113, -3.11691737175, -21.5394134521, 81.0833129883, 6.88281106949, -75.0839538574, 37.0377426147, -19.0887832642], [-122.999847412, 109.82989502, -100.209594727, -27.4461402893, 88.9588241577, -3.11691737175, 216.208343506, 29.6721286774, -76.5925750732, -10.9300575256, 70.6065292358, -58.330329895, -10.9873981476], [137.416320801, -74.139175415, -12.3111038208, -39.3193473816, -7.61821889877, -21.5394134521, 29.6721286774, 133.89944458, -3.42735362053, 6.16741037369, 26.2354946136, 5.4031329155, -4.90279436111], [57.4479026794, 84.7903060913, 142.380691528, 16.2393054962, -53.112827301, 81.0833129883, -76.5925750732, -3.42735362053, 247.74798584, 23.0345115662, -57.5269317627, 60.6630935669, -1.8210889101], [31.9632148743, -45.0907325745, 32.8404350281, 21.5332183838, 11.2442617416, 6.88281106949, -10.9300575256, 6.16741037369, 23.0345115662, 80.5128173828, 26.6078109741, -1.13003075123, -6.73439025879], [-64.7712554932, 60.8000068665, -110.589096069, -18.7759361267, 76.3280715942, -75.0839538574, 70.6065292358, 26.2354946136, -57.5269317627, 26.6078109741, 129.663818359, -8.32036876678, -0.60021597147], [42.2286720276, -30.2512683868, 110.392616272, 9.58404827118, -64.4899978638, 37.0377426147, -58.330329895, 5.4031329155, 60.6630935669, -1.13003075123, -8.32036876678, 104.529777527, 27.5666179657], [-51.4244384766, 8.99861335754, 21.8624134064, 27.2858409882, 11.8541660309, -19.0887832642, -10.9873981476, -4.90279436111, -1.8210889101, -6.73439025879, -0.60021597147, 27.5666179657, 72.3612976074]],
        "icov": [[0.0017792036524, -0.000476597633678, 0.00039671047125, -0.00118830148131, 0.00130898447242, -0.00155005406123, 0.00162477896083, -0.00284217623994, 0.000696351577062, -0.000467523146654, -0.0002523130388, 0.00059618614614, 0.000827504496556], [-0.000476597633678, 0.00859872903675, -0.00434700772166, 0.0070446995087, -0.00567238032818, 0.00721344910562, -0.00564244715497, 0.00900320708752, -0.00759617146105, 0.00673040840775, -0.00286113587208, 0.00127289013471, -0.000239108441747], [0.00039671047125, -0.00434700772166, 0.00777336163446, -0.00790603179485, 0.0053281141445, -0.00638940930367, 0.00262300297618, -0.00586239621043, 0.00337656470947, -0.00504984334111, 0.00296398694627, -0.00330996909179, -0.000201592789381], [-0.00118830148131, 0.0070446995087, -0.00790603179485, 0.0151203330606, -0.00941961165518, 0.00887184683233, -0.00483114132658, 0.0104863028973, -0.00563418725505, 0.00441910186782, -0.000614442978986, 0.000886298541445, -0.00124628574122], [0.00130898447242, -0.00567238032818, 0.0053281141445, -0.00941961165518, 0.0124224033207, -0.00710474187508, 0.00367991067469, -0.00743246963248, 0.00407285243273, -0.00381772150286, -0.00262169213966, 0.00357636250556, -0.00191326299682], [-0.00155005406123, 0.00721344910562, -0.00638940930367, 0.00887184683233, -0.00710474187508, 0.0130062839016, -0.00766226788983, 0.0104415444657, -0.00671965768561, 0.00447732303292, 0.00146253721323, -0.00150563381612, 0.00155867461581], [0.00162477896083, -0.00564244715497, 0.00262300297618, -0.00483114132658, 0.00367991067469, -0.00766226788983, 0.013051699847, -0.00912431720644, 0.00570154143497, -0.00129741290584, -0.00378329865634, 0.00452825473621, -0.000108700260171], [-0.00284217623994, 0.00900320708752, -0.00586239621043, 0.0104863028973, -0.00743246963248, 0.0104415444657, -0.00912431720644, 0.0212919153273, -0.00847618747503, 0.00643479544669, -0.00316172209568, -0.000567651295569, -0.000717602611985], [0.000696351577062, -0.00759617146105, 0.00337656470947, -0.00563418725505, 0.00407285243273, -0.00671965768561, 0.00570154143497, -0.00847618747503, 0.0127704525366, -0.00832589529455, 0.0053862570785, -0.00454077124596, 0.00171650957782], [-0.000467523146654, 0.00673040840775, -0.00504984334111, 0.00441910186782, -0.00381772150286, 0.00447732303292, -0.00129741290584, 0.00643479544669, -0.00832589529455, 0.02278168872, -0.0107796648517, 0.00623877719045, 0.000180188755621], [-0.0002523130388, -0.00286113587208, 0.00296398694627, -0.000614442978986, -0.00262169213966, 0.00146253721323, -0.00378329865634, -0.00316172209568, 0.0053862570785, -0.0107796648517, 0.0204153098166, -0.0102221230045, 0.00273516890593], [0.00059618614614, 0.00127289013471, -0.00330996909179, 0.000886298541445, 0.00357636250556, -0.00150563381612, 0.00452825473621, -0.000567651295569, -0.00454077124596, 0.00623877719045, -0.0102221230045, 0.0222732573748, -0.00750634260476], [0.000827504496556, -0.000239108441747, -0.000201592789381, -0.00124628574122, -0.00191326299682, 0.00155867461581, -0.000108700260171, -0.000717602611985, 0.00171650957782, 0.000180188755621, 0.00273516890593, -0.00750634260476, 0.0185699425638]]
    },
    "melbands": {
        "max": [0.0271444898099, 0.0243935156614, 0.00479073589668, 0.00160076480825, 0.00370250665583, 0.00317184370942, 0.00374882481992, 0.00366836506873, 0.00215951446444, 0.00324878050014, 0.00335375778377, 0.0040824636817, 0.0037163856905, 0.0018310592277, 0.0011085991282, 0.00319746788591, 0.00281659187749, 0.000466916244477, 0.000930887938011, 0.000566510483623, 0.000878138525877, 0.000334184122039, 0.000249834440183, 0.00024886749452, 0.00026702939067, 0.00131654646248, 0.000730280706193, 0.00018037915288, 2.89535219054e-05, 3.64348270523e-05, 5.53503014089e-05, 5.51898046979e-05, 7.51981933718e-05, 6.37266930426e-05, 6.57389318803e-05, 4.06178041885e-05, 8.176243864e-05, 4.10746615671e-05, 4.96114698763e-05, 6.56420379528e-05],
        "mean": [0.00286883953959, 0.00233026198111, 0.000410461972933, 0.000138725328725, 0.000131122855237, 0.000162342417752, 0.000250389013672, 0.000238216394791, 9.53688067966e-05, 0.00014719174942, 9.95587106445e-05, 0.000186154953553, 0.000179593131179, 7.27809383534e-05, 3.80388119083e-05, 0.00010228480096, 6.79419317748e-05, 2.3711590984e-05, 2.36400519498e-05, 1.88970279851e-05, 1.96126693481e-05, 1.50301493704e-05, 1.41931068356e-05, 1.79770941031e-05, 2.11427941395e-05, 6.70972731314e-05, 3.68306282326e-05, 1.22610108519e-05, 2.80854419543e-06, 1.30596379222e-06, 1.17392085031e-06, 1.32077843773e-06, 1.38139046157e-06, 1.54947292685e-06, 1.60259310178e-06, 1.4359435454e-06, 1.21628079341e-06, 9.22269691728e-07, 8.24050175652e-07, 7.88392640061e-07],
        "min": [1.30888872718e-06, 9.46419640968e-06, 6.34577872916e-06, 2.70556574833e-06, 8.1644157035e-07, 1.39578924063e-06, 1.31356887323e-06, 6.43670205136e-07, 3.86041676848e-07, 3.60661999821e-07, 8.16547526483e-07, 1.29537352223e-06, 9.72684915723e-07, 1.20808260817e-06, 4.74040177778e-07, 6.14237649188e-07, 4.47727586561e-07, 5.04458284922e-07, 3.4417340089e-07, 2.29103051197e-07, 1.27151935203e-07, 3.09132900611e-07, 6.20950686425e-07, 6.17735622654e-07, 5.00840883433e-07, 3.50823086137e-07, 2.26173057172e-07, 2.28613473041e-07, 1.03246726724e-07, 1.45142831087e-08, 1.37393820765e-08, 9.3312548799e-09, 1.42324090291e-08, 9.14759734627e-09, 8.93949803071e-09, 8.87029294461e-09, 6.51741904889e-09, 4.01062516531e-09, 2.88339174759e-09, 2.59921839607e-09],
        "stdev": [0.00347996247001, 0.00299142673612, 0.00057737150928, 0.000155261004693, 0.000235393512412, 0.00028129783459, 0.000377847842174, 0.000412639434217, 0.000247611023951, 0.000336044293363, 0.000225679454161, 0.000364698847989, 0.000303930079099, 0.000140504271258, 6.75311384839e-05, 0.000236662512179, 0.000148094200995, 3.93723785237e-05, 4.95566564496e-05, 4.23481142207e-05, 4.59032817162e-05, 3.62707905879e-05, 2.43710364884e-05, 2.27099881158e-05, 3.26635272359e-05, 0.00013686089369, 7.62427225709e-05, 2.05912510864e-05, 2.86842987407e-06, 2.48313017437e-06, 2.72905140264e-06, 3.32954527948e-06, 4.14670739701e-06, 4.47102502221e-06, 4.20133301304e-06, 3.32270224135e-06, 3.44759814652e-06, 2.9165844353e-06, 3.21236370837e-06, 3.43460328622e-06]
    },
    "melbands128": {
        "max": [0.00699523370713, 0.0161175988615, 0.0461035035551, 0.0487062558532, 0.031445864588, 0.0114189619198, 0.00750671420246, 0.00582289742306, 0.00275827618316, 0.00177068333142, 0.00246646348387, 0.00264218193479, 0.00606537004933, 0.0056031877175, 0.00602727988735, 0.00489516742527, 0.00357565749437, 0.00638458039612, 0.00863885879517, 0.00719134183601, 0.00306597026065, 0.0057488931343, 0.0039021121338, 0.00305120018311, 0.00445815501735, 0.00712558859959, 0.00638017384335, 0.00244269287214, 0.00951020885259, 0.00837464444339, 0.00720270583406, 0.00478755263612, 0.00461878580973, 0.0102436738089, 0.00215493678115, 0.00211870693602, 0.0010937115876, 0.00248739146627, 0.00142827373929, 0.00196875701658, 0.00687977578491, 0.00661663711071, 0.00450952490792, 0.00132646993734, 0.00124361237977, 0.000631479022559, 0.000710346153937, 0.00188273296226, 0.000826734525617, 0.000436107162386, 0.000927250657696, 0.00136198033579, 0.00085507176118, 0.00197934941389, 0.00094548414927, 0.000618066638708, 0.000917110301089, 0.000522998336237, 0.000489642843604, 0.000797334592789, 0.000498399371281, 0.000425661710324, 0.000301038293401, 0.000510923331603, 0.00118099979591, 0.00234716711566, 0.00306307454593, 0.0014266052749, 0.00147943932097, 0.000528660952114, 0.000341447797837, 0.000120979610074, 6.07403126196e-05, 4.3378880946e-05, 6.03378139203e-05, 4.48222490377e-05, 2.89666477329e-05, 8.0390018411e-05, 6.52338858345e-05, 5.3106345149e-05, 6.4128980739e-05, 7.0644520747e-05, 5.50519544049e-05, 0.000106618841528, 9.44229832385e-05, 7.79699694249e-05, 5.95474848524e-05, 0.000123088131659, 7.02385150362e-05, 4.96657994518e-05, 7.58066089475e-05, 5.2276714996e-05, 5.0925907999e-05, 0.000112196416012, 9.90376502159e-05, 5.3966366977e-05, 3.86171122955e-05, 7.04132398823e-05, 5.843656254e-05, 4.4474232709e-05, 7.84302901593e-05, 8.63481400302e-05, 8.59654028318e-05, 4.36864356743e-05, 5.6101474911e-05, 2.31848462136e-05, 5.5203508964e-06, 2.15821771121e-07, 1.22643539768e-09, 1.10542286436e-09, 1.01407537922e-09, 9.44866851427e-10, 8.82995399021e-10, 9.77531722235e-10, 1.14600762213e-09, 7.59752316615e-10, 7.26464222112e-10, 7.05392189104e-10, 6.83112122424e-10, 6.59401200309e-10, 6.39298392002e-10, 6.18338324987e-10, 6.08650574385e-10, 5.89885473801e-10, 5.8365651201e-10, 5.7124688313e-10, 5.66689861703e-10, 5.63259550113e-10],
        "mean": [0.000251761899563, 0.00188302423339, 0.00431442260742, 0.00415341975167, 0.00230291066691, 0.00100442871917, 0.000498880632222, 0.000293204502668, 0.000171998122823, 0.000121492950711, 0.00012699700892, 0.000115046255814, 0.000133866269607, 0.000146787511767, 0.000164441342349, 0.000176262372406, 0.000154511639266, 0.000220607646042, 0.000438871822553, 0.000295501784422, 0.000115609371278, 0.000134837799123, 8.18580738269e-05, 7.31875334168e-05, 0.000115514099889, 0.000221936235903, 0.000128353989567, 6.29898058833e-05, 8.87796486495e-05, 0.000126819461002, 0.000238744236412, 0.000280178006506, 0.000177586538484, 0.000118477313663, 7.64458018239e-05, 6.97680152371e-05, 4.52292188129e-05, 3.26368826791e-05, 3.11210023938e-05, 6.46529733785e-05, 0.000142047167174, 0.000118125928566, 7.75000444264e-05, 3.67469401681e-05, 2.7345991839e-05, 1.97588906303e-05, 1.97307108465e-05, 3.22514024447e-05, 2.04373391171e-05, 1.23715499285e-05, 2.00472950382e-05, 2.49428521784e-05, 1.82837975444e-05, 1.94157018996e-05, 1.77047040779e-05, 1.34960519063e-05, 1.51323229147e-05, 9.56959775067e-06, 1.44094328789e-05, 2.20598194574e-05, 1.73219814315e-05, 1.69982049556e-05, 1.48138578879e-05, 1.86397901416e-05, 3.39438447554e-05, 7.85613519838e-05, 8.77503116499e-05, 4.81818169646e-05, 2.14513620449e-05, 2.40370227402e-05, 1.44132127389e-05, 5.33444881512e-06, 3.60351327799e-06, 2.45660612563e-06, 1.76363164428e-06, 1.32945910991e-06, 1.05560263819e-06, 1.15459124572e-06, 1.18812556593e-06, 1.18631953683e-06, 1.32327863867e-06, 1.3904403886e-06, 1.29305715291e-06, 1.36821893193e-06, 1.44031901073e-06, 1.54186989221e-06, 1.49571792463e-06, 1.76065555024e-06, 1.74185947799e-06, 1.35838251936e-06, 1.42359692745e-06, 1.53613405018e-06, 1.3029271031e-06, 1.25555823161e-06, 1.15941077183e-06, 9.34371996664e-07, 8.66359243901e-07, 9.04354180875e-07, 8.29400335078e-07, 7.66400432894e-07, 8.17747775272e-07, 8.26995858461e-07, 7.28996781163e-07, 5.56579038857e-07, 4.74122657579e-07, 3.12159443183e-07, 7.37291969699e-08, 3.60956331491e-09, 1.03148383931e-11, 7.94112345326e-12, 7.65307262007e-12, 8.55162902297e-12, 8.96182954235e-12, 9.57812041485e-12, 8.77612652689e-12, 7.25241264612e-12, 6.43348352022e-12, 6.48381131771e-12, 6.32303237547e-12, 5.82331231846e-12, 5.63193372147e-12, 5.55564665453e-12, 5.508035434e-12, 5.34990064402e-12, 4.9511193756e-12, 4.26058103728e-12, 3.88823695463e-12, 3.81847027955e-12],
        "min": [2.24897220846e-08, 2.28560338655e-07, 6.88321904363e-07, 1.57360705089e-06, 4.6621794354e-06, 1.34723154588e-06, 1.17192928428e-06, 4.40152774672e-07, 1.02775516098e-06, 1.10779501483e-06, 1.77529472012e-07, 1.47695274677e-07, 1.53241245471e-07, 3.85853809348e-07, 2.98203133298e-07, 1.81982173331e-07, 2.3424715323e-07, 3.14241532351e-07, 4.60386644363e-07, 3.65856521967e-07, 4.81045034917e-08, 1.22925541746e-07, 9.83854349101e-08, 2.2838301561e-07, 2.55723477949e-07, 2.06401239211e-07, 1.53595721031e-07, 2.34459406556e-07, 2.23933142252e-07, 2.61704485638e-07, 1.91573434449e-07, 3.46233264281e-07, 3.07922533693e-07, 2.93413080499e-07, 1.87594778822e-07, 4.06832270983e-07, 1.10250887531e-07, 1.48061218397e-07, 1.9904121018e-07, 2.97806622029e-07, 2.81128222923e-07, 9.91020527863e-08, 2.2274049627e-07, 7.50392175064e-08, 1.74500470962e-07, 1.25374924664e-07, 8.96021745689e-08, 1.12981993539e-07, 8.33592253002e-08, 4.96989720489e-08, 1.27003303874e-07, 1.11206524878e-07, 1.05399799111e-07, 1.393586615e-07, 5.85290074184e-08, 1.62358901434e-07, 5.8601674624e-08, 1.4263740411e-07, 3.20759312444e-07, 2.19923705913e-07, 2.53758770441e-07, 2.92176963512e-07, 2.89427958933e-07, 1.60040315222e-07, 1.88081415331e-07, 2.89165598133e-07, 2.08655464462e-07, 8.86352538032e-08, 1.1689620294e-07, 9.81161747404e-08, 1.18452739173e-07, 1.11657904256e-07, 1.1228853225e-07, 8.12861742361e-08, 3.92548855643e-08, 3.31725558134e-09, 6.24566620644e-09, 9.45354994286e-09, 8.35604119231e-09, 5.46772760401e-09, 3.89959131653e-09, 5.01348029758e-09, 1.21930510133e-08, 9.34255783847e-09, 5.68126345968e-09, 8.12589284749e-09, 8.50362180671e-09, 1.0097623182e-08, 7.04398495088e-09, 4.25483159816e-09, 5.76557557252e-09, 5.73638603285e-09, 9.05545771701e-09, 5.1442925475e-09, 2.15115525393e-09, 3.01668312552e-09, 3.59985508069e-09, 2.929126941e-09, 1.88828686021e-09, 1.38678046824e-09, 2.04231098699e-09, 1.19253784625e-09, 1.0902291292e-09, 1.00642172374e-09, 1.22915555512e-09, 7.24685700337e-10, 1.18325765852e-10, 1.85116809034e-12, 6.03762049037e-13, 6.15029349064e-13, 4.93319686316e-13, 5.54193464123e-13, 6.41601301168e-13, 6.69821511624e-13, 5.56119115602e-13, 5.31581018353e-13, 6.71912341304e-13, 5.91267648991e-13, 7.65921885377e-13, 6.06380288863e-13, 6.35110182761e-13, 7.14883718628e-13, 6.56832119077e-13, 6.41069933683e-13, 4.64940694452e-13, 2.06092223365e-13, 2.21940555398e-14, 7.37049954218e-16],
        "stdev": [0.000487139128381, 0.00245296349749, 0.00591335864738, 0.00576717266813, 0.00364278163761, 0.0014299628092, 0.000846381939482, 0.000594818906393, 0.000249524746323, 0.000154886598466, 0.000192730483832, 0.000206508630072, 0.000322148727719, 0.000373894959921, 0.000395033013774, 0.000366632360965, 0.000336555502145, 0.000469648046419, 0.000862000451889, 0.000652543152682, 0.000349247973645, 0.0005769066629, 0.000252903410001, 0.000207253702683, 0.000356508593541, 0.000646194384899, 0.000393850205, 0.000171879146365, 0.000403412210289, 0.000468360929517, 0.000589792383835, 0.000569616386201, 0.00040951705887, 0.000481447117636, 0.000191566869034, 0.00017226098862, 9.46603831835e-05, 9.51613983489e-05, 8.90857700142e-05, 0.000171054241946, 0.000452376669273, 0.000300032668747, 0.000258366111666, 0.000100615674455, 7.78103640187e-05, 4.40862568212e-05, 4.14208770962e-05, 9.03391410247e-05, 5.51844786969e-05, 2.81244356302e-05, 6.36501717963e-05, 8.19662891445e-05, 3.96688883484e-05, 7.96101376181e-05, 6.04187007411e-05, 3.62063510693e-05, 6.18871417828e-05, 2.6276717108e-05, 3.21800434904e-05, 4.59124457848e-05, 3.34270953317e-05, 3.51113267243e-05, 2.78803981928e-05, 4.35501206084e-05, 9.31759714149e-05, 0.000216993837967, 0.000247216492426, 0.000151545886183, 6.27791232546e-05, 5.80228152103e-05, 3.25926630467e-05, 7.96004314907e-06, 4.65607899969e-06, 2.97353699352e-06, 3.13001146424e-06, 3.05573530568e-06, 2.34481831285e-06, 2.88658384306e-06, 2.99922885461e-06, 3.24291545439e-06, 3.27120096699e-06, 3.89076012652e-06, 3.61695151696e-06, 4.56210409538e-06, 5.00935539094e-06, 4.52138101537e-06, 4.50482821179e-06, 5.84735926168e-06, 4.47093998446e-06, 3.53149152943e-06, 3.73854209101e-06, 3.53000132236e-06, 3.47637865161e-06, 4.00054204874e-06, 3.80917299481e-06, 2.95171685138e-06, 2.72553324976e-06, 3.78536446988e-06, 3.46089950654e-06, 2.97737483379e-06, 3.81871996069e-06, 3.92978427044e-06, 3.49555921275e-06, 2.34593426285e-06, 2.28961926041e-06, 1.22042990824e-06, 2.76323333992e-07, 1.45909364591e-08, 4.33621159812e-11, 3.57720311706e-11, 3.30273863813e-11, 3.67678908153e-11, 3.5537701254e-11, 4.38839901917e-11, 4.1064953521e-11, 2.75654395143e-11, 2.41937858636e-11, 2.39839693245e-11, 2.3116309214e-11, 2.18311063671e-11, 2.12145752354e-11, 2.05568635031e-11, 2.02283953477e-11, 1.96391809065e-11, 1.94088477928e-11, 1.91095438085e-11, 1.89559114933e-11, 1.8833922269e-11]
    },
    "mfcc": {
        "mean": [-639.766723633, 119.076248169, -9.95979213715, 24.0551147461, 9.19298839569, 4.57457637787, 18.5756244659, 12.8916854858, -6.04812908173, 12.6173067093, 2.93467330933, 2.54271411896, 8.74732303619],
        "cov": [[962.244384766, -305.520355225, 226.327667236, -131.425262451, 15.6857910156, -45.632686615, -121.22077179, 47.62865448, 45.7388916016, 11.0291309357, 28.8395404816, 37.6529083252, 1.84363639355], [-305.520355225, 544.958435059, -265.603973389, 70.6237030029, -49.000213623, -49.8463058472, 60.4181480408, 3.54141879082, -30.8700084686, 6.34057188034, 40.2717971802, 1.27285599709, 1.24212050438], [226.327667236, -265.603973389, 738.204772949, -98.2622070312, 48.8329696655, 208.404724121, -248.607727051, 53.7581062317, 189.833633423, -120.117835999, 37.653213501, 125.131187439, -61.100730896], [-131.425262451, 70.6237030029, -98.2622070312, 274.470245361, 60.1183052063, -38.5380744934, 61.2387390137, -45.2566490173, -37.7165336609, 25.6320476532, -18.1067752838, -52.3548545837, 54.3985481262], [15.6857910156, -49.000213623, 48.8329696655, 60.1183052063, 183.922088623, 60.0026473999, -48.2399482727, -11.6945819855, 38.3186340332, -14.4228067398, -4.47611188889, 28.832452774, 13.8381080627], [-45.632686615, -49.8463058472, 208.404724121, -38.5380744934, 60.0026473999, 276.703704834, -53.3520812988, 13.7635345459, 85.6059341431, -38.3347702026, 31.7283973694, 59.0439186096, -58.0393600464], [-121.22077179, 60.4181480408, -248.607727051, 61.2387390137, -48.2399482727, -53.3520812988, 350.874755859, 9.37240982056, -130.333129883, 116.749320984, -23.8469314575, -110.913803101, 47.522518158], [47.62865448, 3.54141879082, 53.7581062317, -45.2566490173, -11.6945819855, 13.7635345459, 9.37240982056, 106.89982605, 44.763130188, -10.7471895218, 13.8739938736, 29.8761749268, -6.48442649841], [45.7388916016, -30.8700084686, 189.833633423, -37.7165336609, 38.3186340332, 85.6059341431, -130.333129883, 44.763130188, 156.886779785, -38.4466247559, 19.6384277344, 66.8974838257, -40.2624320984], [11.0291309357, 6.34057188034, -120.117835999, 25.6320476532, -14.4228067398, -38.3347702026, 116.749320984, -10.7471895218, -38.4466247559, 133.754226685, 19.5554065704, -44.7860794067, 10.1229915619], [28.8395404816, 40.2717971802, 37.653213501, -18.1067752838, -4.47611188889, 31.7283973694, -23.8469314575, 13.8739938736, 19.6384277344, 19.5554065704, 95.5474319458, 49.2258987427, -10.3217258453], [37.6529083252, 1.27285599709, 125.131187439, -52.3548545837, 28.832452774, 59.0439186096, -110.913803101, 29.8761749268, 66.8974838257, -44.7860794067, 49.2258987427, 125.707511902, -2.68044996262], [1.84363639355, 1.24212050438, -61.100730896, 54.3985481262, 13.8381080627, -58.0393600464, 47.522518158, -6.48442649841, -40.2624320984, 10.1229915619, -10.3217258453, -2.68044996262, 98.475227356]],
        "icov": [[0.00155846297275, 0.000698999152519, -0.000286203227006, 0.00055957317818, -0.000312521879096, 0.000634310767055, 0.000667918357067, -0.00076520757284, 0.000311513955239, -0.000651860551443, -0.000696790928487, 0.000456453592051, -0.000345869339071], [0.000698999152519, 0.00317341578193, 0.00130867946427, -0.000763671647292, 0.00076149601955, 0.000318555481499, -0.000194417021703, -0.000425442267442, -0.000758390058763, 0.0012293671025, -0.00196374347433, -0.000632139737718, 0.000667800602969], [-0.000286203227006, 0.00130867946427, 0.0032743581105, -0.000369759101886, 0.000765553209931, -0.00137014116626, 0.000516952772159, -0.000295742967864, -0.00198062462732, 0.0016375296982, -0.000914143165573, -0.000352021626895, -4.28429993917e-05], [0.00055957317818, -0.000763671647292, -0.000369759101886, 0.00585743272677, -0.00230066222139, 0.000451023981441, -0.000123158519273, 0.00147893233225, -0.00067577167647, -0.000185539451195, -0.000811186851934, 0.00305103650317, -0.00297921989113], [-0.000312521879096, 0.00076149601955, 0.000765553209931, -0.00230066222139, 0.00780166452751, -0.00202580657788, 0.000693500274792, 0.000650473579299, -0.00139812729321, -0.000335972261382, 0.00137837638613, -0.0019577674102, -0.00128588988446], [0.000634310767055, 0.000318555481499, -0.00137014116626, 0.000451023981441, -0.00202580657788, 0.00679267570376, -0.00246648397297, 0.00153676397167, -0.00193626014516, 0.00149130157661, -0.00158671813551, -0.00165519176517, 0.00330812484026], [0.000667918357067, -0.000194417021703, 0.000516952772159, -0.000123158519273, 0.000693500274792, -0.00246648397297, 0.00882419385016, -0.00513874553144, 0.005137023516, -0.00539233535528, 0.00107377476525, 0.00410548085347, -0.00289027323015], [-0.00076520757284, -0.000425442267442, -0.000295742967864, 0.00147893233225, 0.000650473579299, 0.00153676397167, -0.00513874553144, 0.0147669902071, -0.00651282351464, 0.00298943417147, -0.000863670953549, -0.00289845000952, 0.000146255348227], [0.000311513955239, -0.000758390058763, -0.00198062462732, -0.00067577167647, -0.00139812729321, -0.00193626014516, 0.005137023516, -0.00651282351464, 0.0160942412913, -0.0039287940599, 0.00245700636879, -0.00195879489183, 0.00248384824954], [-0.000651860551443, 0.0012293671025, 0.0016375296982, -0.000185539451195, -0.000335972261382, 0.00149130157661, -0.00539233535528, 0.00298943417147, -0.0039287940599, 0.0148848248646, -0.0066559468396, 0.00240697315894, 0.0010719121201], [-0.000696790928487, -0.00196374347433, -0.000914143165573, -0.000811186851934, 0.00137837638613, -0.00158671813551, 0.00107377476525, -0.000863670953549, 0.00245700636879, -0.0066559468396, 0.0180047731847, -0.00831351522356, 0.00156446255278], [0.000456453592051, -0.000632139737718, -0.000352021626895, 0.00305103650317, -0.0019577674102, -0.00165519176517, 0.00410548085347, -0.00289845000952, -0.00195879489183, 0.00240697315894, -0.00831351522356, 0.0200076829642, -0.00615201378241], [-0.000345869339071, 0.000667800602969, -4.28429993917e-05, -0.00297921989113, -0.00128588988446, 0.00330812484026, -0.00289027323015, 0.000146255348227, 0.00248384824954, 0.0010719121201, 0.00156446255278, -0.00615201378241, 0.0162088014185]]
    },
    "spectral_contrast_coeffs": {
        "max": [-0.529941737652, -0.504975676537, -0.491822332144, -0.591914534569, -0.56563013792, -0.698580622673],
        "mean": [-0.76719635725, -0.744212806225, -0.738323509693, -0.779879808426, -0.761577367783, -0.79883813858],
        "min": [-0.934397339821, -0.92859941721, -0.919799923897, -0.897687196732, -0.877341449261, -0.879273056984],
        "stdev": [0.0535101443529, 0.075958058238, 0.0720517113805, 0.0554368160665, 0.068759739399, 0.0275716222823]
    },
    "spectral_contrast_valleys": {
        "max": [-5.16782808304, -5.17051029205, -6.00319719315, -6.46347284317, -6.41198730469, -7.71565532684],
        "mean": [-6.63656663895, -6.95469284058, -7.27373933792, -7.52176380157, -7.40591955185, -10.1487092972],
        "min": [-8.74575901031, -8.66093254089, -8.66125488281, -8.90460014343, -8.35441970825, -12.0387649536],
        "stdev": [0.518201470375, 0.476107031107, 0.396260291338, 0.365650862455, 0.32465338707, 0.721338450909]
    }
},
"rhythm": {
    "beats_count": 105,
    "beats_loudness": {
        "max": 0.0805413797498,
        "mean": 0.0374563224614,
        "min": 0.00371938198805,
        "stdev": 0.0162717550993
    },
    "bpm": 130.178207397,
    "bpm_histogram_first_peak_bpm": 129,
    "bpm_histogram_first_peak_weight": 0.352941155434,
    "bpm_histogram_second_peak_bpm": 136,
    "bpm_histogram_second_peak_spread": 0,
    "bpm_histogram_second_peak_weight": 0.0192307699472,
    "danceability": 1.32522475719,
    "onset_rate": 2.8916015625,
    "beats_loudness_band_ratio": {
        "max": [0.968250989914, 0.244530782104, 0.511112391949, 0.657577633858, 0.203492030501, 0.660567641258],
        "mean": [0.621632516384, 0.045507542789, 0.0938352569938, 0.119672946632, 0.0468843095005, 0.0860380008817],
        "min": [0.0387633480132, 0.00552209839225, 0.0039110770449, 0.00649236980826, 0.00311279320158, 0.00181018945295],
        "stdev": [0.245291665196, 0.0446774810553, 0.102190770209, 0.113667808473, 0.0401524864137, 0.147728592157]
    },
