{
"metadata": {
    "version": {
        "essentia": "2.1-beta5",
        "essentia_git_sha": "Undefined",
        "extractor": "music 2.0"
    },
    "audio_properties": {
        "analysis": {
            "equal_loudness": 0,
            "length": 48.7502937317,
            "sample_rate": 44100,
            "start_time": 45.2440834045,
            "downmix": "mix"
        },
        "bit_rate": 192000,
        "length": 192.690811157,
        "lossless": 0,
        "number_channels": 2,
        "replay_gain": -11.6073379517,
        "sample_rate": 48000,
        "codec": "mp3",
        "md5_encoded": "094c32082abd8016ecc33bc8ccdd7a75"
    },
    "tags": {
        "file_name": "Croatia_Lijepa Tena_Igor Cukrov feat. Andrea.mp3",
        "encoding": ["Lavf58.29.100"]
    }
},
"lowlevel": {
    "average_loudness": 0.94308835268,
    "barkbands_crest": {
        "max": 25.7224884033,
        "mean": 11.2881746292,
        "min": 2.9269297123,
        "stdev": 4.76013708115
    },
    "barkbands_flatness_db": {
        "max": 0.299746453762,
        "mean": 0.141983151436,
        "min": 0.0416646338999,
        "stdev": 0.0455017611384
    },
    "barkbands_kurtosis": {
        "max": 76.2739028931,
        "mean": 3.86090040207,
        "min": -1.91009414196,
        "stdev": 7.11204147339
    },
    "barkbands_skewness": {
        "max": 7.54001998901,
        "mean": 1.12527024746,
        "min": -1.96648705006,
        "stdev": 1.21962869167
    },
    "barkbands_spread": {
        "max": 97.8787002563,
        "mean": 19.5613269806,
        "min": 1.26137888432,
        "stdev": 15.5739927292
    },
    "dissonance": {
        "max": 0.499885946512,
        "mean": 0.449346274137,
        "min": 0.263116389513,
        "stdev": 0.0357558541
    },
    "dynamic_complexity": 2.46865558624,
    "erbbands_crest": {
        "max": 30.2899627686,
        "mean": 11.1951599121,
        "min": 2.80583262444,
        "stdev": 4.69892263412
    },
    "erbbands_flatness_db": {
        "max": 0.321277827024,
        "mean": 0.180246457458,
        "min": 0.0592467561364,
        "stdev": 0.049244042486
    },
    "erbbands_kurtosis": {
        "max": 23.7745323181,
        "mean": 1.29393327236,
        "min": -1.7345250845,
        "stdev": 2.69685530663
    },
    "erbbands_skewness": {
        "max": 4.67453670502,
        "mean": 0.624252736568,
        "min": -3.23707747459,
        "stdev": 0.93551003933
    },
    "erbbands_spread": {
        "max": 116.682678223,
        "mean": 30.2155265808,
        "min": 5.16441631317,
        "stdev": 18.5818309784
    },
    "hfc": {
        "max": 152.418395996,
        "mean": 24.0890083313,
        "min": 0.693692564964,
        "stdev": 19.2141056061
    },
    "loudness_ebu128": {
        "integrated": -11.7922821045,
        "loudness_range": 4.55390167236,
        "momentary": {
            "max": -8.84177112579,
            "mean": -12.3067712784,
            "min": -21.7633647919,
            "stdev": 2.26640892029
        },
        "short_term": {
            "max": -9.32584285736,
            "mean": -12.089220047,
            "min": -15.3053703308,
            "stdev": 1.54093062878
        }
    },
    "melbands_crest": {
        "max": 31.2057209015,
        "mean": 13.0144882202,
        "min": 3.07161426544,
        "stdev": 5.00664520264
    },
    "melbands_flatness_db": {
        "max": 0.37924733758,
        "mean": 0.193354815245,
        "min": 0.0459599941969,
        "stdev": 0.0536763258278
    },
    "melbands_kurtosis": {
        "max": 120.106666565,
        "mean": 9.39184474945,
        "min": -1.76000642776,
        "stdev": 14.7618188858
    },
    "melbands_skewness": {
        "max": 9.59136009216,
        "mean": 1.79183709621,
        "min": -0.975982069969,
        "stdev": 1.63073158264
    },
    "melbands_spread": {
        "max": 212.319335938,
        "mean": 25.6807327271,
        "min": 1.46805810928,
        "stdev": 23.1860218048
    },
    "pitch_salience": {
        "max": 0.864865481853,
        "mean": 0.534916996956,
        "min": 0.163458958268,
        "stdev": 0.113094851375
    },
    "silence_rate_20dB": {
        "max": 1,
        "mean": 1,
        "min": 1,
        "stdev": 0
    },
    "silence_rate_30dB": {
        "max": 1,
        "mean": 1,
        "min": 1,
        "stdev": 0
    },
    "silence_rate_60dB": {
        "max": 1,
        "mean": 0.0176106616855,
        "min": 0,
        "stdev": 0.131528064609
    },
    "spectral_centroid": {
        "max": 4681.23095703,
        "mean": 1369.90734863,
        "min": 276.883209229,
        "stdev": 737.57434082
    },
    "spectral_complexity": {
        "max": 38,
        "mean": 16.1565914154,
        "min": 2,
        "stdev": 6.42399835587
    },
    "spectral_decrease": {
        "max": -1.72246231167e-10,
        "mean": -6.26286977834e-09,
        "min": -2.34691981404e-08,
        "stdev": 3.56104701282e-09
    },
    "spectral_energy": {
        "max": 0.0909221172333,
        "mean": 0.0258224718273,
        "min": 0.000726782367565,
        "stdev": 0.0143779022619
    },
    "spectral_energyband_high": {
        "max": 0.0193663835526,
        "mean": 0.000694953487255,
        "min": 8.97759309737e-06,
        "stdev": 0.00193152797874
    },
    "spectral_energyband_low": {
        "max": 0.0728464722633,
        "mean": 0.00409117806703,
        "min": 1.57988361025e-05,
        "stdev": 0.00639757886529
    },
    "spectral_energyband_middle_high": {
        "max": 0.0581438392401,
        "mean": 0.00921565108001,
        "min": 0.000152266395162,
        "stdev": 0.00991357862949
    },
    "spectral_energyband_middle_low": {
        "max": 0.0608073063195,
        "mean": 0.0122909639031,
        "min": 0.000376278243493,
        "stdev": 0.00944415852427
    },
    "spectral_entropy": {
        "max": 8.71518421173,
        "mean": 7.39686203003,
        "min": 5.93807077408,
        "stdev": 0.451807320118
    },
    "spectral_flux": {
        "max": 0.256861358881,
        "mean": 0.0797917321324,
        "min": 0.0109345689416,
        "stdev": 0.0375630259514
    },
    "spectral_kurtosis": {
        "max": 19.8725585938,
        "mean": 4.94919061661,
        "min": -0.746517896652,
        "stdev": 2.72704553604
    },
    "spectral_rms": {
        "max": 0.00941830687225,
        "mean": 0.00479867914692,
        "min": 0.000842054607347,
        "stdev": 0.00147150782868
    },
    "spectral_rolloff": {
        "max": 12661.5234375,
        "mean": 1627.5201416,
        "min": 107.666015625,
        "stdev": 1607.39465332
    },
    "spectral_skewness": {
        "max": 3.55825662613,
        "mean": 1.62151932716,
        "min": -0.0850103422999,
        "stdev": 0.444955706596
    },
    "spectral_spread": {
        "max": 15275444,
        "mean": 4378224,
        "min": 2334907,
        "stdev": 1381163.25
    },
    "spectral_strongpeak": {
        "max": 10.1088895798,
        "mean": 1.88050460815,
        "min": 0.0255255289376,
        "stdev": 1.73720383644
    },
    "zerocrossingrate": {
        "max": 0.38671875,
        "mean": 0.0612945184112,
        "min": 0.01123046875,
        "stdev": 0.0413466095924
    },
    "barkbands": {
        "max": [0.00121569435578, 0.0579169765115, 0.0153456944972, 0.0149750038981, 0.0582263879478, 0.0393740534782, 0.0196874942631, 0.0151649545878, 0.0555360503495, 0.0509716980159, 0.0195215009153, 0.0119491992518, 0.034396816045, 0.0162937529385, 0.0177232790738, 0.00611573597416, 0.00160562305246, 0.0110237244517, 0.00874852761626, 0.00454861018807, 0.00542930141091, 0.01101417467, 0.0049993712455, 0.00811612978578, 0.00354724447243, 0.00240604695864, 0.00015695647744],
        "mean": [4.2662872147e-05, 0.00318972789682, 0.000676254858263, 0.000453788699815, 0.00301881856285, 0.00246491958387, 0.000869045266882, 0.00074310839409, 0.00418395362794, 0.00332302809693, 0.000998987467028, 0.000715395319276, 0.00122868397739, 0.00106315733865, 0.000543712696526, 0.000199793314096, 0.000139432173455, 0.000711057218723, 0.000420254858909, 0.000207617966225, 0.000135555397719, 0.000174795772182, 0.000110849767225, 0.000108124266262, 7.35940484446e-05, 2.40680510615e-05, 2.09086306313e-06],
        "min": [9.9099004558e-09, 8.85095630565e-07, 6.60268483443e-07, 1.82227466894e-07, 4.19921434514e-06, 1.2774183233e-05, 3.34119545187e-06, 1.05544677353e-06, 4.82359700982e-06, 3.83472251997e-06, 2.1706782718e-06, 1.74402157427e-06, 3.34293099513e-06, 3.47555919689e-06, 3.18169963975e-06, 2.22505559577e-06, 4.34994490206e-06, 4.22325138061e-06, 2.74131321021e-06, 4.15992053604e-06, 1.4186343833e-06, 9.07936851036e-07, 7.19514957837e-07, 5.83900771289e-07, 3.65467712982e-07, 1.25113885474e-07, 1.26455790284e-09],
        "stdev": [0.000117424337077, 0.0054224524647, 0.00142778328154, 0.000937006727327, 0.00534301111475, 0.00470421183854, 0.00155826797709, 0.00134814553894, 0.00731275975704, 0.00673631811514, 0.00198073848151, 0.00133338628802, 0.00246704765595, 0.00165969540831, 0.00157195713837, 0.000440824253019, 0.000152178952703, 0.00134259264451, 0.000787697616033, 0.000344064465025, 0.000363663770258, 0.00057265907526, 0.000383486680221, 0.000465984456241, 0.000293935881928, 0.000116171431728, 6.7326595854e-06]
    },
    "erbbands": {
        "max": [1.53629732132, 14.9189090729, 23.6153087616, 43.0956306458, 117.922294617, 220.118301392, 328.546539307, 282.662658691, 343.973907471, 114.523719788, 446.682281494, 1642.3026123, 1501.24487305, 1103.21142578, 552.283203125, 458.265716553, 1797.77075195, 889.984680176, 666.931396484, 787.841430664, 140.844451904, 100.206794739, 563.136535645, 480.695404053, 464.49987793, 268.346679688, 155.796203613, 327.73651123, 413.807983398, 259.15838623, 131.352279663, 169.685836792, 138.746398926, 57.8775901794, 30.1991176605, 18.0994930267, 3.15193414688, 0.312496244907, 0.0213279649615, 0.000474415253848],
        "mean": [0.0686448737979, 0.780457079411, 1.08001601696, 1.17513501644, 6.72880268097, 9.50541400909, 17.0314159393, 17.6915607452, 15.7096195221, 10.4296140671, 28.2463092804, 87.2012634277, 103.008483887, 83.0869750977, 32.8467407227, 31.2272720337, 55.7451972961, 48.930431366, 41.8034286499, 22.4927349091, 8.9642162323, 8.98258304596, 31.0129261017, 33.1236114502, 17.8290920258, 8.9202041626, 5.05067920685, 6.09479093552, 6.46587944031, 4.58083343506, 3.01206278801, 2.49083089828, 1.6311621666, 0.965350866318, 0.442290991545, 0.144310057163, 0.0378401763737, 0.00536785461009, 0.000413112808019, 4.26406986662e-05],
        "min": [1.54040189955e-05, 0.000236092251725, 0.00397327682003, 0.0051027960144, 0.00757538666949, 0.0160202961415, 0.191242113709, 0.100969217718, 0.148391187191, 0.130367666483, 0.15466427803, 0.188483446836, 0.225085154176, 0.10759101063, 0.197719141841, 0.154976740479, 0.202206924558, 0.181921899319, 0.273208737373, 0.19339710474, 0.239270046353, 0.354131370783, 0.297726690769, 0.210172861814, 0.152700021863, 0.21408970654, 0.0935811400414, 0.0540510602295, 0.0312266647816, 0.0447017364204, 0.0230731312186, 0.0193944722414, 0.00903177261353, 0.00471488339826, 0.00170275976416, 0.000721982622053, 0.000159782823175, 1.90392056538e-05, 2.08540677704e-06, 1.07685184503e-06],
        "stdev": [0.132022485137, 1.31516325474, 1.90010070801, 2.38393211365, 13.2212533951, 18.2931861877, 34.4290046692, 30.124288559, 26.9872398376, 14.3538036346, 43.644859314, 165.979446411, 190.944885254, 144.300216675, 49.6951675415, 48.693939209, 113.271011353, 90.1376571655, 70.5435333252, 61.4784088135, 12.5291042328, 9.73902511597, 55.3708724976, 57.4373474121, 31.7557125092, 14.6257572174, 10.8222036362, 19.3271617889, 21.8254833221, 14.5387277603, 10.4962491989, 10.6374158859, 7.19155216217, 3.91052556038, 1.94711637497, 0.794933319092, 0.159394785762, 0.017181545496, 0.00124379654881, 4.21504519181e-05]
    },
    "gfcc": {
        "mean": [4.08527946472, 89.672958374, -126.296867371, 21.1835670471, -63.2890205383, 12.6216201782, -32.6488265991, 7.96034622192, -26.5565166473, 3.05782461166, -11.3694105148, 2.55779695511, -10.9388475418],
        "cov": [[1683.96948242, -426.589782715, -124.624565125, -39.6155014038, 103.289230347, 136.685913086, 125.907302856, 223.745620728, -74.1179885864, -19.1193065643, -23.7847671509, -41.1620597839, -68.9981613159], [-426.589782715, 862.452758789, -237.078475952, -170.493453979, 177.974182129, -29.5722198486, 108.687339783, -23.8795146942, 68.8033447266, -38.5869445801, 68.5784072876, -30.0271759033, 49.1753578186], [-124.624565125, -237.078475952, 917.344970703, 471.661621094, -115.850601196, 48.3315429688, -185.819442749, -124.304153442, 78.6785202026, 136.509338379, -45.8103561401, 84.5925979614, 71.8572921753], [-39.6155014038, -170.493453979, 471.661621094, 498.928253174, 17.283164978, 4.03374242783, -113.412986755, -58.575969696, 28.42527771, 55.7043495178, 4.91217041016, 60.5240859985, 26.9209918976], [103.289230347, 177.974182129, -115.850601196, 17.283164978, 246.796447754, 25.050283432, 73.0708236694, 66.2712860107, -3.51153635979, -22.5630207062, 25.0634441376, -8.41472244263, -2.94640254974], [136.685913086, -29.5722198486, 48.3315429688, 4.03374242783, 25.050283432, 181.943069458, 111.673805237, 50.4984397888, 21.1789169312, 33.1701850891, -0.973197579384, 6.04468107224, 0.484949231148], [125.907302856, 108.687339783, -185.819442749, -113.412986755, 73.0708236694, 111.673805237, 256.774230957, 121.236778259, 10.8645887375, -5.49479532242, 42.0834960938, 7.01296710968, -16.4758281708], [223.745620728, -23.8795146942, -124.304153442, -58.575969696, 66.2712860107, 50.4984397888, 121.236778259, 177.120315552, 23.872592926, 0.484244287014, 23.3800754547, -2.81284022331, -9.06349658966], [-74.1179885864, 68.8033447266, 78.6785202026, 28.42527771, -3.51153635979, 21.1789169312, 10.8645887375, 23.872592926, 116.900733948, 53.8278656006, 11.2878427505, 17.0852851868, 34.3696746826], [-19.1193065643, -38.5869445801, 136.509338379, 55.7043495178, -22.5630207062, 33.1701850891, -5.49479532242, 0.484244287014, 53.8278656006, 96.3005905151, 25.1881999969, 25.4796886444, 17.0656871796], [-23.7847671509, 68.5784072876, -45.8103561401, 4.91217041016, 25.0634441376, -0.973197579384, 42.0834960938, 23.3800754547, 11.2878427505, 25.1881999969, 97.2760467529, 33.9044265747, -6.46375513077], [-41.1620597839, -30.0271759033, 84.5925979614, 60.5240859985, -8.41472244263, 6.04468107224, 7.01296710968, -2.81284022331, 17.0852851868, 25.4796886444, 33.9044265747, 90.2290115356, 26.8742752075], [-68.9981613159, 49.1753578186, 71.8572921753, 26.9209918976, -2.94640254974, 0.484949231148, -16.4758281708, -9.06349658966, 34.3696746826, 17.0656871796, -6.46375513077, 26.8742752075, 97.2373657227]],
        "icov": [[0.000930963549763, 0.000527439173311, -6.37357297819e-05, 0.000165511868545, -0.000519464898389, -0.000415616581449, 7.74328145781e-05, -0.000869078387041, 0.000403332145652, 0.00010470340203, -9.40512618399e-05, 0.000415224931203, 3.16313926305e-05], [0.000527439173311, 0.00295249326155, -0.000424150755862, 0.00121614418458, -0.00238147634082, 0.000642982544377, -0.00149999302812, 0.0021884823218, -0.00248748296872, 0.00209249113686, -0.00251471321099, 0.0019882847555, -0.00147237651981], [-6.37357297819e-05, -0.000424150755862, 0.00378896319307, -0.00290127564222, 0.00137229124084, -0.00134720245842, 0.00120958359912, 0.000381479447242, 4.17744413426e-05, -0.00323671242222, 0.00259868055582, -0.00160034233704, -0.000370330963051], [0.000165511868545, 0.00121614418458, -0.00290127564222, 0.0052926321514, -0.00260040047579, 0.000380051002139, 0.000370841269614, 0.00074088294059, -0.00100171018858, 0.0020737904124, -0.00249213352799, -0.000109015367343, 8.68835631991e-05], [-0.000519464898389, -0.00238147634082, 0.00137229124084, -0.00260040047579, 0.00734978262335, -0.000931736722123, 0.000499847286846, -0.00277519109659, 0.001887631719, -0.000631739734672, 0.00105110602453, -0.000605433306191, 0.000275842961855], [-0.000415616581449, 0.000642982544377, -0.00134720245842, 0.000380051002139, -0.000931736722123, 0.0102828629315, -0.00600921688601, 0.00113935070112, -0.000383853708627, -0.0027283555828, 0.00185182830319, 0.000982611556537, -0.00025521038333], [7.74328145781e-05, -0.00149999302812, 0.00120958359912, 0.000370841269614, 0.000499847286846, -0.00600921688601, 0.0107416138053, -0.00510822655633, 0.00103555829264, 0.000508886121679, -0.0011959070107, -0.00270452955738, 0.00141865247861], [-0.000869078387041, 0.0021884823218, 0.000381479447242, 0.00074088294059, -0.00277519109659, 0.00113935070112, -0.00510822655633, 0.0127022806555, -0.00510559463874, 0.00151502841618, -0.00215097423643, 0.00158751476556, -0.00102481374051], [0.000403332145652, -0.00248748296872, 4.17744413426e-05, -0.00100171018858, 0.001887631719, -0.000383853708627, 0.00103555829264, -0.00510559463874, 0.0161395873874, -0.00885216798633, 0.00285401358269, -0.00104533694685, -0.00212316983379], [0.00010470340203, 0.00209249113686, -0.00323671242222, 0.0020737904124, -0.000631739734672, -0.0027283555828, 0.000508886121679, 0.00151502841618, -0.00885216798633, 0.0224695205688, -0.00885333493352, 0.00139522843529, -0.000733025546651], [-9.40512618399e-05, -0.00251471321099, 0.00259868055582, -0.00249213352799, 0.00105110602453, 0.00185182830319, -0.0011959070107, -0.00215097423643, 0.00285401358269, -0.00885333493352, 0.0191330816597, -0.00794893875718, 0.00360786612146], [0.000415224931203, 0.0019882847555, -0.00160034233704, -0.000109015367343, -0.000605433306191, 0.000982611556537, -0.00270452955738, 0.00158751476556, -0.00104533694685, 0.00139522843529, -0.00794893875718, 0.0179864633828, -0.00520644383505], [3.16313926305e-05, -0.00147237651981, -0.000370330963051, 8.68835631991e-05, 0.000275842961855, -0.00025521038333, 0.00141865247861, -0.00102481374051, -0.00212316983379, -0.000733025546651, 0.00360786612146, -0.00520644383505, 0.0140131600201]]
    },
    "melbands": {
        "max": [0.0150004737079, 0.0150689184666, 0.00637672003359, 0.0160539783537, 0.00882957037538, 0.00633313460276, 0.0046602031216, 0.00188137160148, 0.00482719857246, 0.0106238052249, 0.00766882300377, 0.00532663147897, 0.00206188065931, 0.00178453221451, 0.00292007462122, 0.00241527194157, 0.0015588470269, 0.00104171526618, 0.00196969532408, 0.000554507190827, 0.000164217941347, 9.83055942925e-05, 0.000250077660894, 0.000898196012713, 0.000384932645829, 0.000379908044124, 0.000192170671653, 0.000173513777554, 0.000120644341223, 0.000139027848491, 0.000259162305156, 0.000312660151394, 0.000159538831213, 0.000131614811835, 7.11384927854e-05, 8.66691625561e-05, 0.00012926387717, 0.000107576379378, 6.25565226073e-05, 5.96156023676e-05],
        "mean": [0.000785679207183, 0.000731441949029, 0.000343350431649, 0.000671492656693, 0.000536784820724, 0.000423030753154, 0.000213985724258, 0.000120427423099, 0.000310873991111, 0.000563594629057, 0.00053544936236, 0.000376381998649, 0.000121339566249, 7.43068085285e-05, 0.000132768938784, 0.000100953788206, 8.9669447334e-05, 7.44307326386e-05, 4.19073694502e-05, 1.67992748175e-05, 8.74867237144e-06, 8.09113589639e-06, 1.13170744953e-05, 4.40881085524e-05, 2.49101049121e-05, 1.48707922563e-05, 1.06868237708e-05, 4.63572541776e-06, 3.03627712128e-06, 3.09359279527e-06, 3.64996776625e-06, 3.73347097593e-06, 3.19702689922e-06, 2.29732540902e-06, 1.71525152837e-06, 1.57242050136e-06, 1.50370055962e-06, 1.21162861433e-06, 8.89682894467e-07, 8.04020203304e-07],
        "min": [2.27367365824e-07, 2.40234180637e-06, 1.25058306821e-06, 3.60529270438e-07, 3.97608346248e-06, 2.20725951294e-06, 2.16529792851e-06, 4.09753454278e-07, 8.12763062186e-07, 6.59804697989e-07, 8.20217451292e-07, 1.89701623299e-07, 4.6571054213e-07, 4.00941871703e-07, 3.10008033466e-07, 3.411971079e-07, 2.71460550039e-07, 3.49167407876e-07, 2.83690894776e-07, 1.566433383e-07, 2.11001690786e-07, 2.57716749275e-07, 2.1162524888e-07, 1.79687702939e-07, 1.18625074208e-07, 6.81732501562e-08, 8.69716245688e-08, 9.38542967788e-08, 6.46126068204e-08, 4.26959871902e-08, 2.35260255721e-08, 1.69539244865e-08, 1.96127576402e-08, 1.3827699874e-08, 1.40956739614e-08, 1.06643707198e-08, 6.9567152039e-09, 4.84318007921e-09, 4.77607020599e-09, 2.24812968241e-09],
        "stdev": [0.0013836119324, 0.0011727939127, 0.000551616540179, 0.00135376455728, 0.000976570066996, 0.00071317498805, 0.00036932801595, 0.000198434499907, 0.000520511413924, 0.00106938672252, 0.00101685419213, 0.000688403553795, 0.00020742106426, 0.000158104245202, 0.000232312653679, 0.000205459989957, 0.000163862860063, 0.00012625704403, 0.000147056445712, 4.21829681727e-05, 1.32971263156e-05, 9.90770968201e-06, 1.59691117005e-05, 8.96339988685e-05, 4.57151218143e-05, 2.78663937934e-05, 1.91981907847e-05, 8.65021684149e-06, 6.58588351143e-06, 8.36780418467e-06, 1.29458303491e-05, 1.39862286233e-05, 9.6632838904e-06, 7.84353505878e-06, 5.9441299527e-06, 5.94209541305e-06, 6.96972256264e-06, 5.69135045225e-06, 3.40041310665e-06, 3.46105071003e-06]
    },
    "melbands128": {
        "max": [0.00119253282901, 0.010004828684, 0.025128191337, 0.0278058126569, 0.0169963762164, 0.00767968827859, 0.0105344783515, 0.00759754376486, 0.0139832161367, 0.030071830377, 0.0120417540893, 0.00924555025995, 0.0130093330517, 0.0170282293111, 0.00995577126741, 0.010138137266, 0.00642755115405, 0.00753746880218, 0.00218818616122, 0.00133954628836, 0.00429709535092, 0.00459974724799, 0.00736044347286, 0.0137998489663, 0.0185457579792, 0.0215803794563, 0.0198093131185, 0.013180423528, 0.0175630208105, 0.0125429090112, 0.00724162813276, 0.00584136787802, 0.00270264735445, 0.00421148585156, 0.00295665883459, 0.00324564077891, 0.00278848549351, 0.00312766013667, 0.00845631025732, 0.00508312974125, 0.0036936160177, 0.00475857639685, 0.00369733013213, 0.00179610704072, 0.00298040546477, 0.00223758025095, 0.00229893485084, 0.00375874899328, 0.00268505420536, 0.00172981829382, 0.000488075049361, 0.000523126393091, 0.000423450255767, 0.000125868536998, 0.000124810700072, 0.000204180163564, 0.000247168878559, 0.000155723755597, 0.000647473149002, 0.000613804499153, 0.00210020062514, 0.00160867103841, 0.000887700356543, 0.000997081166133, 0.000446233345428, 0.000842517532874, 0.000925754313357, 0.000486829871079, 0.000379595381673, 0.000282011518721, 0.000259392865701, 0.000112345820526, 0.000155159184942, 0.000214705272811, 9.31072136154e-05, 9.90206899587e-05, 0.000185389842954, 0.000258744170424, 0.000207185745239, 0.000462351861643, 0.000490099715535, 0.000337725912686, 0.00026769543183, 0.000142815988511, 0.000241942630964, 0.000157495611347, 0.000139514595503, 0.000111311215733, 7.40322575439e-05, 0.000115020033263, 0.000108550630102, 9.38176672207e-05, 0.000131250111735, 0.000235163330217, 0.000141024822369, 9.81685589068e-05, 0.000143641402246, 0.000121055978525, 7.40696268622e-05, 6.36568292975e-05, 5.29860953975e-05, 9.27041692194e-05, 4.83289295516e-05, 4.96839675179e-05, 4.72890642413e-05, 6.95999333402e-05, 4.63951291749e-05, 4.11849505326e-05, 2.81217853626e-05, 3.97399162466e-05, 2.26323682e-05, 1.27274606712e-05, 8.6408417701e-06, 6.63931814415e-06, 4.18530180468e-06, 3.94657672587e-06, 2.98525446851e-06, 1.45850071931e-06, 1.28464228055e-06, 8.75062880823e-07, 4.25484103062e-07, 3.51639926066e-07, 1.98790559125e-07, 9.53910017643e-09, 2.59686361304e-09, 2.49722198475e-09, 2.44153275375e-09, 2.41262476663e-09],
        "mean": [3.90384811908e-05, 0.000377544260118, 0.00122115178965, 0.00134797138162, 0.000731549283955, 0.000278109801002, 0.000187785117305, 0.000250445504207, 0.000701802317053, 0.000979030155577, 0.000397301075282, 0.000366921769455, 0.000566183298361, 0.000803731731139, 0.000390254659578, 0.000231068363064, 0.000290218857117, 0.000245647737756, 7.3442926805e-05, 8.62353481352e-05, 0.000174145025085, 0.000135899274028, 0.000205158823519, 0.000639580190182, 0.000653793569654, 0.000449346698588, 0.000609683920629, 0.000360907142749, 0.000751833664253, 0.000491571961902, 0.000214128303924, 0.000199937698198, 0.000106981948193, 7.23603880033e-05, 9.68659878708e-05, 6.66878404445e-05, 4.32065899076e-05, 0.000136245842441, 0.000214461353607, 9.83561185421e-05, 5.08503326273e-05, 0.000139869822306, 7.7639328083e-05, 6.69545042911e-05, 0.000114500224299, 7.16903596185e-05, 3.68884902855e-05, 5.09670608153e-05, 3.66556196241e-05, 2.7509069696e-05, 1.22855199152e-05, 9.60451598075e-06, 1.22657993415e-05, 6.73737486068e-06, 4.7285252549e-06, 9.22769413592e-06, 9.34444688028e-06, 9.96234575723e-06, 8.45511749503e-06, 1.93369269255e-05, 6.20381033514e-05, 4.99014568049e-05, 2.3575295927e-05, 1.84394939424e-05, 2.47841744567e-05, 1.35953187055e-05, 9.50220146478e-06, 1.37137976708e-05, 1.10083256004e-05, 6.62770162307e-06, 4.50152310805e-06, 3.90436935049e-06, 2.97701035379e-06, 3.00242822959e-06, 2.84686620944e-06, 2.78119682662e-06, 3.26171425513e-06, 3.85695966543e-06, 3.4921729366e-06, 3.8165467231e-06, 3.55921633854e-06, 3.88628495784e-06, 3.7597744722e-06, 3.11742769554e-06, 2.80453264168e-06, 2.40032568399e-06, 2.25092253459e-06, 1.78600203071e-06, 1.62243668456e-06, 1.71770909674e-06, 1.62784863278e-06, 1.43116926665e-06, 1.65340850344e-06, 1.53312544171e-06, 1.45174305999e-06, 1.28335409499e-06, 1.22162009575e-06, 1.00351292076e-06, 8.98968778529e-07, 8.16757108169e-07, 7.84314408975e-07, 8.83044720013e-07, 7.21276137483e-07, 5.86621922594e-07, 5.02156069615e-07, 4.07536646208e-07, 3.24754296344e-07, 2.67867363846e-07, 2.33216567835e-07, 2.1897876934e-07, 1.72688118028e-07, 1.40269847293e-07, 1.09417989336e-07, 8.70708234402e-08, 6.69286421839e-08, 4.89903904111e-08, 2.85514829557e-08, 2.0373335019e-08, 1.92742071192e-08, 1.24397647738e-08, 6.04817085303e-09, 4.55317428205e-09, 2.22324847421e-09, 5.96115518059e-11, 5.49284619525e-12, 5.36574647561e-12, 5.28854607676e-12, 5.25133278875e-12],
        "min": [5.76917680295e-10, 2.30717880356e-08, 2.98547071509e-08, 1.01302546796e-07, 5.61587739867e-07, 4.16466718889e-07, 2.19746794983e-07, 6.68400588211e-08, 1.95469397113e-07, 6.26274072602e-08, 7.40803756116e-08, 3.36787763899e-07, 7.10445817731e-07, 2.44699862151e-07, 4.47711840934e-07, 4.82751374875e-07, 2.20531956074e-06, 8.69776926038e-08, 4.8451976653e-08, 4.17220782367e-08, 9.54465235736e-08, 4.07803248947e-08, 3.32994403607e-07, 2.27461157465e-07, 1.7585266221e-07, 5.81589816306e-08, 1.22831863791e-07, 8.32511233284e-08, 4.03755848311e-07, 6.6091104145e-08, 7.27940943079e-08, 1.05047149646e-07, 1.58333122613e-07, 1.88708867199e-07, 4.60348275055e-08, 1.10578376677e-07, 1.22010789028e-07, 9.22843241824e-08, 1.4810017035e-07, 1.09536536286e-07, 8.41769320914e-08, 8.81767334704e-08, 6.94803858892e-08, 1.32111452444e-07, 8.15517111619e-08, 7.82951730116e-08, 4.31127489264e-08, 5.96892988369e-08, 4.1932789685e-08, 6.16120985342e-08, 3.75484461301e-08, 3.63416425841e-08, 3.82399960586e-08, 7.94767842649e-08, 2.62621249192e-08, 5.57297923365e-08, 5.59809549827e-08, 8.73113634725e-08, 5.34910533645e-08, 8.06823052812e-08, 9.65219015825e-08, 4.9291561055e-08, 5.6441020746e-08, 6.58809398146e-08, 4.13621741302e-08, 3.27055182936e-08, 2.7067160957e-08, 3.96425967608e-08, 3.68974966136e-08, 2.66119926096e-08, 1.7307177913e-08, 2.49500242688e-08, 2.86733730093e-08, 1.10096749495e-08, 3.07260954457e-08, 1.61323416847e-08, 1.02595771878e-08, 2.60575223621e-08, 1.75784915513e-08, 8.83741879676e-09, 2.12418704848e-08, 1.43585046075e-08, 1.59005395517e-08, 1.40144180705e-08, 1.22754704179e-08, 4.60639038025e-09, 9.34819155418e-09, 1.07105204705e-08, 7.34000416003e-09, 8.52017922881e-09, 8.45915071324e-09, 6.64459509636e-09, 7.25106019672e-09, 2.98183788772e-09, 2.66507771407e-09, 3.02577873867e-09, 1.82834236639e-09, 2.27381891094e-09, 2.5364983447e-09, 2.43017050927e-09, 2.38212383152e-09, 1.98614524827e-09, 1.71499758839e-09, 1.28997723614e-09, 1.62465552123e-09, 1.6914665224e-09, 8.74699590536e-10, 7.06612157675e-10, 3.75560194055e-10, 5.2302118192e-10, 5.3469451089e-10, 3.53649359797e-10, 4.8142173581e-10, 2.23322776938e-10, 2.63617960794e-10, 1.6801611491e-10, 1.36689045499e-11, 5.00183119749e-13, 4.24797119681e-14, 4.01562836531e-14, 5.28536395694e-14, 4.62067822969e-14, 3.84947506e-14, 3.66338598725e-14, 2.11927745047e-14, 1.20753584473e-14, 1.68590324975e-15, 5.51703462014e-17],
        "stdev": [0.000113691072329, 0.000872028467711, 0.00226356089115, 0.00227884924971, 0.0012760021491, 0.000637427903712, 0.0005320943892, 0.000505649775732, 0.00144369679037, 0.00240179756656, 0.00093036290491, 0.000869068026077, 0.0013402630575, 0.00194433203433, 0.000836971739773, 0.000541401619557, 0.000576857186388, 0.000505398958921, 0.000151544838445, 0.00015837441606, 0.000372991140466, 0.000376245763618, 0.000498612527736, 0.00135883316398, 0.00173470901791, 0.0013053441653, 0.00187091249973, 0.000973095535301, 0.00185825349763, 0.00126998592168, 0.00055159360636, 0.000479295093101, 0.00023105085711, 0.000210112280911, 0.000229034892982, 0.000234091246966, 0.000127224484459, 0.000257964245975, 0.000582738139201, 0.0002943360887, 0.00019258588145, 0.000475335808005, 0.000229802346439, 0.000153623608639, 0.000240999594098, 0.000178957969183, 0.000156359776156, 0.000252774450928, 0.000169555089087, 0.000110093111289, 3.79564262403e-05, 2.47538901021e-05, 2.56700532191e-05, 1.34804331537e-05, 1.02027215689e-05, 1.64518187376e-05, 1.54638782988e-05, 1.63840632013e-05, 2.27864347835e-05, 5.02072871313e-05, 0.000160194846103, 0.000143979574204, 7.67568926676e-05, 5.10828722327e-05, 5.01485264977e-05, 3.73183247575e-05, 3.31612063746e-05, 3.31012779498e-05, 2.41694742726e-05, 1.55612851813e-05, 1.02688090919e-05, 7.88682700659e-06, 7.02533634467e-06, 8.04086903372e-06, 7.00791406416e-06, 7.53562790123e-06, 1.03998045233e-05, 1.29238569571e-05, 1.2930993762e-05, 1.75223613041e-05, 1.6938736735e-05, 1.4995546735e-05, 1.12210618681e-05, 1.03026786746e-05, 9.67389587458e-06, 8.63371678861e-06, 8.29552936921e-06, 6.47406295684e-06, 5.62242121305e-06, 6.98824078427e-06, 6.21614026386e-06, 5.57708699489e-06, 7.50182061893e-06, 8.23839491204e-06, 7.20003345123e-06, 6.24722679277e-06, 6.34701746094e-06, 4.66451137981e-06, 3.3615178836e-06, 3.1776967262e-06, 3.25549876834e-06, 4.32269189332e-06, 3.11559415422e-06, 2.55384543379e-06, 2.40649933403e-06, 2.37142967308e-06, 1.85612407222e-06, 1.46233639953e-06, 1.30271826038e-06, 1.55101781729e-06, 1.01052773971e-06, 6.11697089425e-07, 4.04985939895e-07, 3.15398750672e-07, 2.28222504006e-07, 1.60445978281e-07, 1.03116946093e-07, 7.2874833279e-08, 6.35261230286e-08, 4.6001307652e-08, 2.47173161938e-08, 2.3614106226e-08, 1.18226148871e-08, 4.17077844483e-10, 6.14302220203e-11, 5.93888688227e-11, 5.82399406479e-11, 5.76434282251e-11]
    },
    "mfcc": {
        "mean": [-638.555114746, 122.035629272, -6.03845930099, 14.2169847488, -7.12006044388, 2.64060473442, 2.91244339943, 3.58307242393, -7.2505736351, 0.558258235455, 5.81483364105, -6.82249212265, -6.97152757645],
        "cov": [[1739.63793945, -322.402618408, -284.473968506, -148.736206055, -24.8869571686, -94.0509872437, 222.801940918, 150.155181885, 13.1024742126, 168.858444214, 95.9056777954, -166.549850464, -29.4518032074], [-322.402618408, 857.187866211, -400.831420898, -123.027748108, -22.2619285583, -22.4992313385, 58.6004333496, 52.6960067749, 5.405397892, 47.8745384216, 45.8259544373, -21.9520320892, -38.3234786987], [-284.473968506, -400.831420898, 929.444763184, 272.254058838, 121.446533203, 190.846084595, -188.174194336, -158.623962402, 82.0135040283, -105.47088623, -134.414123535, 214.339584351, 118.559814453], [-148.736206055, -123.027748108, 272.254058838, 355.432342529, 159.191482544, 59.8085441589, -51.5297851562, -35.3051452637, -13.8376064301, -50.2688293457, -59.5322418213, 71.7914352417, 86.9749069214], [-24.8869571686, -22.2619285583, 121.446533203, 159.191482544, 202.546279907, 37.0097923279, -34.3572883606, -28.9021263123, 11.8658390045, -8.4626493454, -53.9114494324, 24.7003536224, 53.6286964417], [-94.0509872437, -22.4992313385, 190.846084595, 59.8085441589, 37.0097923279, 174.163040161, 2.53564929962, -10.3007011414, 36.7148628235, -18.321723938, -19.6277256012, 69.4423751831, 25.3787956238], [222.801940918, 58.6004333496, -188.174194336, -51.5297851562, -34.3572883606, 2.53564929962, 210.008361816, 116.815795898, 2.86956763268, 56.3847160339, 87.0027542114, -48.9874954224, -28.9286766052], [150.155181885, 52.6960067749, -158.623962402, -35.3051452637, -28.9021263123, -10.3007011414, 116.815795898, 156.395278931, 19.3210735321, 46.8663024902, 75.0351486206, -33.6051025391, -19.0666313171], [13.1024742126, 5.405397892, 82.0135040283, -13.8376064301, 11.8658390045, 36.7148628235, 2.86956763268, 19.3210735321, 130.560272217, 41.1317214966, -13.7485666275, 9.25246906281, 11.3425359726], [168.858444214, 47.8745384216, -105.47088623, -50.2688293457, -8.4626493454, -18.321723938, 56.3847160339, 46.8663024902, 41.1317214966, 123.633789062, 57.9251899719, -34.646938324, -24.7810306549], [95.9056777954, 45.8259544373, -134.414123535, -59.5322418213, -53.9114494324, -19.6277256012, 87.0027542114, 75.0351486206, -13.7485666275, 57.9251899719, 157.578582764, -6.90221452713, -40.6637763977], [-166.549850464, -21.9520320892, 214.339584351, 71.7914352417, 24.7003536224, 69.4423751831, -48.9874954224, -33.6051025391, 9.25246906281, -34.646938324, -6.90221452713, 145.949813843, 52.635055542], [-29.4518032074, -38.3234786987, 118.559814453, 86.9749069214, 53.6286964417, 25.3787956238, -28.9286766052, -19.0666313171, 11.3425359726, -24.7810306549, -40.6637763977, 52.635055542, 106.315887451]],
        "icov": [[0.000968516338617, 0.000555719307158, 6.44748506602e-05, 0.000479761132738, -0.000350050424458, 0.00016215130745, -0.000681073754095, -0.000256594270468, 0.000279881467577, -0.00102014874574, 0.000166025871295, 0.000494579202496, -0.000538235006388], [0.000555719307158, 0.00202300469391, 0.00132571836002, 0.000360746460501, -0.000519283523317, -0.000395007198676, -0.000241342131631, 0.000132846005727, -0.000504682539031, -0.000566226313822, 0.000295462814393, -0.00103943794966, -2.64735444944e-05], [6.44748506602e-05, 0.00132571836002, 0.00386770069599, -0.00134906033054, 0.000181238719961, -0.00170480436645, 0.000791378726717, 0.00169846578501, -0.00241925753653, 0.000701996090356, 0.000420584663516, -0.00304233329371, 0.000210523954593], [0.000479761132738, 0.000360746460501, -0.00134906033054, 0.00624374346808, -0.00387699133717, 0.000139670402859, -0.000404245831305, -0.00144516886212, 0.0021653699223, -2.91560972983e-05, 7.64304786571e-05, 0.00025830056984, -0.00212382432073], [-0.000350050424458, -0.000519283523317, 0.000181238719961, -0.00387699133717, 0.008753974922, -0.000917969853617, 0.000503913208377, 0.000771071820054, -0.000478003086755, -0.00138624152169, 0.00145209953189, 0.000704450358171, -0.00130127952434], [0.00016215130745, -0.000395007198676, -0.00170480436645, 0.000139670402859, -0.000917969853617, 0.00920203048736, -0.0027332471218, -0.000116863746371, -0.00136637024116, 0.000654339673929, 0.00083291856572, -0.0027464653831, 0.00116774649359], [-0.000681073754095, -0.000241342131631, 0.000791378726717, -0.000404245831305, 0.000503913208377, -0.0027332471218, 0.0104629974812, -0.00491686072201, 0.000532413134351, -0.000375102099497, -0.00243832590058, 0.00172179739457, -0.000393282156438], [-0.000256594270468, 0.000132846005727, 0.00169846578501, -0.00144516886212, 0.000771071820054, -0.000116863746371, -0.00491686072201, 0.0134101379663, -0.00367869087495, 0.000917415192816, -0.0032110856846, -0.000194736232515, -0.000554432510398], [0.000279881467577, -0.000504682539031, -0.00241925753653, 0.0021653699223, -0.000478003086755, -0.00136637024116, 0.000532413134351, -0.00367869087495, 0.0125378444791, -0.00586923304945, 0.00280744745396, 0.00123162008822, -0.00136717665009], [-0.00102014874574, -0.000566226313822, 0.000701996090356, -2.91560972983e-05, -0.00138624152169, 0.000654339673929, -0.000375102099497, 0.000917415192816, -0.00586923304945, 0.0148661080748, -0.00490586692467, 0.00102736323606, 0.00106608890928], [0.000166025871295, 0.000295462814393, 0.000420584663516, 7.64304786571e-05, 0.00145209953189, 0.00083291856572, -0.00243832590058, -0.0032110856846, 0.00280744745396, -0.00490586692467, 0.0126659544185, -0.00447004940361, 0.00306480028667], [0.000494579202496, -0.00103943794966, -0.00304233329371, 0.00025830056984, 0.000704450358171, -0.0027464653831, 0.00172179739457, -0.000194736232515, 0.00123162008822, 0.00102736323606, -0.00447004940361, 0.0152497151867, -0.00547392759472], [-0.000538235006388, -2.64735444944e-05, 0.000210523954593, -0.00212382432073, -0.00130127952434, 0.00116774649359, -0.000393282156438, -0.000554432510398, -0.00136717665009, 0.00106608890928, 0.00306480028667, -0.00547392759472, 0.0151978014037]]
    },
    "spectral_contrast_coeffs": {
        "max": [-0.387087285519, -0.458377420902, -0.443147212267, -0.540560483932, -0.566177964211, -0.652104020119],
        "mean": [-0.702545583248, -0.719900429249, -0.708667576313, -0.744033277035, -0.765386879444, -0.766112983227],
        "min": [-0.908041119576, -0.892566502094, -0.905606508255, -0.893695116043, -0.878905117512, -0.85565084219],
        "stdev": [0.0853234007955, 0.0736789777875, 0.0894481390715, 0.0685413479805, 0.0643238574266, 0.0280485600233]
    },
    "spectral_contrast_valleys": {
        "max": [-5.13396501541, -5.26287603378, -5.55455446243, -6.39119100571, -6.17351961136, -7.29934167862],
        "mean": [-6.87109327316, -6.75899505615, -7.42505025864, -7.81607913971, -7.71566104889, -10.1913661957],
        "min": [-9.18182277679, -8.76622867584, -9.12295913696, -9.3947019577, -9.13397216797, -11.9423599243],
        "stdev": [0.602220237255, 0.519937694073, 0.621499538422, 0.502057671547, 0.501287996769, 0.759097933769]
    }
},
"rhythm": {
    "beats_count": 93,
    "beats_loudness": {
        "max": 0.065959982574,
        "mean": 0.030879182741,
        "min": 0.00260735140182,
        "stdev": 0.0127222705632
    },
    "bpm": 115.671295166,
    "bpm_histogram_first_peak_bpm": 115,
    "bpm_histogram_first_peak_weight": 0.426966249943,
    "bpm_histogram_second_peak_bpm": 120,
    "bpm_histogram_second_peak_spread": 0.333333313465,
    "bpm_histogram_second_peak_weight": 0.0217391308397,
    "danceability": 1.00836157799,
    "onset_rate": 3.568359375,
    "beats_loudness_band_ratio": {
        "max": [0.903611719608, 0.870586931705, 0.76269119978, 0.666204035282, 0.329939246178, 0.696109712124],
        "mean": [0.336412459612, 0.188321232796, 0.206811413169, 0.200498491526, 0.0712688192725, 0.0536608397961],
        "min": [0.00748803513125, 0.00739680789411, 0.0148864565417, 0.00513692758977, 0.00364019931294, 0.00244658812881],
        "stdev": [0.240063980222, 0.182623252273, 0.170271068811, 0.181189402938, 0.0781898647547, 0.093670964241]
    },
