{
"metadata": {
    "version": {
        "essentia": "2.1-beta5",
        "essentia_git_sha": "Undefined",
        "extractor": "music 2.0"
    },
    "audio_properties": {
        "analysis": {
            "equal_loudness": 0,
            "length": 24.6595916748,
            "sample_rate": 44100,
            "start_time": 175.240997314,
            "downmix": "mix"
        },
        "bit_rate": 192000,
        "length": 199.923812866,
        "lossless": 0,
        "number_channels": 2,
        "replay_gain": -11.5481376648,
        "sample_rate": 48000,
        "codec": "mp3",
        "md5_encoded": "f74131104cae91c9a3c8d74f8db90da4"
    },
    "tags": {
        "file_name": "Spain_La Noche Es Para Mí (The Night Is For Me)_Soraya.mp3",
        "encoding": ["Lavf58.29.100"]
    }
},
"lowlevel": {
    "average_loudness": 0.791063964367,
    "barkbands_crest": {
        "max": 23.1255874634,
        "mean": 10.2770805359,
        "min": 2.51326179504,
        "stdev": 4.00804662704
    },
    "barkbands_flatness_db": {
        "max": 0.274081349373,
        "mean": 0.136620819569,
        "min": 0.0232016984373,
        "stdev": 0.0536400526762
    },
    "barkbands_kurtosis": {
        "max": 20.2054004669,
        "mean": 2.26763772964,
        "min": -1.868927598,
        "stdev": 3.3703660965
    },
    "barkbands_skewness": {
        "max": 4.17657375336,
        "mean": 1.19972848892,
        "min": -1.81151401997,
        "stdev": 0.934156119823
    },
    "barkbands_spread": {
        "max": 80.564781189,
        "mean": 19.7291412354,
        "min": 2.95942735672,
        "stdev": 14.5813093185
    },
    "dissonance": {
        "max": 0.499999970198,
        "mean": 0.480563491583,
        "min": 0.391053318977,
        "stdev": 0.0179787799716
    },
    "dynamic_complexity": 3.89775252342,
    "erbbands_crest": {
        "max": 26.271238327,
        "mean": 10.2815761566,
        "min": 2.57154130936,
        "stdev": 3.84560704231
    },
    "erbbands_flatness_db": {
        "max": 0.359529405832,
        "mean": 0.208802208304,
        "min": 0.0788955613971,
        "stdev": 0.0598757565022
    },
    "erbbands_kurtosis": {
        "max": 10.3825788498,
        "mean": 1.30493712425,
        "min": -1.54404556751,
        "stdev": 1.98285067081
    },
    "erbbands_skewness": {
        "max": 3.10171413422,
        "mean": 0.756728291512,
        "min": -1.63998305798,
        "stdev": 0.881767630577
    },
    "erbbands_spread": {
        "max": 96.2357711792,
        "mean": 22.5471515656,
        "min": 4.54622077942,
        "stdev": 11.1512584686
    },
    "hfc": {
        "max": 172.135543823,
        "mean": 20.9912490845,
        "min": 0.000684163009282,
        "stdev": 21.7445240021
    },
    "loudness_ebu128": {
        "integrated": -13.196428299,
        "loudness_range": 9.90017223358,
        "momentary": {
            "max": -8.8498468399,
            "mean": -15.0204515457,
            "min": -33.2492904663,
            "stdev": 4.47655296326
        },
        "short_term": {
            "max": -9.95537471771,
            "mean": -14.4093427658,
            "min": -21.5860691071,
            "stdev": 3.6023440361
        }
    },
    "melbands_crest": {
        "max": 30.8696422577,
        "mean": 13.6362476349,
        "min": 3.27664399147,
        "stdev": 5.08188390732
    },
    "melbands_flatness_db": {
        "max": 0.28143966198,
        "mean": 0.157238379121,
        "min": 0.0354301594198,
        "stdev": 0.0442700572312
    },
    "melbands_kurtosis": {
        "max": 40.9599723816,
        "mean": 6.27590465546,
        "min": -1.50883924961,
        "stdev": 6.10908746719
    },
    "melbands_skewness": {
        "max": 5.73930501938,
        "mean": 1.86522746086,
        "min": -0.206776097417,
        "stdev": 0.969884514809
    },
    "melbands_spread": {
        "max": 175.276504517,
        "mean": 26.4738235474,
        "min": 3.83561420441,
        "stdev": 20.3147678375
    },
    "pitch_salience": {
        "max": 0.86064350605,
        "mean": 0.615953326225,
        "min": 0.226854398847,
        "stdev": 0.117572978139
    },
    "silence_rate_20dB": {
        "max": 1,
        "mean": 1,
        "min": 1,
        "stdev": 0
    },
    "silence_rate_30dB": {
        "max": 1,
        "mean": 1,
        "min": 1,
        "stdev": 0
    },
    "silence_rate_60dB": {
        "max": 1,
        "mean": 0.199435561895,
        "min": 0,
        "stdev": 0.399574935436
    },
    "spectral_centroid": {
        "max": 3850.89868164,
        "mean": 1752.6394043,
        "min": 890.635314941,
        "stdev": 468.984344482
    },
    "spectral_complexity": {
        "max": 52,
        "mean": 17.8024463654,
        "min": 0,
        "stdev": 10.3434247971
    },
    "spectral_decrease": {
        "max": -1.54056712591e-13,
        "mean": -3.71121244847e-09,
        "min": -1.66828115766e-08,
        "stdev": 3.47222206543e-09
    },
    "spectral_energy": {
        "max": 0.0695463493466,
        "mean": 0.0159109588712,
        "min": 6.43502119146e-07,
        "stdev": 0.0146884769201
    },
    "spectral_energyband_high": {
        "max": 0.0167769230902,
        "mean": 0.000763239222579,
        "min": 9.86986137264e-09,
        "stdev": 0.00144374743104
    },
    "spectral_energyband_low": {
        "max": 0.0468919314444,
        "mean": 0.00294120144099,
        "min": 6.18727646895e-09,
        "stdev": 0.00659366836771
    },
    "spectral_energyband_middle_high": {
        "max": 0.0632899552584,
        "mean": 0.0074494080618,
        "min": 2.73545538221e-07,
        "stdev": 0.00806593801826
    },
    "spectral_energyband_middle_low": {
        "max": 0.0457041524351,
        "mean": 0.00527653936297,
        "min": 3.9478987901e-07,
        "stdev": 0.00567134330049
    },
    "spectral_entropy": {
        "max": 8.84454059601,
        "mean": 7.7500910759,
        "min": 6.97037792206,
        "stdev": 0.275133401155
    },
    "spectral_flux": {
        "max": 0.265253812075,
        "mean": 0.072988294065,
        "min": 0.00175385538023,
        "stdev": 0.0435097068548
    },
    "spectral_kurtosis": {
        "max": 14.1486625671,
        "mean": 5.01819610596,
        "min": -1.07733523846,
        "stdev": 1.93330478668
    },
    "spectral_rms": {
        "max": 0.00823711697012,
        "mean": 0.00350458500907,
        "min": 2.50560769928e-05,
        "stdev": 0.00180021161214
    },
    "spectral_rolloff": {
        "max": 13587.4511719,
        "mean": 2091.88134766,
        "min": 107.666015625,
        "stdev": 1321.7232666
    },
    "spectral_skewness": {
        "max": 2.89450740814,
        "mean": 1.68075323105,
        "min": 0.471771359444,
        "stdev": 0.320292651653
    },
    "spectral_spread": {
        "max": 15353148,
        "mean": 4178790.25,
        "min": 2559809.25,
        "stdev": 1224832.5
    },
    "spectral_strongpeak": {
        "max": 8.92367935181,
        "mean": 1.20174503326,
        "min": 0,
        "stdev": 1.40865516663
    },
    "zerocrossingrate": {
        "max": 0.3291015625,
        "mean": 0.0779118686914,
        "min": 0.02197265625,
        "stdev": 0.0315126180649
    },
    "barkbands": {
        "max": [0.00387300993316, 0.0459489673376, 0.0119400396943, 0.00631360663101, 0.0189562030137, 0.0124535355717, 0.0253643076867, 0.0427431613207, 0.0273783821613, 0.0319244377315, 0.0424723811448, 0.0150646585971, 0.0180823449045, 0.0260732304305, 0.0211750678718, 0.0157665163279, 0.0156313851476, 0.00784231070429, 0.00601960392669, 0.0037081616465, 0.00440872600302, 0.00483250571415, 0.00258142407984, 0.00356039986946, 0.00658851675689, 0.00390818342566, 0.000571003882214],
        "mean": [0.00016622604744, 0.00237534963526, 0.000333374162437, 0.000153806817252, 0.000367815286154, 0.000523611146491, 0.000531244848389, 0.000413303583628, 0.00238703098148, 0.00178587506525, 0.00116877083201, 0.000452064414276, 0.000624841311947, 0.000738320290111, 0.000449978135293, 0.000988608459011, 0.000718134455383, 0.000535754836164, 0.000266213173745, 0.000289387942757, 0.00017665445921, 0.000125730817672, 9.01614694158e-05, 9.72385751083e-05, 9.5863113529e-05, 4.9174293963e-05, 6.41083488517e-06],
        "min": [9.88349159459e-13, 1.51016713024e-10, 1.29688870754e-09, 6.57212684274e-09, 7.62542740063e-09, 8.86946516232e-09, 3.41995587405e-09, 5.15357889697e-08, 2.0121544253e-07, 1.69123921978e-07, 6.42538537932e-08, 1.01516173245e-08, 2.7437147665e-08, 9.80917569393e-09, 3.90806960127e-08, 7.11121872499e-09, 6.89469947801e-09, 6.34188390691e-09, 8.78697381523e-09, 3.14131431978e-09, 1.08275088895e-09, 1.93387994507e-09, 2.07051820134e-09, 8.92703688748e-10, 1.47607037704e-09, 1.05567454778e-09, 4.13457851289e-10],
        "stdev": [0.000456677982584, 0.0059452271089, 0.00115641928278, 0.000484032818349, 0.00101256731432, 0.00119907828048, 0.00166872644331, 0.00166403129697, 0.00327842892148, 0.00319227925502, 0.00321848061867, 0.00107851601206, 0.00128312653396, 0.00168696441688, 0.00138780323323, 0.00202185753733, 0.00181613396853, 0.000942927435972, 0.0004465864331, 0.000430525076808, 0.000299037405057, 0.000257524225162, 0.000201938353712, 0.000265794806182, 0.000351561204297, 0.000226946242037, 3.33162752213e-05]
    },
    "erbbands": {
        "max": [1.65491008759, 11.1982450485, 15.0127210617, 19.0423412323, 29.0543937683, 92.5428161621, 68.8302612305, 133.86541748, 352.589935303, 362.843933105, 1032.6953125, 761.032226562, 1274.1854248, 468.644317627, 2148.77929688, 560.098815918, 510.920898438, 1168.96069336, 1044.45068359, 980.327636719, 1065.9486084, 848.002807617, 348.991149902, 423.226928711, 256.983184814, 175.870071411, 263.495147705, 192.179794312, 184.102706909, 79.05052948, 73.4790496826, 89.3395843506, 68.2824707031, 79.7499542236, 38.5624389648, 19.187789917, 9.02079296112, 1.22770214081, 0.107015691698, 0.00441189948469],
        "mean": [0.085885874927, 0.452686458826, 0.509228467941, 0.445899367332, 0.716941833496, 1.23188233376, 2.55666923523, 5.06384897232, 7.48781299591, 7.02503252029, 13.3110551834, 49.1101303101, 76.1664199829, 41.7595596313, 43.1309013367, 18.1536464691, 25.9885730743, 40.0990447998, 29.8868370056, 25.5133037567, 66.6444396973, 35.9417495728, 27.5099563599, 18.9667778015, 14.7087955475, 13.9935464859, 9.23702907562, 5.31441926956, 4.61361551285, 3.2581038475, 2.45040154457, 2.05591249466, 1.624786973, 1.19388782978, 0.593569517136, 0.258481651545, 0.0861210972071, 0.0125892525539, 0.00130015611649, 6.48253626423e-05],
        "min": [4.7674517667e-09, 5.45918616979e-08, 1.1135226714e-06, 1.35341306304e-05, 1.56324549607e-05, 2.36969699472e-05, 7.5720512541e-05, 6.23913001618e-05, 5.73727302253e-05, 0.000144404766615, 0.00194412493147, 0.0030247613322, 0.0088796755299, 0.00287361862138, 0.00131342711393, 0.000712540640961, 0.00115850591101, 0.000455398694612, 0.00145300559234, 0.00135353021324, 0.000419907155447, 0.000426120706834, 0.000315399054671, 0.000479281879961, 0.000315446464811, 0.000160329218488, 3.8162808778e-05, 4.9452726671e-05, 7.4910800322e-05, 7.41740950616e-05, 4.65869597974e-05, 2.26946976909e-05, 1.49655279529e-05, 1.5541430912e-05, 1.08187869046e-05, 4.04764796258e-06, 2.30420118896e-06, 3.59452997145e-07, 7.03259672719e-08, 6.02496941227e-09],
        "stdev": [0.218446061015, 1.2463080883, 1.46185421944, 1.46013081074, 2.12256765366, 3.88412952423, 6.03835916519, 12.1222085953, 21.7436275482, 22.6615829468, 39.5607223511, 64.8367385864, 136.762252808, 56.0805664062, 126.030860901, 38.0958709717, 43.8582038879, 91.9314117432, 72.8446960449, 54.8063659668, 134.921981812, 73.9540863037, 44.3199234009, 29.594247818, 22.6110572815, 22.0165023804, 15.509721756, 10.2656822205, 9.61561965942, 6.61648511887, 5.59660816193, 5.30798387527, 4.82982826233, 4.18420171738, 2.28244066238, 1.13734006882, 0.439218431711, 0.0616975538433, 0.00650223251432, 0.00024536633282]
    },
    "gfcc": {
        "mean": [-38.2120857239, 29.369354248, -175.118148804, -11.2997541428, -73.4291610718, 10.3314609528, -33.4421691895, 15.8789777756, -28.1186180115, -4.37239360809, -25.549325943, -2.13958668709, -10.4492368698],
        "cov": [[7576.41064453, 1065.76806641, 2496.32397461, 2449.09545898, 1366.15917969, 469.118408203, 36.5594291687, 471.159759521, 528.02532959, 779.957946777, 771.586242676, 635.812561035, 492.8565979], [1065.76806641, 738.506103516, 557.258789062, 774.768249512, 411.669555664, 168.379699707, 87.8527069092, 108.77822876, 169.246154785, 137.545608521, 186.025039673, 149.583618164, 125.359107971], [2496.32397461, 557.258789062, 1420.89782715, 1169.34460449, 623.046936035, 251.817474365, -1.61136806011, 158.666687012, 223.978546143, 344.974273682, 300.686676025, 284.557037354, 171.084701538], [2449.09545898, 774.768249512, 1169.34460449, 1373.58422852, 681.910217285, 286.111541748, 75.8438034058, 198.912994385, 269.441680908, 311.088012695, 306.756256104, 288.363342285, 208.206558228], [1366.15917969, 411.669555664, 623.046936035, 681.910217285, 478.9168396, 173.358947754, 64.1750259399, 143.716842651, 165.562637329, 178.166030884, 180.934036255, 151.902069092, 122.959747314], [469.118408203, 168.379699707, 251.817474365, 286.111541748, 173.358947754, 159.701019287, 75.1760406494, 60.0717124939, 63.6202850342, 61.4996604919, 67.9701843262, 53.2398109436, 40.5648727417], [36.5594291687, 87.8527069092, -1.61136806011, 75.8438034058, 64.1750259399, 75.1760406494, 120.263252258, 55.5050010681, 38.1709861755, -8.87815189362, 7.89841985703, 5.87108802795, 12.806643486], [471.159759521, 108.77822876, 158.666687012, 198.912994385, 143.716842651, 60.0717124939, 55.5050010681, 131.980117798, 84.6190109253, 41.8839683533, 45.0216445923, 46.831703186, 59.6052322388], [528.02532959, 169.246154785, 223.978546143, 269.441680908, 165.562637329, 63.6202850342, 38.1709861755, 84.6190109253, 123.546966553, 86.6885986328, 77.1823043823, 61.3204650879, 53.1049957275], [779.957946777, 137.545608521, 344.974273682, 311.088012695, 178.166030884, 61.4996604919, -8.87815189362, 41.8839683533, 86.6885986328, 183.603485107, 138.546508789, 93.1807022095, 45.9579048157], [771.586242676, 186.025039673, 300.686676025, 306.756256104, 180.934036255, 67.9701843262, 7.89841985703, 45.0216445923, 77.1823043823, 138.546508789, 175.529205322, 104.300254822, 59.9103393555], [635.812561035, 149.583618164, 284.557037354, 288.363342285, 151.902069092, 53.2398109436, 5.87108802795, 46.831703186, 61.3204650879, 93.1807022095, 104.300254822, 119.379570007, 70.7850036621], [492.8565979, 125.359107971, 171.084701538, 208.206558228, 122.959747314, 40.5648727417, 12.806643486, 59.6052322388, 53.1049957275, 45.9579048157, 59.9103393555, 70.7850036621, 102.182937622]],
        "icov": [[0.000522853282746, 0.000488037447212, -0.000300350831822, -0.000613656651694, -0.000248133816058, 0.000400715274736, -3.92397214455e-06, -0.000528065662365, 0.000320338440361, -0.000201551622013, -0.00097836763598, 0.000413872679928, -0.000708219537046], [0.000488037447212, 0.00493999617174, 0.000275779777439, -0.00327839981765, -0.00141698226798, 0.00130131561309, -0.00160235632211, 0.00184489099775, -0.00165957317222, 0.00250065233558, -0.00334682618268, 0.00166884518694, -0.00133893673774], [-0.000300350831822, 0.000275779777439, 0.0035996909719, -0.00172587088309, -0.00104567059316, -0.00170969532337, 0.00228838738985, -9.41830076044e-05, 0.000481981900521, -0.00153921893798, 0.00139190268237, -0.00231000897475, 0.00153106229845], [-0.000613656651694, -0.00327839981765, -0.00172587088309, 0.00672542350367, -0.00140100414865, -0.00222000083886, 0.000625419954304, 0.000482258183183, -0.00153813592624, -0.0007318793796, 0.00266897096299, -0.00331098283641, 0.000232609367231], [-0.000248133816058, -0.00141698226798, -0.00104567059316, -0.00140100414865, 0.0102467946708, -0.00228437571786, -0.000217497072299, -0.00306205498055, -0.00114019413013, -0.00100465246942, -0.00102700374555, 0.00116059242282, -0.00122680095956], [0.000400715274736, 0.00130131561309, -0.00170969532337, -0.00222000083886, -0.00228437571786, 0.0167173221707, -0.00982046872377, 0.00100381299853, 0.00170152727515, -5.00607384311e-05, -0.00251724943519, 0.00313848722726, -0.00094563717721], [-3.92397214455e-06, -0.00160235632211, 0.00228838738985, 0.000625419954304, -0.000217497072299, -0.00982046872377, 0.0186328161508, -0.00579082127661, -0.00213940511458, 0.00245518260635, 0.000544640119188, -0.00215164804831, 0.00326063320972], [-0.000528065662365, 0.00184489099775, -9.41830076044e-05, 0.000482258183183, -0.00306205498055, 0.00100381299853, -0.00579082127661, 0.0201974306256, -0.0105042075738, 0.00308952340856, 0.00131600163877, 0.000300626765238, -0.00522117502987], [0.000320338440361, -0.00165957317222, 0.000481981900521, -0.00153813592624, -0.00114019413013, 0.00170152727515, -0.00213940511458, -0.0105042075738, 0.0251432396472, -0.0083536002785, 0.000376057956601, 0.0015433820663, -0.000689583772328], [-0.000201551622013, 0.00250065233558, -0.00153921893798, -0.0007318793796, -0.00100465246942, -5.00607384311e-05, 0.00245518260635, 0.00308952340856, -0.0083536002785, 0.0209558587521, -0.0111204516143, -0.000855735968798, 0.0031206519343], [-0.00097836763598, -0.00334682618268, 0.00139190268237, 0.00266897096299, -0.00102700374555, -0.00251724943519, 0.000544640119188, 0.00131600163877, 0.000376057956601, -0.0111204516143, 0.0225513037294, -0.0104466862977, 0.0012762468541], [0.000413872679928, 0.00166884518694, -0.00231000897475, -0.00331098283641, 0.00116059242282, 0.00313848722726, -0.00215164804831, 0.000300626765238, 0.0015433820663, -0.000855735968798, -0.0104466862977, 0.0304277520627, -0.0113481646404], [-0.000708219537046, -0.00133893673774, 0.00153106229845, 0.000232609367231, -0.00122680095956, -0.00094563717721, 0.00326063320972, -0.00522117502987, -0.000689583772328, 0.0031206519343, 0.0012762468541, -0.0113481646404, 0.022363871336]]
    },
    "melbands": {
        "max": [0.0134311253205, 0.00830909889191, 0.00283127906732, 0.00399625580758, 0.00261242548004, 0.00284737232141, 0.00493911700323, 0.00354173197411, 0.00731469970196, 0.00475169532001, 0.00644182786345, 0.00189876731019, 0.0062767136842, 0.00257240887731, 0.000684180064127, 0.0022365457844, 0.00269623100758, 0.00136784592178, 0.00130360387266, 0.000859625230078, 0.00141722953413, 0.00122945988551, 0.000415538728703, 0.000601715641096, 0.000415464193793, 0.000357838755008, 0.000179835798917, 0.000140177638968, 0.000219844441744, 6.85715422151e-05, 0.000132260174723, 0.0001337906142, 4.37163434981e-05, 4.29611682193e-05, 4.02193145419e-05, 4.90326456202e-05, 5.85814814258e-05, 5.40180444659e-05, 5.84243898629e-05, 6.66533742333e-05],
        "mean": [0.000710101914592, 0.0003701185924, 8.47434130264e-05, 6.88610380166e-05, 8.55156322359e-05, 0.000110902437882, 0.000115103786811, 7.73806605139e-05, 0.000122551413369, 0.000349239679053, 0.00037827756023, 0.00016246404266, 0.000162561729667, 6.47489869152e-05, 3.79846133001e-05, 7.0752663305e-05, 7.31947293389e-05, 4.9930451496e-05, 3.08254457195e-05, 4.10944994655e-05, 9.02637548279e-05, 4.23510427936e-05, 1.83092579391e-05, 3.1147748814e-05, 1.30711268866e-05, 1.04884557004e-05, 1.11477565952e-05, 8.43704492581e-06, 6.67895665174e-06, 3.19188598041e-06, 3.09325446324e-06, 2.65000403488e-06, 2.28213343689e-06, 1.6754737544e-06, 1.37261656619e-06, 1.35018910896e-06, 1.2275137351e-06, 1.18053162623e-06, 1.02884973785e-06, 9.98219320536e-07],
        "min": [4.27309541917e-11, 6.27964291677e-10, 2.41967668124e-09, 1.12622366988e-09, 2.43056219595e-09, 1.50938683774e-09, 7.9933837327e-10, 2.18502904659e-09, 1.7808584829e-08, 2.40516264682e-08, 4.39363105897e-08, 1.06069322214e-08, 6.40864650236e-09, 9.18871811972e-10, 3.67825014891e-09, 1.4145208338e-09, 7.51982420777e-10, 1.9281682917e-09, 3.24618865122e-09, 7.25964566239e-10, 4.24089235951e-10, 4.6657899766e-10, 4.28084095949e-10, 1.76018033482e-10, 4.42181874449e-10, 1.91326787746e-10, 2.17143372727e-10, 8.00228217024e-11, 1.640134209e-11, 3.48154734209e-11, 2.2498412855e-11, 3.8243703343e-11, 4.40286106185e-11, 4.52455399536e-11, 2.68885937821e-11, 2.36267446579e-11, 9.53822264227e-12, 9.4043705115e-12, 1.33239305006e-11, 1.2792759907e-11],
        "stdev": [0.00177142466418, 0.000939217803534, 0.000245271105086, 0.00021034720703, 0.00020239999867, 0.000258104410022, 0.000336985918693, 0.000255040475167, 0.000308168091578, 0.000477627647342, 0.000688499887474, 0.000224157280172, 0.000471167440992, 0.000166987549164, 6.00277562626e-05, 0.000149734638399, 0.0001845430088, 0.000122024750453, 9.48986635194e-05, 9.14393021958e-05, 0.000197264205781, 0.000109813983727, 3.08879280055e-05, 6.50383299217e-05, 2.27407181228e-05, 1.9442923076e-05, 1.69673166965e-05, 1.44259547596e-05, 1.21968132589e-05, 5.49219885215e-06, 6.48941568215e-06, 6.23653022558e-06, 4.13416410083e-06, 3.55569773092e-06, 3.15395936923e-06, 3.38283985002e-06, 3.33128286911e-06, 3.55355768988e-06, 3.46691945197e-06, 3.54326107299e-06]
    },
    "melbands128": {
        "max": [0.00383717357181, 0.0148014407605, 0.0225891713053, 0.0200777985156, 0.00981321651489, 0.0062050097622, 0.00446754973382, 0.00262485351413, 0.00330414646305, 0.00397106725723, 0.0063162278384, 0.0039334394969, 0.00343437236734, 0.00407396629453, 0.00356400129385, 0.00575728761032, 0.00502906460315, 0.00828562211245, 0.00988796539605, 0.00580575782806, 0.00443611200899, 0.0141456946731, 0.00812471937388, 0.00530054187402, 0.00754934921861, 0.00902594439685, 0.00834894925356, 0.0108262430876, 0.00663603423163, 0.00365622714162, 0.00242537911981, 0.00695924973115, 0.0116951568052, 0.0144044207409, 0.00364671554416, 0.00282889185473, 0.00212751957588, 0.000791055324953, 0.00171638326719, 0.0026235554833, 0.00377858290449, 0.00383091974072, 0.00378834712319, 0.0061188545078, 0.00231608841568, 0.00247689220123, 0.00453180493787, 0.00246265158057, 0.00249405135401, 0.00191107345745, 0.00176173157524, 0.00169370800722, 0.00321154436097, 0.00232176552527, 0.00238369801082, 0.00256263860501, 0.000634234806057, 0.000459462404251, 0.00070929643698, 0.000425690581324, 0.00118837400805, 0.000611948955338, 0.000628172361758, 0.00049599254271, 0.000372674985556, 0.000721536751371, 0.00031606995617, 0.000289570307359, 0.000249314762186, 0.000271572760539, 0.000273174606264, 9.32270049816e-05, 0.000208669662243, 0.00051290623378, 0.000165392120834, 7.16227805242e-05, 6.87448264216e-05, 0.000110617293103, 0.000109493434138, 0.000208980520256, 0.000166684010765, 0.000109067557787, 4.96556895087e-05, 4.56183188362e-05, 5.23951057403e-05, 4.83837102365e-05, 4.65740413347e-05, 3.78339864255e-05, 6.29690257483e-05, 5.50086115254e-05, 5.06042488269e-05, 5.83812070545e-05, 4.48978680652e-05, 7.73450738052e-05, 5.04000527144e-05, 6.2755367253e-05, 5.99381019128e-05, 4.36665432062e-05, 5.28213531652e-05, 8.04009687272e-05, 9.8521973996e-05, 6.97447321727e-05, 6.02894142503e-05, 4.63747164758e-05, 5.16293512192e-05, 3.26059853251e-05, 8.08384793345e-05, 6.70689623803e-05, 1.94602980628e-05, 3.63798535545e-05, 4.27231207141e-05, 4.67430290882e-05, 2.81707325485e-05, 2.01495349756e-05, 1.97611279873e-05, 9.75147213467e-06, 6.14485679762e-06, 4.57268333776e-06, 4.59690045318e-06, 3.23774406752e-06, 2.93554148811e-06, 3.3296030324e-06, 3.01389195556e-06, 1.79744461093e-07, 1.76690317932e-09, 1.74956271692e-09, 1.73562175743e-09, 1.72616498872e-09],
        "mean": [0.000152366832481, 0.000718368857633, 0.000954064598773, 0.000690457236487, 0.000332539930241, 0.000140724165249, 8.62935630721e-05, 7.50565668568e-05, 7.01010212651e-05, 6.8740984716e-05, 6.37629345874e-05, 8.20444183773e-05, 8.19184424472e-05, 9.99250187306e-05, 0.000120926873933, 0.000112219582661, 0.000107010084321, 0.00013343799219, 0.000103373582533, 6.44754836685e-05, 6.9114335929e-05, 9.58911914495e-05, 0.000101800236735, 0.000176161585841, 0.000282101798803, 0.000425379548687, 0.000513311126269, 0.000421246339101, 0.000223845185246, 0.000152497494128, 0.000135193156893, 0.000178610236617, 0.000208035213291, 0.000117817777209, 7.36622969271e-05, 5.78355684411e-05, 3.27338020725e-05, 2.61792629317e-05, 4.90699349029e-05, 5.77746686758e-05, 6.35250471532e-05, 0.00011384874233, 7.63332500355e-05, 4.93176958116e-05, 6.00955572736e-05, 4.88918412884e-05, 4.29885913036e-05, 2.99946641462e-05, 2.35200550378e-05, 3.41409395332e-05, 3.88026310247e-05, 4.58412905573e-05, 0.000103236663563, 0.000101732359326, 8.13291189843e-05, 2.99604871543e-05, 1.75600052899e-05, 2.06011482078e-05, 1.66602221725e-05, 1.689153396e-05, 4.54490182165e-05, 2.97177721222e-05, 1.20809090731e-05, 8.79512936081e-06, 1.270928351e-05, 1.00066627056e-05, 9.42504357226e-06, 1.1692969565e-05, 1.05810740934e-05, 1.20853073895e-05, 9.46167529037e-06, 6.03292210144e-06, 5.91434445596e-06, 9.06068180484e-06, 4.29389456258e-06, 2.92306731353e-06, 2.83860254058e-06, 2.69079828286e-06, 3.36575089932e-06, 3.25134215018e-06, 2.66521988124e-06, 2.08036863114e-06, 3.07779305331e-06, 2.3584475457e-06, 1.69002873918e-06, 1.59850890213e-06, 1.93398386727e-06, 1.31991725993e-06, 1.27526266169e-06, 1.40968927553e-06, 1.45954345498e-06, 1.29236502744e-06, 1.25098608805e-06, 1.2092561974e-06, 1.20607376175e-06, 1.29038755858e-06, 1.20665606573e-06, 9.78626871984e-07, 1.02515639355e-06, 1.00396266589e-06, 1.14419981401e-06, 1.03110733107e-06, 8.06051616564e-07, 7.19414060768e-07, 6.46321439035e-07, 5.74948217036e-07, 6.57151815631e-07, 5.05111074744e-07, 3.80724657134e-07, 3.97661011675e-07, 3.76499684762e-07, 3.42648661444e-07, 2.63995929117e-07, 2.09870833601e-07, 1.57691772529e-07, 1.13839540461e-07, 6.84930867578e-08, 4.77154777911e-08, 4.30692281839e-08, 3.79887481472e-08, 3.50611095712e-08, 3.10363894584e-08, 1.9789302641e-08, 7.161636284e-10, 3.51056315094e-12, 3.43030053147e-12, 3.38009177939e-12, 3.35660796033e-12],
        "min": [8.60744472659e-13, 2.28709932937e-11, 2.65453822118e-11, 4.8567636024e-11, 1.23351925896e-10, 8.48309589241e-10, 2.86078849498e-09, 3.22053117507e-09, 1.44616607578e-09, 3.07647546327e-10, 1.22278831505e-09, 2.62865551548e-09, 3.11966741329e-09, 1.81825754453e-09, 1.05909125914e-09, 1.70645009234e-09, 1.26328125738e-09, 2.98689267764e-10, 4.20503909471e-10, 7.86207543513e-10, 1.70913794229e-09, 9.77614966757e-09, 2.54933976152e-08, 2.0750251295e-08, 5.021019156e-09, 2.27944951803e-08, 7.09387393272e-08, 5.21286622757e-08, 2.07363601845e-08, 2.85062373706e-09, 1.35474902407e-08, 1.17339471473e-08, 6.40548325492e-09, 1.83787340902e-09, 6.13932960025e-10, 6.68611777055e-10, 1.41430100964e-09, 4.11720257887e-09, 5.60926594062e-09, 1.62778546198e-09, 7.57277074381e-10, 2.68835037565e-10, 8.98040586339e-10, 8.72818650688e-10, 7.77060416013e-10, 1.99333549666e-09, 2.54341969708e-09, 4.48045955892e-09, 2.20916551719e-09, 1.05019759555e-09, 3.67080699171e-10, 6.26792950875e-10, 4.03224481582e-10, 2.32686439561e-10, 6.9152372717e-10, 5.79881254126e-10, 1.98942820551e-10, 4.01395999772e-10, 6.67122301845e-10, 1.02016811665e-10, 1.25061530576e-10, 1.65628968873e-10, 5.15635367737e-10, 6.41126374212e-10, 1.05887451585e-10, 1.25518540006e-10, 2.73057104705e-10, 2.6409971432e-10, 2.22123999749e-10, 1.19794688058e-10, 1.0313343235e-10, 3.97766888871e-11, 1.58413317186e-11, 1.49271428551e-11, 1.25091820583e-11, 1.89839585024e-11, 7.21193174624e-11, 2.30852229693e-11, 1.22441223827e-11, 1.88430729353e-11, 2.66745132926e-11, 4.84106470189e-11, 6.4910084252e-11, 4.40339292807e-11, 2.67993838926e-11, 3.23209618791e-11, 7.11924963426e-11, 3.31932016595e-11, 2.32563343583e-11, 1.82227549023e-11, 2.74963316005e-11, 2.78870017356e-11, 1.30056295594e-11, 7.67829896886e-12, 7.61366577423e-12, 1.05227892372e-11, 8.18806307479e-12, 8.72899582477e-12, 1.55840410021e-11, 1.4623947886e-11, 1.30010446853e-11, 1.14829317929e-11, 1.39602149285e-11, 1.4918366889e-11, 1.2836468867e-11, 1.19064454476e-11, 8.69871449177e-12, 7.56755422215e-12, 3.24269756012e-12, 5.63706373247e-12, 1.19329849821e-11, 7.61978414393e-12, 5.84117606714e-12, 4.17695999316e-12, 2.73876863029e-12, 3.70484459083e-12, 2.38634242575e-12, 1.31867802268e-12, 4.66693707063e-14, 4.64905722155e-14, 4.49266715681e-14, 3.65800224584e-14, 4.63331054025e-14, 3.9056048841e-14, 2.88319749206e-14, 8.19959402568e-15, 1.57320318678e-15, 6.03075811742e-17],
        "stdev": [0.000427177990787, 0.00190192984883, 0.0026991313789, 0.0019616112113, 0.000960570701864, 0.000506995944306, 0.000322929525282, 0.000219067631406, 0.000228632387007, 0.000252065132372, 0.000238946973695, 0.000235032624914, 0.000237643631408, 0.00029467913555, 0.000345524633303, 0.00034146962571, 0.000340558384778, 0.00048080162378, 0.000446313875727, 0.000291065167403, 0.00029628557968, 0.000516115047503, 0.000355222087819, 0.000335730292136, 0.000490499078296, 0.000812047743239, 0.00104493100662, 0.00104607827961, 0.000474422966363, 0.00026957821683, 0.000238718086621, 0.000542479276191, 0.000745009281673, 0.00057739240583, 0.000229632365517, 0.000192467952729, 0.000115956820082, 4.36479967902e-05, 9.97607930913e-05, 0.000146410515299, 0.000199973001145, 0.000357791897841, 0.000254064390901, 0.000256600964349, 0.000181236770004, 0.000156357520609, 0.000221866139327, 0.00013806381321, 0.000101374047517, 0.000108754524263, 0.000134982445161, 0.00015143895871, 0.000283519882942, 0.000298323808238, 0.000313265976729, 0.000120325821626, 4.42392993136e-05, 4.39648538304e-05, 4.49383187515e-05, 3.99376185669e-05, 0.000118726791698, 7.07123617758e-05, 3.50647896994e-05, 2.08790515899e-05, 2.78759362118e-05, 2.91177548206e-05, 2.31364374486e-05, 2.23823826673e-05, 1.98814905161e-05, 2.5508017643e-05, 2.25990825129e-05, 1.07131263576e-05, 1.19484620882e-05, 2.31316953432e-05, 9.5324794529e-06, 5.7301040215e-06, 5.6939775277e-06, 6.14884265815e-06, 6.72035548632e-06, 8.54827703733e-06, 7.72513521952e-06, 5.59640920983e-06, 5.40250175618e-06, 4.32127717431e-06, 3.93506434193e-06, 4.00020326197e-06, 3.96423774873e-06, 2.86733416033e-06, 3.43331794284e-06, 3.5189564187e-06, 3.53864743374e-06, 3.87445106753e-06, 3.14528506351e-06, 3.54850067197e-06, 3.53095242644e-06, 4.33203467765e-06, 3.82352664019e-06, 2.98583495351e-06, 3.49281958734e-06, 4.0132013055e-06, 4.7920148063e-06, 3.79727839572e-06, 2.76240530184e-06, 2.73901514447e-06, 2.71426802101e-06, 2.18251898332e-06, 3.8209500417e-06, 2.91153537546e-06, 1.3831712522e-06, 1.78903144388e-06, 1.9814820007e-06, 2.14086026062e-06, 1.38333950872e-06, 1.07774133085e-06, 8.58095916101e-07, 5.4728474197e-07, 3.37749668233e-07, 2.50221262377e-07, 2.306621667e-07, 1.87150206443e-07, 1.81531703447e-07, 1.77634234433e-07, 1.38817753736e-07, 6.84779655202e-09, 5.42061881492e-11, 5.36733921197e-11, 5.32454740021e-11, 5.29551333339e-11]
    },
    "mfcc": {
        "mean": [-668.295166016, 77.6240921021, -51.737651825, -19.7757167816, -23.5729522705, -12.5540742874, -2.85492968559, 6.32261133194, 3.17522001266, 1.3571536541, -4.39028835297, -7.12582015991, -11.5515813828],
        "cov": [[6345.55224609, 310.930206299, 1734.5880127, 1897.02160645, 1460.34960938, 622.5703125, 409.245330811, 96.8380355835, 202.961090088, 226.377487183, 180.553726196, 502.101867676, 842.222290039], [310.930206299, 282.530792236, 175.182342529, 267.996002197, 199.016387939, 111.87046051, 64.6455688477, 54.6250419617, 36.0739021301, 32.1184959412, 34.9876861572, 52.6096229553, 97.8049926758], [1734.5880127, 175.182342529, 971.625610352, 827.865600586, 633.240539551, 336.479309082, 148.034744263, 45.3067512512, 68.9844818115, 71.5804443359, 91.3751983643, 173.425720215, 322.868713379], [1897.02160645, 267.996002197, 827.865600586, 997.788391113, 690.342956543, 363.697296143, 173.591125488, 92.354347229, 111.062088013, 88.2139205933, 97.2482528687, 209.843215942, 362.822357178], [1460.34960938, 199.016387939, 633.240539551, 690.342956543, 598.784484863, 263.824523926, 143.648422241, 55.8054428101, 90.5606994629, 83.8863143921, 71.0131912231, 160.240005493, 287.45098877], [622.5703125, 111.87046051, 336.479309082, 363.697296143, 263.824523926, 240.170944214, 97.9455718994, 53.9662818909, 38.4858398438, 46.5633735657, 58.2091331482, 73.9267044067, 129.151657104], [409.245330811, 64.6455688477, 148.034744263, 173.591125488, 143.648422241, 97.9455718994, 118.36807251, 58.6236915588, 41.8160552979, 36.6149902344, 30.2995414734, 44.2267990112, 76.919303894], [96.8380355835, 54.6250419617, 45.3067512512, 92.354347229, 55.8054428101, 53.9662818909, 58.6236915588, 127.000320435, 71.3775787354, 22.9334526062, 22.459487915, 6.50659942627, 14.8666095734], [202.961090088, 36.0739021301, 68.9844818115, 111.062088013, 90.5606994629, 38.4858398438, 41.8160552979, 71.3775787354, 113.76361084, 37.7075462341, 19.3499755859, 11.9504880905, 30.0005607605], [226.377487183, 32.1184959412, 71.5804443359, 88.2139205933, 83.8863143921, 46.5633735657, 36.6149902344, 22.9334526062, 37.7075462341, 71.608757019, 32.4298400879, 30.5298061371, 51.4505958557], [180.553726196, 34.9876861572, 91.3751983643, 97.2482528687, 71.0131912231, 58.2091331482, 30.2995414734, 22.459487915, 19.3499755859, 32.4298400879, 67.6765899658, 42.0164680481, 46.3825836182], [502.101867676, 52.6096229553, 173.425720215, 209.843215942, 160.240005493, 73.9267044067, 44.2267990112, 6.50659942627, 11.9504880905, 30.5298061371, 42.0164680481, 108.231056213, 113.220664978], [842.222290039, 97.8049926758, 322.868713379, 362.822357178, 287.45098877, 129.151657104, 76.919303894, 14.8666095734, 30.0005607605, 51.4505958557, 46.3825836182, 113.220664978, 219.44569397]],
        "icov": [[0.000498888723087, 0.000441059528384, -0.000156736961799, -0.000605162407737, -0.000295673060464, 0.000471353036119, -0.000618363323156, 0.00019635897479, 2.06070981221e-05, -0.000284973939415, 0.000260329892626, -0.00040647588321, -0.000348105153535], [0.000441059528384, 0.00577518809587, 0.00109929428436, -0.00190757052042, -0.00168614811264, 3.47283603332e-05, -0.000698263465893, -0.00127028126735, 0.00123506027739, -0.000255522696534, -0.000729063234758, 0.000674354203511, -0.000513918465003], [-0.000156736961799, 0.00109929428436, 0.00473429216072, -0.00197417312302, -0.00250887544826, -0.00146712642163, 0.000380604527891, 0.000509550911374, 0.000877591315657, 0.00118867109995, -0.00168803695124, 0.0017850791337, -0.000570887699723], [-0.000605162407737, -0.00190757052042, -0.00197417312302, 0.00883309543133, -0.00342019367963, -0.003640208859, 0.00249256379902, -0.00179025623947, -0.00179602985736, 0.0024858803954, 0.000927031971514, -0.00242114719003, -0.00194089510478], [-0.000295673060464, -0.00168614811264, -0.00250887544826, -0.00342019367963, 0.0123683698475, -0.000804772425909, -0.00181376130786, 0.00222396175377, -0.00318275298923, -0.00212812330574, 0.0024683510419, -0.00120544212405, -0.0029758871533], [0.000471353036119, 3.47283603332e-05, -0.00146712642163, -0.003640208859, -0.000804772425909, 0.0131682483479, -0.00488750776276, -0.00108214118518, 0.00298967049457, -0.00184420368169, -0.00401543965563, 0.00171826791484, 0.0014291346306], [-0.000618363323156, -0.000698263465893, 0.000380604527891, 0.00249256379902, -0.00181376130786, -0.00488750776276, 0.0181163232774, -0.00625269534066, 6.80186785758e-05, -0.00170138396788, 0.000746028497815, -0.00109426770359, -0.00187428586651], [0.00019635897479, -0.00127028126735, 0.000509550911374, -0.00179025623947, 0.00222396175377, -0.00108214118518, -0.00625269534066, 0.0164520405233, -0.00862717721611, 0.00160342326853, -0.00206095608883, 0.00112136790995, 0.00148414669093], [2.06070981221e-05, 0.00123506027739, 0.000877591315657, -0.00179602985736, -0.00318275298923, 0.00298967049457, 6.80186785758e-05, -0.00862717721611, 0.0179653689265, -0.00636232970282, -0.000724981364328, 0.00277618085966, 0.00177543528844], [-0.000284973939415, -0.000255522696534, 0.00118867109995, 0.0024858803954, -0.00212812330574, -0.00184420368169, -0.00170138396788, 0.00160342326853, -0.00636232970282, 0.0240668747574, -0.00773560954258, 0.000509190838784, -0.00369114102796], [0.000260329892626, -0.000729063234758, -0.00168803695124, 0.000927031971514, 0.0024683510419, -0.00401543965563, 0.000746028497815, -0.00206095608883, -0.000724981364328, -0.00773560954258, 0.0260242782533, -0.00951160863042, 0.000604395347182], [-0.00040647588321, 0.000674354203511, 0.0017850791337, -0.00242114719003, -0.00120544212405, 0.00171826791484, -0.00109426770359, 0.00112136790995, 0.00277618085966, 0.000509190838784, -0.00951160863042, 0.0252238363028, -0.00799102429301], [-0.000348105153535, -0.000513918465003, -0.000570887699723, -0.00194089510478, -0.0029758871533, 0.0014291346306, -0.00187428586651, 0.00148414669093, 0.00177543528844, -0.00369114102796, 0.000604395347182, -0.00799102429301, 0.0184021927416]]
    },
    "spectral_contrast_coeffs": {
        "max": [-0.477730333805, -0.474437594414, -0.53472918272, -0.583391904831, -0.621161043644, -0.68768799305],
        "mean": [-0.731780171394, -0.72317045927, -0.748406052589, -0.792292773724, -0.791836440563, -0.781470656395],
        "min": [-0.916999459267, -0.910393476486, -0.893545746803, -0.905799686909, -0.884421467781, -0.888683974743],
        "stdev": [0.0666814297438, 0.0722112432122, 0.0631218925118, 0.0608591027558, 0.0466226935387, 0.026832036674]
    },
    "spectral_contrast_valleys": {
        "max": [-5.74530220032, -5.1680059433, -5.63572120667, -6.04395103455, -5.93739652634, -7.47934770584],
        "mean": [-8.76839637756, -7.3215098381, -6.88474702835, -7.27327299118, -7.43748378754, -10.1019325256],
        "min": [-12.9181451797, -11.5555400848, -11.6529121399, -11.7869358063, -12.6938753128, -14.6090583801],
        "stdev": [1.70813441277, 0.792029976845, 0.478677541018, 0.478520810604, 0.674792826176, 0.848861932755]
    }
},
"rhythm": {
    "beats_count": 54,
    "beats_loudness": {
        "max": 0.0505560673773,
        "mean": 0.0172402225435,
        "min": 0.00105473829899,
        "stdev": 0.015278942883
    },
    "bpm": 124.761817932,
    "bpm_histogram_first_peak_bpm": 126,
    "bpm_histogram_first_peak_weight": 0.428571403027,
    "bpm_histogram_second_peak_bpm": 136,
    "bpm_histogram_second_peak_spread": 0.363636374474,
    "bpm_histogram_second_peak_weight": 0.132075473666,
    "danceability": 0.961575746536,
    "onset_rate": 2.43198537827,
    "beats_loudness_band_ratio": {
        "max": [0.778178334236, 0.228949531913, 0.78823184967, 0.786391079426, 0.438577264547, 0.212438032031],
        "mean": [0.134841218591, 0.0289250593632, 0.348743677139, 0.319526523352, 0.142234668136, 0.0530960261822],
        "min": [7.46511286707e-05, 0.000789153564256, 0.0248561352491, 0.0456912666559, 0.0343865938485, 0.014393473044],
        "stdev": [0.22939068079, 0.0449522286654, 0.217692151666, 0.19746607542, 0.10329964757, 0.0404958240688]
    },
    "beats_position": [0.487619042397, 0.986848056316, 1.48607707024, 1.97369611263, 2.4497051239, 2.92571425438, 3.40172338486, 3.87773227692, 4.35374164581, 4.82975053787, 5.30575942993, 5.78176879883, 6.26938772202, 6.7570066452, 7.24462556839, 7.74385452271, 8.23147392273, 8.71909236908, 9.24154186249, 9.76399040222, 10.2864398956, 10.7856683731, 11.2965078354, 11.807346344, 12.202085495, 12.5852155685, 12.9683446884, 13.3514738083, 13.7462129593, 14.1409521103, 14.5240812302, 14.8956003189, 15.2787294388, 15.6502494812, 16.0333786011, 16.4281177521, 16.8228569031, 17.2175960541, 17.6123352051, 18.0302944183, 18.4366436005, 18.8546028137, 19.272562027, 19.7137413025, 20.154920578, 20.5960998535, 21.037279129, 21.4784584045, 21.9196376801, 22.3608150482, 22.7903842926, 23.219953537, 23.6495227814, 24.0790920258],
