{
"metadata": {
    "version": {
        "essentia": "2.1-beta5",
        "essentia_git_sha": "Undefined",
        "extractor": "music 2.0"
    },
    "audio_properties": {
        "analysis": {
            "equal_loudness": 0,
            "length": 32.4963264465,
            "sample_rate": 44100,
            "start_time": 12.7477550507,
            "downmix": "mix"
        },
        "bit_rate": 192000,
        "length": 193.724090576,
        "lossless": 0,
        "number_channels": 2,
        "replay_gain": -8.11721229553,
        "sample_rate": 48000,
        "codec": "mp3",
        "md5_encoded": "fd0f1565be0e86e74a81f5f398897774"
    },
    "tags": {
        "file_name": "Albania_Carry Me In Your Dreams_Kejsi Tola.mp3",
        "encoding": ["Lavf58.29.100"]
    }
},
"lowlevel": {
    "average_loudness": 0.963123679161,
    "barkbands_crest": {
        "max": 25.5630111694,
        "mean": 12.6543188095,
        "min": 2.80199456215,
        "stdev": 5.51359558105
    },
    "barkbands_flatness_db": {
        "max": 0.332182526588,
        "mean": 0.153333887458,
        "min": 0.0229114182293,
        "stdev": 0.0565554201603
    },
    "barkbands_kurtosis": {
        "max": 238.779815674,
        "mean": 8.77268791199,
        "min": -1.90891349316,
        "stdev": 15.7974748611
    },
    "barkbands_skewness": {
        "max": 14.0977239609,
        "mean": 2.11652135849,
        "min": -3.19183754921,
        "stdev": 1.79401612282
    },
    "barkbands_spread": {
        "max": 122.616859436,
        "mean": 22.329366684,
        "min": 1.20610940456,
        "stdev": 19.4702510834
    },
    "dissonance": {
        "max": 0.499846339226,
        "mean": 0.447303235531,
        "min": 0.255232781172,
        "stdev": 0.0435417555273
    },
    "dynamic_complexity": 3.13120007515,
    "erbbands_crest": {
        "max": 28.9182815552,
        "mean": 9.75007915497,
        "min": 2.42457485199,
        "stdev": 4.69365644455
    },
    "erbbands_flatness_db": {
        "max": 0.303130328655,
        "mean": 0.138992398977,
        "min": 0.0499871000648,
        "stdev": 0.0469866096973
    },
    "erbbands_kurtosis": {
        "max": 30.1683959961,
        "mean": 1.30566227436,
        "min": -1.80729115009,
        "stdev": 3.04286026955
    },
    "erbbands_skewness": {
        "max": 4.11108064651,
        "mean": 0.49493059516,
        "min": -3.55225992203,
        "stdev": 0.877481102943
    },
    "erbbands_spread": {
        "max": 169.001434326,
        "mean": 45.3301544189,
        "min": 3.63567137718,
        "stdev": 27.6677341461
    },
    "hfc": {
        "max": 208.255279541,
        "mean": 23.9963588715,
        "min": 0.198487326503,
        "stdev": 25.3591308594
    },
    "loudness_ebu128": {
        "integrated": -14.5183134079,
        "loudness_range": 2.86931419373,
        "momentary": {
            "max": -11.7875766754,
            "mean": -15.009013176,
            "min": -29.8226604462,
            "stdev": 2.42156553268
        },
        "short_term": {
            "max": -13.033372879,
            "mean": -14.7352695465,
            "min": -17.7090396881,
            "stdev": 0.973973810673
        }
    },
    "melbands_crest": {
        "max": 35.6303291321,
        "mean": 16.5516033173,
        "min": 4.0656747818,
        "stdev": 6.18358707428
    },
    "melbands_flatness_db": {
        "max": 0.438068121672,
        "mean": 0.231053158641,
        "min": 0.0393123142421,
        "stdev": 0.0734795629978
    },
    "melbands_kurtosis": {
        "max": 524.870910645,
        "mean": 29.3273601532,
        "min": -1.89977681637,
        "stdev": 47.5887870789
    },
    "melbands_skewness": {
        "max": 15.9787406921,
        "mean": 3.61543607712,
        "min": -0.630182445049,
        "stdev": 2.86337661743
    },
    "melbands_spread": {
        "max": 268.171539307,
        "mean": 20.8081912994,
        "min": 0.704628527164,
        "stdev": 24.7755336761
    },
    "pitch_salience": {
        "max": 0.85417342186,
        "mean": 0.459354817867,
        "min": 0.0923670828342,
        "stdev": 0.149637579918
    },
    "silence_rate_20dB": {
        "max": 1,
        "mean": 1,
        "min": 1,
        "stdev": 0
    },
    "silence_rate_30dB": {
        "max": 1,
        "mean": 0.911491811275,
        "min": 0,
        "stdev": 0.28403416276
    },
    "silence_rate_60dB": {
        "max": 1,
        "mean": 0.0620984993875,
        "min": 0,
        "stdev": 0.241328731179
    },
    "spectral_centroid": {
        "max": 6090.97900391,
        "mean": 1248.82568359,
        "min": 258.769683838,
        "stdev": 735.011657715
    },
    "spectral_complexity": {
        "max": 49,
        "mean": 13.141327858,
        "min": 0,
        "stdev": 7.43950033188
    },
    "spectral_decrease": {
        "max": -4.27259755353e-11,
        "mean": -1.10231885841e-08,
        "min": -5.23466709978e-08,
        "stdev": 1.01741939318e-08
    },
    "spectral_energy": {
        "max": 0.199310928583,
        "mean": 0.0437806472182,
        "min": 0.000181445589988,
        "stdev": 0.039200451225
    },
    "spectral_energyband_high": {
        "max": 0.0221290271729,
        "mean": 0.00132429972291,
        "min": 1.3119453115e-06,
        "stdev": 0.0024289325811
    },
    "spectral_energyband_low": {
        "max": 0.1953381598,
        "mean": 0.0272771082819,
        "min": 9.29698944674e-06,
        "stdev": 0.0333234928548
    },
    "spectral_energyband_middle_high": {
        "max": 0.0833714753389,
        "mean": 0.00437909411266,
        "min": 8.17936379462e-05,
        "stdev": 0.00645181257278
    },
    "spectral_energyband_middle_low": {
        "max": 0.128330171108,
        "mean": 0.0124426456168,
        "min": 3.81839381589e-05,
        "stdev": 0.0161882769316
    },
    "spectral_entropy": {
        "max": 8.87725543976,
        "mean": 7.65574550629,
        "min": 6.21747779846,
        "stdev": 0.510983228683
    },
    "spectral_flux": {
        "max": 0.383640825748,
        "mean": 0.117598988116,
        "min": 0.00770615739748,
        "stdev": 0.0693722516298
    },
    "spectral_kurtosis": {
        "max": 22.9140110016,
        "mean": 3.50673556328,
        "min": -1.34987604618,
        "stdev": 2.85128498077
    },
    "spectral_rms": {
        "max": 0.0139445215464,
        "mean": 0.00587427662686,
        "min": 0.000420737545937,
        "stdev": 0.00286455568857
    },
    "spectral_rolloff": {
        "max": 13307.5195312,
        "mean": 1379.89160156,
        "min": 64.599609375,
        "stdev": 2200.35205078
    },
    "spectral_skewness": {
        "max": 3.95122528076,
        "mean": 1.5007532835,
        "min": -0.227982595563,
        "stdev": 0.549908161163
    },
    "spectral_spread": {
        "max": 18081708,
        "mean": 5987878,
        "min": 1568499.375,
        "stdev": 2339084.75
    },
    "spectral_strongpeak": {
        "max": 10.8230514526,
        "mean": 0.857099235058,
        "min": 0,
        "stdev": 1.15664625168
    },
    "zerocrossingrate": {
        "max": 0.4052734375,
        "mean": 0.0578806698322,
        "min": 0.0068359375,
        "stdev": 0.0519190691411
    },
    "barkbands": {
        "max": [0.014697487466, 0.168497145176, 0.0675579756498, 0.0878695100546, 0.0368869714439, 0.0474966466427, 0.0315476320684, 0.0742548704147, 0.0853215008974, 0.047636076808, 0.0355269163847, 0.0266388617456, 0.0133351348341, 0.0301825031638, 0.0164298657328, 0.0051506832242, 0.00491109583527, 0.00247463746928, 0.00419569713995, 0.00390420015901, 0.00457551144063, 0.00453329086304, 0.00446549616754, 0.0126448273659, 0.0117785828188, 0.00620037736371, 0.000662485836074],
        "mean": [0.000475184351671, 0.0201863516122, 0.00508519681171, 0.00241727009416, 0.0018233548617, 0.00260428735055, 0.000482943898533, 0.00169558066409, 0.00321594602428, 0.000939829449635, 0.000796123349573, 0.000669538159855, 0.000460837967694, 0.000433327775681, 0.000415489048464, 0.000218431770918, 0.000160345924087, 0.000163106131367, 0.000147574668517, 0.000165646983078, 0.000205791220651, 0.000172396408743, 0.000173933716724, 0.000286060996586, 0.000278942490695, 9.70648034126e-05, 1.00801207736e-05],
        "min": [3.90452381538e-09, 9.40921495385e-07, 2.63385686594e-06, 9.39386040955e-07, 1.6493579551e-06, 6.75393380334e-07, 5.04974593696e-07, 1.51797644321e-06, 4.95799758937e-06, 2.22908965952e-06, 4.66744450023e-06, 2.3571001293e-06, 2.34185222325e-06, 2.98056556858e-06, 1.84007774351e-06, 1.17231468266e-06, 1.33145647396e-06, 1.15304044357e-06, 1.15668535727e-06, 7.72056239384e-07, 3.75826402887e-07, 1.79035140491e-07, 8.05563331596e-08, 5.42976685836e-08, 2.63982169457e-08, 1.70140630473e-08, 3.54474609388e-11],
        "stdev": [0.00138894061092, 0.0294016841799, 0.0082527352497, 0.00742846541107, 0.00351415085606, 0.00468685338274, 0.00150827493053, 0.00472187576815, 0.00782818626612, 0.00293035130017, 0.00192275154404, 0.00195122265723, 0.00123538076878, 0.00180045515299, 0.00118727271911, 0.000483818701468, 0.0002946286113, 0.000245462026214, 0.000283375673462, 0.000264476169832, 0.000334864249453, 0.000361716054613, 0.000324345688568, 0.000828993390314, 0.000904110143892, 0.00031870737439, 3.3286109101e-05]
    },
    "erbbands": {
        "max": [4.32121896744, 45.0473327637, 64.9967727661, 193.347991943, 215.368179321, 138.823501587, 308.556518555, 433.827728271, 338.961517334, 571.391662598, 1807.32617188, 2478.00390625, 1586.29125977, 1208.31506348, 1622.70031738, 1356.83190918, 552.544311523, 1639.43566895, 829.286071777, 624.020874023, 259.280548096, 227.523071289, 159.519332886, 223.41456604, 138.029434204, 195.345367432, 185.110931396, 156.807556152, 180.148513794, 108.997772217, 131.534683228, 281.695007324, 197.04347229, 194.133529663, 54.2525100708, 33.2928924561, 10.0415840149, 1.50066351891, 0.094705812633, 0.0019655241631],
        "mean": [0.486936241388, 4.76704502106, 6.97465419769, 7.8311753273, 5.2874007225, 6.35552740097, 18.7549362183, 18.3113155365, 6.81577253342, 13.412812233, 58.9251441956, 64.5527572632, 36.5308914185, 35.5788917542, 29.924741745, 22.8804416656, 20.3871517181, 25.9002971649, 18.5981693268, 17.1666603088, 12.1325588226, 9.63515758514, 8.96625423431, 8.80525302887, 6.6852145195, 7.80112981796, 8.66718864441, 7.30365228653, 6.27975463867, 5.49867582321, 4.96311426163, 5.65193557739, 4.91999578476, 3.83689689636, 1.52085864544, 0.514377117157, 0.167529836297, 0.0260947067291, 0.0017681674799, 9.48205779423e-05],
        "min": [1.77664005605e-05, 0.000490871083457, 0.0054230527021, 0.0042014978826, 0.0102963419631, 0.00662383669987, 0.0212907064706, 0.00582156376913, 0.0156556461006, 0.0139491157606, 0.0618032366037, 0.137514218688, 0.11875282228, 0.168293192983, 0.189874559641, 0.201727122068, 0.187990576029, 0.205729737878, 0.146377280354, 0.105554185808, 0.0888885930181, 0.0857266187668, 0.095345556736, 0.0614031925797, 0.0626962855458, 0.0368101894855, 0.0189491175115, 0.0158738568425, 0.00711966725066, 0.00406020833179, 0.00225549098104, 0.00116257020272, 0.000649670488201, 0.000306962552713, 0.000162294047186, 9.51621041168e-05, 2.99822313536e-05, 4.90121510666e-06, 2.39806098534e-07, 2.34919639297e-07],
        "stdev": [0.746508955956, 7.28460073471, 9.99110031128, 19.0339984894, 17.17827034, 12.4356145859, 28.777879715, 40.2958679199, 18.2369041443, 39.584980011, 139.19442749, 163.625823975, 97.7449645996, 74.7864837646, 79.4131469727, 65.2600097656, 50.54712677, 94.9346466064, 48.3850288391, 41.3148994446, 25.1917800903, 16.4939136505, 13.771692276, 14.3409738541, 11.8785572052, 12.6311836243, 14.7226991653, 11.4981861115, 13.3914928436, 9.84370422363, 9.41180229187, 15.8044633865, 15.2096881866, 13.4404277802, 4.441218853, 1.68131101131, 0.549149513245, 0.0807645991445, 0.00549139035866, 0.000141186334076]
    },
    "gfcc": {
        "mean": [6.78123950958, 80.5679855347, -91.8826751709, 32.9185447693, -56.2251701355, 28.8658103943, -27.4031887054, 18.7133274078, -21.502614975, 4.5913066864, -14.8655157089, 0.919279038906, -4.64644002914],
        "cov": [[3936.56787109, -1076.92504883, 542.483276367, 124.145996094, 36.7576217651, 176.563873291, 50.1036109924, 124.391372681, -23.2747898102, 109.828346252, -188.811981201, -11.7880077362, -153.961853027], [-1076.92504883, 1514.59521484, -381.83605957, -199.176300049, 23.3117980957, -172.20703125, 78.0838546753, 29.0923595428, 98.141418457, -146.621505737, 157.542068481, -149.251586914, 104.438858032], [542.483276367, -381.83605957, 978.723632812, 151.879241943, -34.5442314148, 126.742713928, -23.4457454681, 72.2597122192, -14.6032829285, 46.0230751038, -26.5318050385, 68.3960876465, -54.1261253357], [124.145996094, -199.176300049, 151.879241943, 374.148468018, 126.257423401, 57.6301269531, 16.2542037964, -21.7123565674, 20.698097229, -3.39550638199, -37.5342445374, 45.6118392944, -20.6407623291], [36.7576217651, 23.3117980957, -34.5442314148, 126.257423401, 303.374053955, 84.2437057495, 85.565826416, 9.76192855835, 25.9817466736, 32.9581871033, -4.39314365387, 21.274143219, -5.1724820137], [176.563873291, -172.20703125, 126.742713928, 57.6301269531, 84.2437057495, 293.109008789, 140.710723877, -21.1054592133, -29.1879634857, 42.3189353943, 25.1615009308, 9.5774641037, -30.2764205933], [50.1036109924, 78.0838546753, -23.4457454681, 16.2542037964, 85.565826416, 140.710723877, 264.792205811, 16.8177337646, -17.7979717255, 29.4473075867, 33.1712989807, -5.30116844177, -33.3171806335], [124.391372681, 29.0923595428, 72.2597122192, -21.7123565674, 9.76192855835, -21.1054592133, 16.8177337646, 158.033340454, 70.6055221558, 4.75095272064, 2.31604194641, -3.25494456291, 29.182346344], [-23.2747898102, 98.141418457, -14.6032829285, 20.698097229, 25.9817466736, -29.1879634857, -17.7979717255, 70.6055221558, 130.404998779, 7.18303585052, -8.19853973389, -12.3097600937, 25.1036472321], [109.828346252, -146.621505737, 46.0230751038, -3.39550638199, 32.9581871033, 42.3189353943, 29.4473075867, 4.75095272064, 7.18303585052, 96.9658584595, 15.941286087, 32.7800979614, -0.517904222012], [-188.811981201, 157.542068481, -26.5318050385, -37.5342445374, -4.39314365387, 25.1615009308, 33.1712989807, 2.31604194641, -8.19853973389, 15.941286087, 117.429595947, 18.837228775, 35.8583908081], [-11.7880077362, -149.251586914, 68.3960876465, 45.6118392944, 21.274143219, 9.5774641037, -5.30116844177, -3.25494456291, -12.3097600937, 32.7800979614, 18.837228775, 98.4275588989, 21.3857765198], [-153.961853027, 104.438858032, -54.1261253357, -20.6407623291, -5.1724820137, -30.2764205933, -33.3171806335, 29.182346344, 25.1036472321, -0.517904222012, 35.8583908081, 21.3857765198, 107.357566833]],
        "icov": [[0.000367405329598, 0.000270376476692, -0.000114116097393, 3.53784525942e-05, -8.80620136741e-05, 4.0561244532e-05, -0.000118381147331, -0.000290010968456, 5.28643613507e-05, -8.62543020048e-05, 0.000144674297189, 0.000501630420331, 0.00010140408267], [0.000270376476692, 0.00227530393749, -0.00033226882806, 0.000917826720979, -0.00111299660057, 0.00172994495369, -0.00165622355416, 0.00126325967722, -0.00196493486874, 0.00302751339041, -0.00297195999883, 0.00292214890942, -0.00135524675716], [-0.000114116097393, -0.00033226882806, 0.00162256183103, -0.000818712171167, 0.000788603094406, -0.00115159049165, 0.00100173056126, -0.0016270672204, 0.000867174123414, -0.000858317594975, 0.000407744169934, -0.00126743991859, 0.00119596824516], [3.53784525942e-05, 0.000917826720979, -0.000818712171167, 0.00449561746791, -0.00206031859852, 0.000488721590955, -0.000898230762687, 0.00213716109283, -0.00244655809365, 0.00307014863938, -0.000222172631766, -0.000903744949028, -0.000370566296624], [-8.80620136741e-05, -0.00111299660057, 0.000788603094406, -0.00206031859852, 0.00530495168641, -0.00173354742583, -4.94322885061e-05, -0.00121373403817, 0.00041764692287, -0.00272254087031, 0.00198290380649, -0.00187157955952, 0.000638922618236], [4.0561244532e-05, 0.00172994495369, -0.00115159049165, 0.000488721590955, -0.00173354742583, 0.00712734041736, -0.00397256575525, 0.00259899301454, -0.00122390082106, 0.00125574786216, -0.00321349129081, 0.00309760286473, -0.00137565727346], [-0.000118381147331, -0.00165622355416, 0.00100173056126, -0.000898230762687, -4.94322885061e-05, -0.00397256575525, 0.00762471091002, -0.00337967812084, 0.0028748952318, -0.00302993669175, 0.000568520103116, -0.00158269633539, 0.00337450811639], [-0.000290010968456, 0.00126325967722, -0.0016270672204, 0.00213716109283, -0.00121373403817, 0.00259899301454, -0.00337967812084, 0.0119441235438, -0.00705285603181, 0.00309617631137, -0.00174079590943, 0.00147235766053, -0.00372303882614], [5.28643613507e-05, -0.00196493486874, 0.000867174123414, -0.00244655809365, 0.00041764692287, -0.00122390082106, 0.0028748952318, -0.00705285603181, 0.0140720270574, -0.0054182629101, 0.00342022627592, 0.000441783078713, -0.000108582680696], [-8.62543020048e-05, 0.00302751339041, -0.000858317594975, 0.00307014863938, -0.00272254087031, 0.00125574786216, -0.00302993669175, 0.00309617631137, -0.0054182629101, 0.0183903314173, -0.00531609822065, -0.00139469164424, -0.00106118852273], [0.000144674297189, -0.00297195999883, 0.000407744169934, -0.000222172631766, 0.00198290380649, -0.00321349129081, 0.000568520103116, -0.00174079590943, 0.00342022627592, -0.00531609822065, 0.0157879274338, -0.00520980078727, -0.00196051108651], [0.000501630420331, 0.00292214890942, -0.00126743991859, -0.000903744949028, -0.00187157955952, 0.00309760286473, -0.00158269633539, 0.00147235766053, 0.000441783078713, -0.00139469164424, -0.00520980078727, 0.0186480823904, -0.00512870308012], [0.00010140408267, -0.00135524675716, 0.00119596824516, -0.000370566296624, 0.000638922618236, -0.00137565727346, 0.00337450811639, -0.00372303882614, -0.000108582680696, -0.00106118852273, -0.00196051108651, -0.00512870308012, 0.0147090367973]]
    },
    "melbands": {
        "max": [0.0373134016991, 0.0412570163608, 0.0332732498646, 0.0106953373179, 0.00814455654472, 0.00875115860254, 0.00498828431591, 0.0094808768481, 0.0132574690506, 0.016543418169, 0.00817279797047, 0.00510169100016, 0.00553287146613, 0.00281007005833, 0.00163111940492, 0.00168747873977, 0.00283540319651, 0.00204925285652, 0.00182786304504, 0.000541064422578, 0.000352308328729, 0.000205911448575, 0.000315564073389, 0.000115882350656, 0.000213365143281, 0.000176132889464, 8.52938828757e-05, 0.000143997720443, 9.54050119617e-05, 0.00016116668121, 0.000100746656244, 6.73690083204e-05, 0.000144535544678, 5.69643925701e-05, 5.80427331442e-05, 0.000137290844577, 0.000210146157769, 0.000157494621817, 0.000186822057003, 0.00018323554832],
        "mean": [0.00517987133935, 0.00461964914575, 0.00125337799545, 0.000369406363461, 0.000581529166084, 0.000423541932832, 0.000101732824987, 0.000176786779775, 0.000557453429792, 0.000390077766497, 0.000178410569788, 0.000144407924381, 0.00010243239376, 8.22161018732e-05, 4.14581409132e-05, 5.31193436473e-05, 4.54974288004e-05, 2.62632565864e-05, 3.44735635736e-05, 1.52390794028e-05, 1.34110114232e-05, 9.80988443189e-06, 8.77544516698e-06, 7.43940472603e-06, 7.19401214155e-06, 5.15921692568e-06, 4.54294331576e-06, 5.37004416401e-06, 5.19818240718e-06, 5.55368342248e-06, 3.65358869203e-06, 3.29213798977e-06, 3.64735478797e-06, 2.92933759738e-06, 2.72225838671e-06, 3.1935626339e-06, 3.55030260835e-06, 3.39067901223e-06, 3.39085045198e-06, 3.25106407217e-06],
        "min": [1.76720192258e-07, 2.04662023862e-06, 1.53489520471e-06, 4.95624703944e-07, 6.75776163916e-07, 1.1500894459e-07, 2.06652430279e-07, 1.48334692085e-07, 4.67195718556e-07, 8.8533363396e-07, 4.63741173462e-07, 4.40370911292e-07, 5.44914769307e-07, 2.69071136927e-07, 3.44166068089e-07, 2.10151370084e-07, 2.45076194005e-07, 1.30663394771e-07, 1.5985921209e-07, 9.05875339186e-08, 1.00993915453e-07, 7.13763412818e-08, 5.95391682623e-08, 4.73919570254e-08, 3.90151555507e-08, 3.29672680266e-08, 2.71933480178e-08, 2.48263454239e-08, 1.41145122257e-08, 7.90891263591e-09, 8.54123349825e-09, 3.88952603458e-09, 2.91910406958e-09, 1.67746239121e-09, 1.35883815311e-09, 9.52316558944e-10, 5.56441837052e-10, 4.62085203434e-10, 2.84195722511e-10, 2.23785712183e-10],
        "stdev": [0.00745422206819, 0.00631474610418, 0.00308577576652, 0.000890181283467, 0.000829607946798, 0.000864681380335, 0.000279661646346, 0.000558383704629, 0.0013215582585, 0.00102540617809, 0.000513141567353, 0.00033377535874, 0.000263815541985, 0.000250656623393, 0.000109566492029, 0.000153500135639, 0.00017588173796, 8.21695866762e-05, 0.000111171146273, 3.67374996131e-05, 3.13684322464e-05, 1.77257788891e-05, 1.6160271116e-05, 1.14187478175e-05, 1.24663774841e-05, 1.09803686428e-05, 7.25718609829e-06, 9.26118445932e-06, 8.70691656019e-06, 1.04088512671e-05, 5.78390972805e-06, 6.34743219052e-06, 9.43103168538e-06, 5.42574753126e-06, 5.08984931002e-06, 7.40395535104e-06, 1.11593908514e-05, 1.09552638605e-05, 1.09943966891e-05, 1.20617623907e-05]
    },
    "melbands128": {
        "max": [0.0138180730864, 0.0433559753001, 0.0609902441502, 0.0864032357931, 0.0452868677676, 0.0312697291374, 0.0449533797801, 0.040444560349, 0.0217651184648, 0.00935899652541, 0.00957079324871, 0.00715873856097, 0.0140052670613, 0.0218179095536, 0.0157574210316, 0.0096985977143, 0.010809824802, 0.00553418882191, 0.012061833404, 0.00770988781005, 0.0182347483933, 0.0268811639398, 0.01961475797, 0.0310020465404, 0.0221355278045, 0.0258705001324, 0.025674207136, 0.00603905227035, 0.0166306998581, 0.00681103998795, 0.00713532511145, 0.00621721055359, 0.00920031964779, 0.0069232028909, 0.00619365368038, 0.00508676376194, 0.00648040883243, 0.00174315576442, 0.00230926997028, 0.0020092590712, 0.00390383740887, 0.00716407317668, 0.00578438304365, 0.00426459824666, 0.00660776952282, 0.000982644152828, 0.0024314278271, 0.00352577818558, 0.00146496249363, 0.000512213620823, 0.00121761893388, 0.000928686640691, 0.000772064726334, 0.000793812680058, 0.000263357185759, 0.000428549887147, 0.000395799463149, 0.000713373126928, 0.000231504207477, 0.000302008353174, 0.000124890866573, 0.000238620908931, 0.000156703783432, 0.000451847532531, 0.000369470333681, 0.000241042609559, 0.000122540135635, 0.000114400369057, 0.000102454912849, 0.000136663060402, 0.000173492982867, 0.000185869881534, 0.000125940932776, 0.000100023280538, 0.000152013322804, 0.000197771485546, 0.000205723248655, 0.000199419286218, 0.000112993118819, 0.00011273916607, 5.91618372709e-05, 5.65481677768e-05, 0.000388355547329, 0.000135422538733, 9.37240038184e-05, 7.28601080482e-05, 7.57869056542e-05, 6.52123926557e-05, 5.92768046772e-05, 5.8881163568e-05, 0.000146361868246, 0.000188780963072, 0.000160574301844, 0.000263085239567, 0.000249334931141, 0.000165720615769, 0.000184846896445, 0.000121743949421, 0.000229995217524, 0.000231772020925, 0.000170256273123, 0.000226875825319, 0.000220367932343, 9.35815478442e-05, 5.4918040405e-05, 5.30340003024e-05, 5.54360412934e-05, 5.20607936778e-05, 8.34212114569e-05, 5.18866836501e-05, 7.30692554498e-05, 5.14699713676e-05, 3.07971095026e-05, 2.54296010098e-05, 2.06254007935e-05, 9.55002178671e-06, 1.12025718408e-05, 1.20521817735e-05, 4.90871661896e-06, 2.92267532132e-06, 1.47651292082e-06, 2.00918998416e-06, 6.89603098181e-07, 4.25696704554e-08, 2.87548845845e-10, 3.10121178737e-10, 3.13694126231e-10, 3.11813908027e-10],
        "mean": [0.000435482157627, 0.00300892069936, 0.00791807845235, 0.00801564753056, 0.00436285417527, 0.0023561285343, 0.00170689600054, 0.000999700976536, 0.000441537267761, 0.000296095589874, 0.000337743607815, 0.000399754906539, 0.000668469176162, 0.000813784543425, 0.000465101649752, 0.000205222619115, 9.50505273067e-05, 7.62055133237e-05, 0.000118547286547, 0.000108021376946, 0.000208107492654, 0.000376142881578, 0.000621569459327, 0.000783530587796, 0.000360642006854, 0.000308007205604, 0.000249624572461, 0.000121453726024, 0.000176073546754, 0.000125446502352, 0.000156186739332, 0.000137595154229, 7.85830197856e-05, 9.08106667339e-05, 0.00011513694335, 6.94309783285e-05, 4.73752697872e-05, 4.39386058133e-05, 3.29719550791e-05, 4.01242432417e-05, 5.73235774937e-05, 7.42435731809e-05, 4.96893590025e-05, 2.92559616355e-05, 2.66343340627e-05, 1.99317200895e-05, 3.15073921229e-05, 5.08782322868e-05, 2.62946941803e-05, 1.47015007315e-05, 1.44275345519e-05, 1.4555665075e-05, 1.68276928889e-05, 1.20616095955e-05, 7.92494392954e-06, 1.09973507278e-05, 9.4880188044e-06, 8.95539051271e-06, 8.36671915749e-06, 8.75848945725e-06, 6.54764926367e-06, 7.19529771231e-06, 8.14306076791e-06, 7.07385561327e-06, 6.16362331129e-06, 5.25993164047e-06, 4.28975408795e-06, 4.48554783361e-06, 4.53788470622e-06, 4.63957849206e-06, 5.57742760066e-06, 5.59962927582e-06, 5.34161154064e-06, 4.74880198453e-06, 5.57557723369e-06, 5.76250613449e-06, 5.92421338297e-06, 4.29777492172e-06, 3.36601056006e-06, 2.87053921966e-06, 2.85015244117e-06, 3.12151814796e-06, 4.95937047162e-06, 3.56389000444e-06, 2.9362170153e-06, 2.7252729069e-06, 3.04079708258e-06, 3.09314032165e-06, 2.51571441368e-06, 2.48634842137e-06, 3.22361120197e-06, 3.21664424519e-06, 3.54969915861e-06, 3.67091251974e-06, 3.5215061871e-06, 3.3024930417e-06, 3.32186345986e-06, 3.63682784155e-06, 3.16688669955e-06, 3.44530053553e-06, 3.48357752955e-06, 3.28114742842e-06, 3.01920022139e-06, 2.10016605706e-06, 1.63404729392e-06, 1.21780135487e-06, 9.72936391008e-07, 8.8545368726e-07, 8.99445694813e-07, 7.65782999679e-07, 7.85790689406e-07, 6.68937218506e-07, 4.79191896829e-07, 4.04126183184e-07, 3.12035410843e-07, 2.3324075471e-07, 1.58707592846e-07, 1.13662103729e-07, 8.66974474434e-08, 4.96297154484e-08, 2.32442101122e-08, 1.49360026569e-08, 6.02707084241e-09, 2.52812659696e-10, 6.68811013516e-12, 6.53855355276e-12, 6.43946831622e-12, 6.39224654111e-12],
        "min": [1.90749549489e-09, 3.88582037658e-08, 1.32683638299e-07, 5.37547009571e-07, 1.36615301471e-06, 9.19734020499e-07, 4.50702060562e-07, 3.87792255196e-07, 5.20155651884e-07, 1.67763289483e-07, 4.58114293167e-08, 1.08373477303e-07, 2.00986477239e-07, 1.63844362078e-07, 5.43895630756e-08, 3.67330308393e-08, 6.21114963906e-08, 6.75231675018e-08, 4.11551681623e-08, 2.73592153377e-08, 8.08910698424e-08, 9.44065732256e-08, 1.36175387411e-07, 3.26732987332e-07, 1.69145664586e-07, 3.42481172311e-07, 1.88501559251e-07, 2.05119420116e-07, 9.77783543021e-08, 2.79738173958e-07, 3.11219139348e-07, 2.49741844982e-07, 1.0963437802e-07, 1.9808368279e-08, 1.02988074957e-07, 3.11593382207e-08, 9.18056173305e-08, 1.24149792669e-07, 1.29283790784e-07, 9.70777591647e-08, 1.052642844e-07, 7.42367092244e-08, 6.89140691179e-08, 9.47262748241e-08, 2.43279814072e-08, 7.55686428988e-08, 1.07946817707e-07, 3.28603526611e-08, 5.14903035764e-08, 4.05698230566e-08, 3.34685594794e-08, 3.92086505485e-08, 2.99407645343e-08, 4.73469015105e-08, 1.62022253392e-08, 2.78088858607e-08, 2.2419872181e-08, 2.68534279257e-08, 4.14496383883e-08, 2.88317689723e-08, 3.58161607039e-08, 2.1140976969e-08, 3.55558071874e-08, 2.10572466131e-08, 1.7186112089e-08, 2.28590106843e-08, 2.62723496292e-08, 1.00727985952e-08, 1.50792249798e-08, 1.51576209362e-08, 1.891880963e-08, 1.62197011377e-08, 2.10136779089e-08, 7.64137908504e-09, 5.87781512351e-09, 4.30474367263e-09, 6.79000367043e-09, 3.97543997721e-09, 3.37640537751e-09, 3.9723455636e-09, 3.21578808027e-09, 4.26865165437e-09, 2.36803332498e-09, 2.68836997108e-09, 1.93203453236e-09, 1.81342196814e-09, 1.49805079452e-09, 9.16298537046e-10, 1.36599265232e-09, 9.73296665485e-10, 9.88711112981e-10, 7.57151230601e-10, 7.05044134186e-10, 3.84812709475e-10, 3.55544621522e-10, 4.69610295095e-10, 3.65730168372e-10, 2.52021403746e-10, 1.33937305691e-10, 2.90480584031e-10, 1.25960630815e-10, 2.32211208595e-10, 1.53159457339e-10, 1.18349441358e-10, 1.4824430572e-10, 1.30385577335e-10, 1.65716385059e-10, 1.02827121817e-10, 6.65520416554e-11, 1.04692809977e-10, 3.45216702446e-11, 2.87603343918e-11, 6.50062434437e-11, 3.10026379569e-11, 3.53562248923e-11, 2.57630132505e-11, 3.93950237015e-12, 1.06559150338e-13, 8.28407709184e-14, 8.53390979844e-14, 9.28839931401e-14, 9.30042379373e-14, 9.55683286414e-14, 7.97913777694e-14, 6.19031600068e-14, 2.78703045343e-14, 3.10546673012e-15, 7.69404429046e-17],
        "stdev": [0.00130048778374, 0.00579456845298, 0.011983986944, 0.0130975879729, 0.0067773568444, 0.00411159498617, 0.00436488585547, 0.00329702114686, 0.00165673228912, 0.000799647299573, 0.000815704581328, 0.000815110222902, 0.0011584777385, 0.00171807932202, 0.00130333320703, 0.000694075832143, 0.000436688307673, 0.000269416574156, 0.000447834725492, 0.000497381435707, 0.000914256321266, 0.00146143487655, 0.00172807346098, 0.00243947748095, 0.00130941311363, 0.00137760664802, 0.00112749263644, 0.00044728431385, 0.000833599478938, 0.00046945453505, 0.000399177399231, 0.000392678572098, 0.000373864080757, 0.000374603172531, 0.00044256093679, 0.000318087288179, 0.000245195697062, 0.000128514802782, 0.000136809569085, 0.000163044780493, 0.000219772337005, 0.000366648513591, 0.000280687585473, 0.00017028208822, 0.000193379120901, 6.54459436191e-05, 0.000138209608849, 0.000216477928916, 9.50717367232e-05, 4.40803487436e-05, 6.14063246758e-05, 4.7507473937e-05, 5.19266613992e-05, 4.74992848467e-05, 2.03266899916e-05, 2.61904697254e-05, 2.29655361181e-05, 2.72971628874e-05, 1.68143997143e-05, 2.14697338379e-05, 1.25546557683e-05, 1.47771870616e-05, 1.57713493536e-05, 1.78561676876e-05, 1.77466845344e-05, 1.42211292768e-05, 8.9016275524e-06, 8.12438429421e-06, 8.67007020133e-06, 8.84266592038e-06, 1.13914402391e-05, 1.12817833724e-05, 1.02016610981e-05, 8.41134715301e-06, 1.13993228297e-05, 1.24164589579e-05, 1.3172166291e-05, 8.54110567161e-06, 5.54938151254e-06, 6.63886385155e-06, 5.08760786033e-06, 6.09936660112e-06, 2.17743381654e-05, 9.09818936634e-06, 5.99669692747e-06, 5.31748128196e-06, 6.22697052677e-06, 6.55426583762e-06, 5.1147699196e-06, 4.75980596093e-06, 7.78359208198e-06, 8.38797404867e-06, 8.64634967002e-06, 1.23688823805e-05, 1.36361122713e-05, 1.14079648483e-05, 1.19677642942e-05, 1.13075748231e-05, 1.06872084871e-05, 1.31098486236e-05, 1.30826156237e-05, 1.35012160172e-05, 1.15429829748e-05, 7.19924810255e-06, 4.71654630019e-06, 3.72523118131e-06, 3.13045666189e-06, 2.74612216344e-06, 3.6822873426e-06, 2.76517107523e-06, 3.35249683303e-06, 2.30721548178e-06, 1.50878247496e-06, 1.32373077122e-06, 1.01602824998e-06, 6.69676182952e-07, 5.38423989838e-07, 5.04377794641e-07, 2.88702921125e-07, 1.7619817072e-07, 8.88344047212e-08, 8.16319598584e-08, 3.44797221885e-08, 2.07759520698e-09, 1.32410037795e-11, 1.3459023826e-11, 1.34275472685e-11, 1.33428554663e-11]
    },
    "mfcc": {
        "mean": [-644.993591309, 112.587791443, 22.491558075, 16.6528568268, 6.70520591736, 9.26040172577, 11.547999382, 9.71604633331, 8.49660301208, 7.62591743469, -2.34108281136, 2.73826694489, -4.46091794968],
        "cov": [[3520.44677734, -874.896179199, 193.641937256, 62.0906791687, 74.4264144897, 108.110862732, 47.1767234802, 32.7579040527, 109.827201843, 71.0698242188, 73.8565216064, -16.3285503387, -76.6954345703], [-874.896179199, 1261.45153809, -238.956604004, -85.5148162842, -51.0507965088, -233.765274048, 26.7813987732, -18.9646091461, -5.04270410538, 34.9697113037, -50.7642631531, 118.136741638, -68.2228240967], [193.641937256, -238.956604004, 856.323059082, 7.62811517715, 63.2418861389, 8.11336612701, 12.8234434128, 37.2597007751, 18.4261054993, -39.8751678467, 42.1518173218, 11.9337615967, 63.9223670959], [62.0906791687, -85.5148162842, 7.62811517715, 313.228912354, 90.3096008301, 48.3440132141, -27.5004749298, 53.3789176941, 34.8186035156, 1.54332745075, -3.38080143929, -12.4425086975, 46.7919921875], [74.4264144897, -51.0507965088, 63.2418861389, 90.3096008301, 236.767501831, 18.9752140045, -28.8939304352, 20.2853813171, 52.8379173279, 10.5966377258, -2.93687558174, 11.6871032715, 19.9972286224], [108.110862732, -233.765274048, 8.11336612701, 48.3440132141, 18.9752140045, 372.053955078, 148.781646729, 69.0413589478, -25.6086387634, 21.9371166229, 70.0160751343, -60.2551231384, 30.9931507111], [47.1767234802, 26.7813987732, 12.8234434128, -27.5004749298, -28.8939304352, 148.781646729, 241.139511108, 58.7486038208, -11.3803853989, 20.8380088806, 44.0308456421, 11.1608409882, 5.42854118347], [32.7579040527, -18.9646091461, 37.2597007751, 53.3789176941, 20.2853813171, 69.0413589478, 58.7486038208, 122.50717926, 37.3431854248, 25.6648235321, 25.6569061279, 2.59339308739, 26.3111782074], [109.827201843, -5.04270410538, 18.4261054993, 34.8186035156, 52.8379173279, -25.6086387634, -11.3803853989, 37.3431854248, 126.310623169, 43.5671920776, 6.95466661453, 19.2029628754, -4.47297143936], [71.0698242188, 34.9697113037, -39.8751678467, 1.54332745075, 10.5966377258, 21.9371166229, 20.8380088806, 25.6648235321, 43.5671920776, 92.7981338501, 31.3720760345, 8.45133113861, -13.6697893143], [73.8565216064, -50.7642631531, 42.1518173218, -3.38080143929, -2.93687558174, 70.0160751343, 44.0308456421, 25.6569061279, 6.95466661453, 31.3720760345, 86.8412704468, 11.1833362579, 6.66955566406], [-16.3285503387, 118.136741638, 11.9337615967, -12.4425086975, 11.6871032715, -60.2551231384, 11.1608409882, 2.59339308739, 19.2029628754, 8.45133113861, 11.1833362579, 89.3927154541, 5.33851671219], [-76.6954345703, -68.2228240967, 63.9223670959, 46.7919921875, 19.9972286224, 30.9931507111, 5.42854118347, 26.3111782074, -4.47297143936, -13.6697893143, 6.66955566406, 5.33851671219, 91.3064727783]],
        "icov": [[0.000395847629989, 0.000347290828358, -3.77092583221e-05, -9.28492081584e-05, -3.14458302455e-05, 9.68960521277e-05, -0.000169401653693, -1.01992577584e-06, -0.000130957429064, -0.000241150220972, -2.54695169133e-05, -0.00028723757714, 0.000626474095043], [0.000347290828358, 0.00146381999366, 0.000211641076021, -4.20753021899e-05, -1.73081098183e-05, 0.000767887220718, -0.000616092060227, -0.000345312262652, 0.000447634985903, -0.000794572581071, 0.000606764690019, -0.00145995919593, 0.00108214071952], [-3.77092583221e-05, 0.000211641076021, 0.00142668327317, 0.000243003785727, -0.000390253087971, 0.000419913587393, -0.000185363562196, -0.000359084951924, -0.00020365868113, 0.000949768931605, -0.000954299292061, 4.19399693783e-05, -0.000739971699659], [-9.28492081584e-05, -4.20753021899e-05, 0.000243003785727, 0.00428426777944, -0.00117397611029, -0.000509991252329, 0.000933664210606, -0.00156096252613, -0.000492462946568, 0.000394908362068, 0.000429102103226, 0.000455686182249, -0.00167357944883], [-3.14458302455e-05, -1.73081098183e-05, -0.000390253087971, -0.00117397611029, 0.00549259176478, -0.00107625999954, 0.000922763720155, 0.000390505563701, -0.00194809027016, -0.000162551252288, 0.00104036380071, -0.00134344410617, -0.000286730821244], [9.68960521277e-05, 0.000767887220718, 0.000419913587393, -0.000509991252329, -0.00107625999954, 0.0062276404351, -0.00332355033606, -0.00115099409595, 0.00153435382526, -0.000532880018, -0.00325849233195, 0.00383390020579, -0.000717159069609], [-0.000169401653693, -0.000616092060227, -0.000185363562196, 0.000933664210606, 0.000922763720155, -0.00332355033606, 0.00724524725229, -0.00233412743546, 0.00054924498545, 3.16094883601e-05, -0.000141449607327, -0.00238684448414, 0.000398094096454], [-1.01992577584e-06, -0.000345312262652, -0.000359084951924, -0.00156096252613, 0.000390505563701, -0.00115099409595, -0.00233412743546, 0.0127187892795, -0.0036025303416, -0.0012443192536, -0.000840423221234, 0.000543977192137, -0.00276186550036], [-0.000130957429064, 0.000447634985903, -0.00020365868113, -0.000492462946568, -0.00194809027016, 0.00153435382526, 0.00054924498545, -0.0036025303416, 0.0125266760588, -0.00525386957452, 0.000946188403759, -0.00172756961547, 0.00138969440013], [-0.000241150220972, -0.000794572581071, 0.000949768931605, 0.000394908362068, -0.000162551252288, -0.000532880018, 3.16094883601e-05, -0.0012443192536, -0.00525386957452, 0.0167110841721, -0.00576686067507, 0.000807322852779, 0.00152815086767], [-2.54695169133e-05, 0.000606764690019, -0.000954299292061, 0.000429102103226, 0.00104036380071, -0.00325849233195, -0.000141449607327, -0.000840423221234, 0.000946188403759, -0.00576686067507, 0.017970489338, -0.00482561439276, 0.000161414776812], [-0.00028723757714, -0.00145995919593, 4.19399693783e-05, 0.000455686182249, -0.00134344410617, 0.00383390020579, -0.00238684448414, 0.000543977192137, -0.00172756961547, 0.000807322852779, -0.00482561439276, 0.0172552671283, -0.00323717528954], [0.000626474095043, 0.00108214071952, -0.000739971699659, -0.00167357944883, -0.000286730821244, -0.000717159069609, 0.000398094096454, -0.00276186550036, 0.00138969440013, 0.00152815086767, 0.000161414776812, -0.00323717528954, 0.0152153912932]]
    },
    "spectral_contrast_coeffs": {
        "max": [-0.459914028645, -0.41225284338, -0.394297271967, -0.539521217346, -0.632099986076, -0.632167994976],
        "mean": [-0.706471502781, -0.719636440277, -0.745624661446, -0.793238162994, -0.808800399303, -0.790715575218],
        "min": [-0.926110267639, -0.91739398241, -0.929329514503, -0.906544864178, -0.890840888023, -0.881715834141],
        "stdev": [0.0710433423519, 0.0976789295673, 0.0849411785603, 0.0679621770978, 0.0402881130576, 0.0351030342281]
    },
    "spectral_contrast_valleys": {
        "max": [-4.88081073761, -4.75495767593, -5.20581674576, -5.82633686066, -5.62914943695, -7.39720916748],
        "mean": [-6.56735754013, -7.0979924202, -7.47422122955, -7.8476805687, -7.69945383072, -9.75121307373],
        "min": [-9.47305297852, -9.05877113342, -8.81868743896, -9.24943637848, -9.54447364807, -13.1473064423],
        "stdev": [0.683299064636, 0.639205813408, 0.533282935619, 0.589847326279, 0.66939419508, 0.975713074207]
    }
},
"rhythm": {
    "beats_count": 69,
    "beats_loudness": {
        "max": 0.157259181142,
        "mean": 0.0743240490556,
        "min": 0.000804483948741,
        "stdev": 0.0325148552656
    },
    "bpm": 128.372695923,
    "bpm_histogram_first_peak_bpm": 129,
    "bpm_histogram_first_peak_weight": 0.26229506731,
    "bpm_histogram_second_peak_bpm": 123,
    "bpm_histogram_second_peak_spread": 0,
    "bpm_histogram_second_peak_weight": 0.0588235296309,
    "danceability": 1.57619380951,
    "onset_rate": 4.86035108566,
    "beats_loudness_band_ratio": {
        "max": [0.976166963577, 0.390547215939, 0.550175249577, 0.561080634594, 0.198554500937, 0.168394520879],
        "mean": [0.68160790205, 0.0740569829941, 0.116542771459, 0.0719517245889, 0.0298486202955, 0.0320066437125],
        "min": [0.0472534410655, 0.00749213015661, 0.00143386854324, 0.00117579137441, 0.000700369593687, 0.00224607763812],
        "stdev": [0.204609513283, 0.0821267291903, 0.142229840159, 0.102006986737, 0.0374860092998, 0.037867564708]
    },
    "beats_position": [0.452789098024, 0.882358253002, 1.3235373497, 1.764716506, 2.24072551727, 2.71673464775, 3.1811337471, 3.64553284645, 4.1099319458, 4.57433080673, 5.05034017563, 5.52634906769, 5.99074840546, 6.45514726639, 6.91954612732, 7.38394546509, 7.84834432602, 8.32435321808, 8.80036258698, 9.26476192474, 9.72916126251, 10.2051696777, 10.6811790466, 11.1455783844, 11.6099767685, 12.0743761063, 12.5503854752, 13.0263938904, 13.4907932281, 13.9551925659, 14.4195919037, 14.8956003189, 15.3716096878, 15.8360090256, 16.3004074097, 16.7648067474, 17.2292060852, 17.7168254852, 18.181224823, 18.6456241608, 19.1100215912, 19.574420929, 20.0504302979, 20.5264396667, 20.9908390045, 21.4552383423, 21.9196376801, 22.3956451416, 22.8716545105, 23.3360538483, 23.800453186, 24.2648525238, 24.7292518616, 25.1936511993, 25.6580486298, 26.1456680298, 26.6100673676, 27.0744667053, 27.5388660431, 28.0032653809, 28.4908847809, 28.9552822113, 29.4196815491, 29.8840808868, 30.3484802246, 30.8360996246, 31.3004989624, 31.7648983002, 32.2292976379],
