{
"metadata": {
    "version": {
        "essentia": "2.1-beta5",
        "essentia_git_sha": "Undefined",
        "extractor": "music 2.0"
    },
    "audio_properties": {
        "analysis": {
            "equal_loudness": 0,
            "length": 12.7477550507,
            "sample_rate": 44100,
            "start_time": 0,
            "downmix": "mix"
        },
        "bit_rate": 192000,
        "length": 176.448974609,
        "lossless": 0,
        "number_channels": 2,
        "replay_gain": 2.44457817078,
        "sample_rate": 48000,
        "codec": "mp3",
        "md5_encoded": "614037264eb8ce01720c0d6bdffe98fb"
    },
    "tags": {
        "file_name": "Switzerland_The Highest Heights_Lovebugs.mp3",
        "encoding": ["Lavf58.29.100"]
    }
},
"lowlevel": {
    "average_loudness": 0.948164761066,
    "barkbands_crest": {
        "max": 21.3926181793,
        "mean": 9.61853313446,
        "min": 3.63189911842,
        "stdev": 3.64793968201
    },
    "barkbands_flatness_db": {
        "max": 0.328278958797,
        "mean": 0.166320562363,
        "min": 0.0368152335286,
        "stdev": 0.0488630197942
    },
    "barkbands_kurtosis": {
        "max": 28.9976425171,
        "mean": 2.15426707268,
        "min": -1.67594242096,
        "stdev": 4.30706930161
    },
    "barkbands_skewness": {
        "max": 5.13897371292,
        "mean": 1.00846612453,
        "min": -4.49192047119,
        "stdev": 1.11569499969
    },
    "barkbands_spread": {
        "max": 49.0948753357,
        "mean": 15.4064788818,
        "min": 2.46608805656,
        "stdev": 8.05422115326
    },
    "dissonance": {
        "max": 0.499912977219,
        "mean": 0.467778265476,
        "min": 0.256121754646,
        "stdev": 0.0326558016241
    },
    "dynamic_complexity": 7.07587432861,
    "erbbands_crest": {
        "max": 23.8129386902,
        "mean": 9.89232063293,
        "min": 2.71855807304,
        "stdev": 4.32061433792
    },
    "erbbands_flatness_db": {
        "max": 0.360940665007,
        "mean": 0.236013352871,
        "min": 0.0879217162728,
        "stdev": 0.0615704134107
    },
    "erbbands_kurtosis": {
        "max": 19.2988491058,
        "mean": 0.605375945568,
        "min": -1.72097849846,
        "stdev": 2.52536821365
    },
    "erbbands_skewness": {
        "max": 2.90562796593,
        "mean": 0.397171229124,
        "min": -3.87974405289,
        "stdev": 0.898146808147
    },
    "erbbands_spread": {
        "max": 86.5585174561,
        "mean": 26.1018428802,
        "min": 5.69844150543,
        "stdev": 13.5745439529
    },
    "hfc": {
        "max": 120.009552002,
        "mean": 8.92692661285,
        "min": 1.22005033631e-07,
        "stdev": 16.8948459625
    },
    "loudness_ebu128": {
        "integrated": -28.8086204529,
        "loudness_range": 7.4350566864,
        "momentary": {
            "max": -22.8311576843,
            "mean": -33.5402107239,
            "min": -48.2248382568,
            "stdev": 6.85717868805
        },
        "short_term": {
            "max": -27.5024261475,
            "mean": -30.8129653931,
            "min": -39.0893707275,
            "stdev": 2.92070865631
        }
    },
    "melbands_crest": {
        "max": 30.4211521149,
        "mean": 12.7254743576,
        "min": 3.67767858505,
        "stdev": 4.92130327225
    },
    "melbands_flatness_db": {
        "max": 0.392237246037,
        "mean": 0.178746208549,
        "min": 0.0195102579892,
        "stdev": 0.0579028613865
    },
    "melbands_kurtosis": {
        "max": 85.1179885864,
        "mean": 5.81414794922,
        "min": -1.84690368176,
        "stdev": 9.04781627655
    },
    "melbands_skewness": {
        "max": 8.16124343872,
        "mean": 1.66285610199,
        "min": -2.04402041435,
        "stdev": 1.21271121502
    },
    "melbands_spread": {
        "max": 189.915649414,
        "mean": 25.0598831177,
        "min": 3.33268451691,
        "stdev": 22.4219074249
    },
    "pitch_salience": {
        "max": 0.891338229179,
        "mean": 0.619878590107,
        "min": 0.139466688037,
        "stdev": 0.125280708075
    },
    "silence_rate_20dB": {
        "max": 1,
        "mean": 1,
        "min": 1,
        "stdev": 0
    },
    "silence_rate_30dB": {
        "max": 1,
        "mean": 1,
        "min": 1,
        "stdev": 0
    },
    "silence_rate_60dB": {
        "max": 1,
        "mean": 0.501818180084,
        "min": 0,
        "stdev": 0.49999627471
    },
    "spectral_centroid": {
        "max": 5648.59863281,
        "mean": 1650.41320801,
        "min": 441.488128662,
        "stdev": 786.983093262
    },
    "spectral_complexity": {
        "max": 38,
        "mean": 8.96181774139,
        "min": 0,
        "stdev": 8.71552467346
    },
    "spectral_decrease": {
        "max": -1.37289378974e-18,
        "mean": -2.5016855254e-09,
        "min": -2.72342095542e-08,
        "stdev": 4.64254146237e-09
    },
    "spectral_energy": {
        "max": 0.104725025594,
        "mean": 0.010251625441,
        "min": 1.62478364096e-11,
        "stdev": 0.0187981054187
    },
    "spectral_energyband_high": {
        "max": 0.00432104989886,
        "mean": 0.0001585996215,
        "min": 1.01418881973e-11,
        "stdev": 0.000385130260838
    },
    "spectral_energyband_low": {
        "max": 0.0915037840605,
        "mean": 0.00172145979013,
        "min": 2.5933194394e-13,
        "stdev": 0.00773329474032
    },
    "spectral_energyband_middle_high": {
        "max": 0.057661626488,
        "mean": 0.0029721215833,
        "min": 3.88810251356e-12,
        "stdev": 0.00691371131688
    },
    "spectral_energyband_middle_low": {
        "max": 0.0799266919494,
        "mean": 0.00597989559174,
        "min": 1.96204207395e-12,
        "stdev": 0.0118543291464
    },
    "spectral_entropy": {
        "max": 8.80107021332,
        "mean": 7.52007102966,
        "min": 5.87398147583,
        "stdev": 0.397179275751
    },
    "spectral_flux": {
        "max": 0.302248716354,
        "mean": 0.0491090267897,
        "min": 4.03086050937e-06,
        "stdev": 0.0588856823742
    },
    "spectral_kurtosis": {
        "max": 34.6828155518,
        "mean": 5.84159708023,
        "min": -0.857549905777,
        "stdev": 4.78334951401
    },
    "spectral_rms": {
        "max": 0.010107954964,
        "mean": 0.00227300263941,
        "min": 1.25902928971e-07,
        "stdev": 0.00219887471758
    },
    "spectral_rolloff": {
        "max": 14793.3105469,
        "mean": 2040.76269531,
        "min": 107.666015625,
        "stdev": 1457.34350586
    },
    "spectral_skewness": {
        "max": 3.98963737488,
        "mean": 1.48759150505,
        "min": -0.409472823143,
        "stdev": 0.604350328445
    },
    "spectral_spread": {
        "max": 11661275,
        "mean": 3332700.75,
        "min": 1142375.125,
        "stdev": 1078081.875
    },
    "spectral_strongpeak": {
        "max": 6.73444032669,
        "mean": 0.745200037956,
        "min": 2.93627431347e-06,
        "stdev": 0.910668373108
    },
    "zerocrossingrate": {
        "max": 0.3095703125,
        "mean": 0.069892577827,
        "min": 0.0166015625,
        "stdev": 0.0434479080141
    },
    "barkbands": {
        "max": [0.000323318003211, 0.0414277613163, 0.0505719743669, 0.0347883924842, 0.0412227101624, 0.0223940778524, 0.0423741899431, 0.0399275533855, 0.0640442669392, 0.018472166732, 0.0231907069683, 0.0182220935822, 0.00855641346425, 0.0118888346478, 0.00472625764087, 0.00231340690516, 0.0170105062425, 0.0064512998797, 0.0114915110171, 0.00103203160688, 0.00134513981175, 0.00162328197621, 0.00170998903923, 0.000798003806267, 0.000132818255224, 9.1158079158e-05, 2.96829944091e-06],
        "mean": [5.60775970371e-06, 0.000686488987412, 0.00052592420252, 0.000974864000455, 0.000908412330318, 0.00105804356281, 0.000523702066857, 0.000821778085083, 0.00149248889647, 0.000455035828054, 0.000535217521247, 0.00034084264189, 0.000255918392213, 0.000245984876528, 0.000126575236209, 0.000205024451134, 0.000475184526294, 0.000191057915799, 0.000240373396082, 4.61479430669e-05, 4.4966560381e-05, 3.64871630154e-05, 3.43462234014e-05, 1.26279855976e-05, 6.03171201874e-06, 2.49850859291e-06, 6.057255586e-09],
        "min": [2.39148653138e-13, 4.15804340286e-14, 5.86107090595e-14, 9.04139163169e-14, 5.46888990799e-14, 3.45099599938e-13, 4.85752443043e-13, 1.5783439822e-13, 5.13215013022e-13, 8.45813653491e-13, 4.20085651378e-13, 9.66197065931e-14, 1.99755305613e-13, 2.33301686347e-13, 1.62093591587e-13, 2.58973913278e-13, 3.17500718642e-13, 6.23194258784e-13, 5.43604278345e-13, 5.85245393814e-13, 6.95598797746e-13, 8.34113160486e-13, 1.19900151006e-12, 1.42753745023e-12, 1.59552037381e-12, 2.35211069372e-12, 1.8336777409e-12],
        "stdev": [2.3246573619e-05, 0.00433082552627, 0.00326699903235, 0.00325396284461, 0.00305827870034, 0.00207466282882, 0.00273322756402, 0.0033598348964, 0.00542288180441, 0.00174828479066, 0.00150303018745, 0.00143957324326, 0.000810786557849, 0.00109111401252, 0.000318626931403, 0.000309971044771, 0.00143214501441, 0.000671331828926, 0.000869371870067, 8.84393230081e-05, 8.78184509929e-05, 0.000133991081384, 0.000148449616972, 4.7532026656e-05, 1.3604761989e-05, 7.71153554524e-06, 1.264291285e-07]
    },
    "erbbands": {
        "max": [0.637272417545, 11.7907972336, 56.9638671875, 62.8104972839, 111.836250305, 144.526077271, 94.7872619629, 214.011779785, 214.047943115, 750.575622559, 1116.93518066, 1347.00097656, 1283.58886719, 1313.49755859, 616.972106934, 484.429138184, 426.195495605, 450.780700684, 470.636962891, 102.44103241, 278.830993652, 1002.89550781, 385.016693115, 349.786712646, 642.916381836, 69.6460952759, 68.9968261719, 30.8341522217, 54.8254623413, 57.7093467712, 44.2136573792, 31.396566391, 6.78388834, 1.45192229748, 0.910826981068, 0.839547276497, 0.0432849563658, 0.00187264103442, 0.000425032922067, 0.000122829194879],
        "mean": [0.0102485045791, 0.188201531768, 0.61981266737, 2.09330105782, 2.80506157875, 3.18991422653, 4.84345674515, 10.7068347931, 4.96403741837, 14.7838201523, 20.4055938721, 33.1697425842, 23.0569076538, 15.8966321945, 23.0249176025, 13.2147159576, 12.5469799042, 12.7653112411, 10.3580598831, 6.9842209816, 11.5581007004, 27.2004241943, 13.387717247, 11.3799381256, 9.78157711029, 2.51968646049, 1.86809432507, 1.63185989857, 1.36184346676, 1.23902118206, 0.872256577015, 0.392707794905, 0.164983227849, 0.0719897076488, 0.0417026057839, 0.0232501234859, 0.0011712362757, 3.46647539118e-05, 8.60932686919e-06, 1.26944632939e-05],
        "min": [3.18363282785e-12, 4.89984918958e-12, 4.18590197226e-11, 2.46106524049e-10, 1.0274360529e-10, 1.62955746119e-10, 7.94696974893e-10, 4.01188859911e-09, 7.0247185846e-09, 6.46699893636e-09, 2.7365434363e-09, 9.92422677371e-09, 2.58814427667e-08, 2.3532088278e-08, 1.17994494175e-08, 5.25601828727e-09, 7.93945265087e-09, 1.07336619593e-08, 1.08428208634e-08, 1.03797193063e-08, 1.58132102968e-08, 1.70790723786e-08, 3.43360575528e-08, 2.2973653202e-08, 3.28381162262e-08, 2.53670915384e-08, 2.31381900306e-08, 3.3169825997e-08, 3.57129152917e-08, 2.33017107831e-08, 3.61661953718e-08, 2.72052957939e-08, 2.49293474752e-08, 1.57407171741e-08, 1.21168071132e-08, 8.26234192175e-09, 4.20513757149e-09, 1.55827095671e-09, 3.17858489529e-10, 2.05829155803e-11],
        "stdev": [0.0572776757181, 1.21623814106, 3.96511483192, 6.39493227005, 11.5700311661, 9.71686649323, 8.92881298065, 21.2442150116, 15.6627321243, 62.3105125427, 93.8917236328, 118.572784424, 96.9830627441, 89.0526046753, 46.0444297791, 49.6359939575, 38.2621192932, 43.0311203003, 37.1619529724, 11.1894235611, 22.7538356781, 85.8297271729, 38.3333778381, 37.7979927063, 41.1796722412, 5.36647701263, 4.08937740326, 3.07023453712, 4.66521024704, 4.99447059631, 3.94654607773, 1.84474003315, 0.469715386629, 0.156520739198, 0.101498685777, 0.0699535310268, 0.0034794176463, 0.000114362235763, 2.13572257053e-05, 2.22667658818e-05]
    },
    "gfcc": {
        "mean": [-147.701248169, 85.1803894043, -186.834579468, 9.03684139252, -79.8515396118, 1.27054977417, -39.8830108643, 3.10345292091, -26.0885238647, -12.2050714493, -17.0585746765, -9.91652584076, -4.17541980743],
        "cov": [[13957.2392578, 2354.53295898, 2087.02319336, 1832.02563477, 803.660644531, -905.620361328, -710.173461914, -143.052612305, -338.229553223, 64.6593322754, 273.977478027, 466.783294678, -81.9629821777], [2354.53295898, 1928.08154297, 323.576629639, 173.088500977, 590.407287598, -639.136413574, 47.3597717285, -33.8727111816, 40.7602386475, -238.110122681, 236.135818481, -11.1303596497, -99.2266540527], [2087.02319336, 323.576629639, 1215.51257324, 661.411315918, 32.0811500549, 97.1728744507, -218.744171143, -32.6367454529, -139.855224609, 115.548629761, 3.35325622559, 178.30809021, 34.4926948547], [1832.02563477, 173.088500977, 661.411315918, 710.507873535, 48.7779693604, 9.80285739899, -82.5925445557, -90.9986038208, -48.3768119812, 55.9090385437, 5.53150367737, 59.4826698303, 9.03659534454], [803.660644531, 590.407287598, 32.0811500549, 48.7779693604, 425.096221924, -151.537094116, -18.1729774475, 72.6351699829, -26.8488235474, -7.49537229538, 24.6595478058, 30.3916893005, 1.79351007938], [-905.620361328, -639.136413574, 97.1728744507, 9.80285739899, -151.537094116, 509.737091064, 4.88125419617, 16.41614151, -37.6683769226, 90.0871200562, -140.276443481, 5.12378454208, 44.6760368347], [-710.173461914, 47.3597717285, -218.744171143, -82.5925445557, -18.1729774475, 4.88125419617, 265.557006836, -2.48797631264, 92.1863708496, -99.647857666, 40.3891792297, -91.2476196289, -43.8009300232], [-143.052612305, -33.8727111816, -32.6367454529, -90.9986038208, 72.6351699829, 16.41614151, -2.48797631264, 132.340957642, -12.987991333, 69.6504058838, -15.2066307068, 22.4292259216, 20.2710819244], [-338.229553223, 40.7602386475, -139.855224609, -48.3768119812, -26.8488235474, -37.6683769226, 92.1863708496, -12.987991333, 170.832641602, -67.8525009155, 43.1554374695, -79.4125366211, -40.6993103027], [64.6593322754, -238.110122681, 115.548629761, 55.9090385437, -7.49537229538, 90.0871200562, -99.647857666, 69.6504058838, -67.8525009155, 214.792449951, -41.639415741, 61.9307060242, 61.3964805603], [273.977478027, 236.135818481, 3.35325622559, 5.53150367737, 24.6595478058, -140.276443481, 40.3891792297, -15.2066307068, 43.1554374695, -41.639415741, 122.527633667, 6.39646053314, -33.4520721436], [466.783294678, -11.1303596497, 178.30809021, 59.4826698303, 30.3916893005, 5.12378454208, -91.2476196289, 22.4292259216, -79.4125366211, 61.9307060242, 6.39646053314, 175.854095459, 68.2579574585], [-81.9629821777, -99.2266540527, 34.4926948547, 9.03659534454, 1.79351007938, 44.6760368347, -43.8009300232, 20.2710819244, -40.6993103027, 61.3964805603, -33.4520721436, 68.2579574585, 94.2650222778]],
        "icov": [[0.000190895108972, -0.00018667463155, 0.000102695637906, -0.000499536516145, 6.39239806333e-05, 7.84769654274e-05, 0.000399903568905, -0.000218605244299, 0.000117050061817, 4.7282945161e-05, -8.81922733242e-06, -0.000374404538888, 0.000461929943413], [-0.00018667463155, 0.00343984435312, -0.00230061961338, 0.00187413336243, -0.00401888275519, 0.00244453246705, -0.00136398244649, 0.00209309929051, -1.58353657298e-06, 0.00153490563389, -0.00181974133011, 0.00203883065842, -0.00116774335038], [0.000102695637906, -0.00230061961338, 0.00397643400356, -0.00341763766482, 0.00298696360551, -0.00244721979834, 0.00218195863999, -0.00272930250503, 0.000703790981788, -0.00031869817758, -3.74605078832e-05, -0.00240246858448, 0.00148176099174], [-0.000499536516145, 0.00187413336243, -0.00341763766482, 0.00579856848344, -0.00274937273934, 0.0014317787718, -0.00263211061247, 0.00490613095462, -0.000970416120254, -0.00132109236438, 0.000370683090296, 0.00200592610054, -0.00155070365872], [6.39239806333e-05, -0.00401888275519, 0.00298696360551, -0.00274937273934, 0.00819564145058, -0.00210101879202, 0.00158781954087, -0.00539263524115, 0.000607073015999, -0.000671213667374, 0.00232707546093, -0.00229834555648, 0.00092237687204], [7.84769654274e-05, 0.00244453246705, -0.00244721979834, 0.0014317787718, -0.00210101879202, 0.00583344278857, -0.00229165027849, 0.00181948998943, -0.000343454623362, -0.000160661729751, 0.0032206599135, 0.000523451250046, -6.09435701335e-05], [0.000399903568905, -0.00136398244649, 0.00218195863999, -0.00263211061247, 0.00158781954087, -0.00229165027849, 0.0082109067589, -0.00370817026123, -0.000402584002586, 0.00283519015647, -0.00319711910561, 0.000904886692297, 0.000224198112846], [-0.000218605244299, 0.00209309929051, -0.00272930250503, 0.00490613095462, -0.00539263524115, 0.00181948998943, -0.00370817026123, 0.0161571633071, -0.00160097389016, -0.00555579084903, 0.00142260384746, -0.000152737979079, 0.000127107065055], [0.000117050061817, -1.58353657298e-06, 0.000703790981788, -0.000970416120254, 0.000607073015999, -0.000343454623362, -0.000402584002586, -0.00160097389016, 0.00958874262869, 0.00182855350431, -0.00388497696258, 0.0032373087015, -0.000529767887201], [4.7282945161e-05, 0.00153490563389, -0.00031869817758, -0.00132109236438, -0.000671213667374, -0.000160661729751, 0.00283519015647, -0.00555579084903, 0.00182855350431, 0.0106649519876, -0.00285118143074, 0.00174009718467, -0.0039274985902], [-8.81922733242e-06, -0.00181974133011, -3.74605078832e-05, 0.000370683090296, 0.00232707546093, 0.0032206599135, -0.00319711910561, 0.00142260384746, -0.00388497696258, -0.00285118143074, 0.0184723045677, -0.00624803593382, 0.00595204718411], [-0.000374404538888, 0.00203883065842, -0.00240246858448, 0.00200592610054, -0.00229834555648, 0.000523451250046, 0.000904886692297, -0.000152737979079, 0.0032373087015, 0.00174009718467, -0.00624803593382, 0.0141908712685, -0.00947225093842], [0.000461929943413, -0.00116774335038, 0.00148176099174, -0.00155070365872, 0.00092237687204, -6.09435701335e-05, 0.000224198112846, 0.000127107065055, -0.000529767887201, -0.0039274985902, 0.00595204718411, -0.00947225093842, 0.0207759253681]]
    },
    "melbands": {
        "max": [0.00897225923836, 0.02421098575, 0.0110914763063, 0.00990193802863, 0.0026049730368, 0.00453098258004, 0.00523395184427, 0.00668907212093, 0.00946147367358, 0.0103137632832, 0.00617504259571, 0.00507368007675, 0.00159576628357, 0.00192204932682, 0.00142097950447, 0.00113539909944, 0.001009218744, 0.00102059531491, 0.000195655375137, 0.000141230251756, 0.000402127567213, 0.00111032673158, 0.000531511614099, 0.000297539285384, 0.000331977964379, 0.000496645574458, 0.000274832884315, 3.84438426408e-05, 4.33034765592e-05, 3.11769144901e-05, 1.92535335373e-05, 2.71967237495e-05, 3.85967105103e-05, 3.54005060217e-05, 2.42900350713e-05, 2.86058166239e-05, 1.62537799042e-05, 5.04562649439e-06, 1.87234104487e-06, 1.34175809308e-06],
        "mean": [0.000145495141624, 0.000316089397529, 0.000384616694646, 0.000200433147256, 0.000177758076461, 0.00022140017245, 8.52249359014e-05, 0.000162012845976, 0.000176974834176, 0.000217683904339, 0.000109177723061, 5.92316064285e-05, 6.84617189108e-05, 4.60727969767e-05, 3.27506568283e-05, 2.63298625214e-05, 2.3167252948e-05, 1.78653244802e-05, 7.23272751202e-06, 1.47072969412e-05, 1.22289384308e-05, 2.89314775728e-05, 1.99565583898e-05, 8.30367116578e-06, 9.17575471249e-06, 9.15711734706e-06, 3.32915010404e-06, 1.31555623284e-06, 1.06973141101e-06, 1.19168373658e-06, 8.72602583968e-07, 7.30452995867e-07, 7.44786575524e-07, 6.91944819664e-07, 5.28322345872e-07, 3.7682036691e-07, 1.86647525879e-07, 1.20617059451e-07, 7.84039215773e-08, 5.46158958059e-08],
        "min": [3.20528481957e-14, 1.97072040761e-14, 3.62397693235e-14, 6.67398858482e-15, 2.49915156793e-14, 8.55112218556e-14, 1.05366839657e-13, 6.30978694858e-14, 2.388209903e-14, 7.11145619931e-14, 1.31153659981e-13, 9.68691001978e-14, 4.8386682573e-14, 1.11577498678e-14, 2.08777493991e-14, 1.66361133311e-14, 1.99883631104e-14, 1.80755221581e-14, 1.5777850421e-14, 1.49830980413e-14, 1.81603948595e-14, 1.60181062343e-14, 2.5915069583e-14, 3.18007915194e-14, 1.55308962712e-14, 2.73021792078e-14, 2.0863941068e-14, 1.57162914546e-14, 1.29614709536e-14, 1.90545550258e-14, 1.90771504767e-14, 2.23173818428e-14, 1.18296435066e-14, 1.4425414937e-14, 2.19128050259e-14, 1.6720203374e-14, 1.79336881852e-14, 2.28832642261e-14, 7.99604692626e-15, 1.55025155853e-14],
        "stdev": [0.000873761833645, 0.00185737526044, 0.00122048996855, 0.000774271029513, 0.000301077729091, 0.000435570487753, 0.000336936005624, 0.00062797794817, 0.000831914192531, 0.000798447115812, 0.000472208514111, 0.00034322225838, 0.000146800171933, 0.000134314439492, 0.000134289293783, 8.3885359345e-05, 8.59241918079e-05, 7.47822705307e-05, 1.73260432348e-05, 2.15240179386e-05, 2.99006460409e-05, 9.65361177805e-05, 5.31199475517e-05, 2.89315066766e-05, 3.26706940541e-05, 3.67152533727e-05, 1.51846379595e-05, 2.57400279224e-06, 2.55616373579e-06, 2.16703392653e-06, 1.83107317753e-06, 2.34244021158e-06, 3.19393211612e-06, 2.83302847492e-06, 2.41903330789e-06, 1.89768002201e-06, 8.83158179477e-07, 3.57283028052e-07, 1.82389314318e-07, 1.22353483789e-07]
    },
    "melbands128": {
        "max": [0.000304024462821, 0.00264516635798, 0.0139580750838, 0.0241380017251, 0.0322980359197, 0.0217613838613, 0.0128815909848, 0.017797851935, 0.0127200195566, 0.0119424629956, 0.00819269381464, 0.00348657672293, 0.00259029841982, 0.00797553360462, 0.00763551564887, 0.00457259314135, 0.00219075707719, 0.00322150811553, 0.0163630824536, 0.00993954390287, 0.00910385046154, 0.0114909773692, 0.018332278356, 0.0142853856087, 0.0137533154339, 0.0231480486691, 0.0141629884019, 0.00708681950346, 0.00212241499685, 0.00339540373534, 0.0110187008977, 0.00363449589349, 0.000747021113057, 0.00294417352416, 0.00406728684902, 0.000970991852228, 0.00267813261598, 0.00291466456838, 0.00180647545494, 0.00122294318862, 0.00181611289736, 0.000779938825872, 0.00185019115452, 0.00229001021944, 0.00292177055962, 0.000851373537444, 0.000593136937823, 0.000239207976847, 0.000162520300364, 0.000154169159941, 0.00025963774533, 0.000181746043381, 0.000238338456256, 0.000310179893859, 0.00134672271088, 0.0011788798729, 0.0018368808087, 0.000675823306665, 0.000434642628534, 0.000281213520793, 0.000281697139144, 0.000442171527538, 0.000673238770105, 0.000460724404547, 0.000459918606794, 0.00048803963, 0.00059253355721, 0.000698244082741, 5.3075094911e-05, 2.17180004256e-05, 4.61296149297e-05, 5.00659189129e-05, 2.76011160167e-05, 5.66847120353e-05, 5.54599464522e-05, 3.4645319829e-05, 1.70148941834e-05, 2.01239363378e-05, 2.24023806368e-05, 2.19318408199e-05, 1.99547575903e-05, 3.84602717531e-05, 6.24125968898e-05, 3.70855050278e-05, 4.15447648265e-05, 2.86735212285e-05, 4.88237819809e-05, 2.98824161291e-05, 3.4991899156e-05, 2.43834892899e-05, 3.83981277992e-05, 2.493930333e-05, 2.0678362489e-05, 1.92393163161e-05, 1.20239892567e-05, 6.7835740083e-06, 3.37913388648e-06, 2.80327958535e-06, 2.02474438993e-06, 1.92004813471e-06, 1.37830647873e-06, 1.29805277993e-06, 1.4901436316e-06, 1.24519658584e-06, 9.57026941251e-07, 1.29395300519e-06, 1.4102872683e-06, 1.68095027675e-06, 2.28607018471e-06, 1.3152300653e-06, 1.75688626314e-07, 1.79114021392e-08, 1.69997669275e-08, 1.62450426444e-08, 1.55253232492e-08, 1.50112651198e-08, 1.44796388213e-08, 1.39303075741e-08, 1.3554147138e-08, 1.31413280258e-08, 1.2813117678e-08, 1.25469821199e-08, 1.22533041491e-08, 1.20062377817e-08, 1.18457803566e-08, 1.17054659299e-08, 1.15797647027e-08, 1.15159100034e-08],
        "mean": [4.16827197114e-06, 4.18046729465e-05, 0.000198766647372, 0.000353255280061, 0.000325808709022, 0.000249510805588, 0.000432567496318, 0.00047734650434, 0.000258844607743, 0.000156702342792, 0.000176115951035, 0.000191615705262, 0.000119625292427, 0.000229531418881, 0.00033182775951, 0.0001587910956, 5.34046193934e-05, 5.15987303515e-05, 0.000142126344144, 0.000194985434064, 0.000156557522132, 0.000118265314086, 0.000212433646084, 0.000184236487257, 0.000200381589821, 0.00026386155514, 0.000182429910637, 9.26042048377e-05, 4.26403239544e-05, 4.82743380417e-05, 8.40567663545e-05, 4.44628276455e-05, 3.94654452975e-05, 0.00013166446297, 5.09524943482e-05, 1.4163681044e-05, 3.78984805138e-05, 4.00767785322e-05, 2.58972868323e-05, 2.45847750193e-05, 2.97237384075e-05, 2.11904462049e-05, 2.652305011e-05, 2.0840927391e-05, 2.1019268388e-05, 1.81450341188e-05, 1.4971008568e-05, 5.36838342668e-06, 4.57432270196e-06, 6.68826533001e-06, 2.07190805668e-05, 1.92356237676e-05, 7.07713070369e-06, 1.04068776636e-05, 1.86331199075e-05, 3.30365619448e-05, 3.57572316716e-05, 2.80740187009e-05, 1.20115682876e-05, 9.24800860957e-06, 7.68060453993e-06, 7.23800530977e-06, 1.0073273188e-05, 9.13819621928e-06, 8.98202506505e-06, 9.90101216303e-06, 9.61289424595e-06, 4.74012404084e-06, 1.56026680997e-06, 1.6878346969e-06, 1.29083593947e-06, 1.17985030101e-06, 1.13508053801e-06, 8.37944412524e-07, 1.22797712265e-06, 1.51263429871e-06, 9.64942842074e-07, 9.38642017445e-07, 9.24874882458e-07, 7.42851398172e-07, 6.3682517748e-07, 7.44773160477e-07, 9.01263604192e-07, 7.34817547254e-07, 6.13211796008e-07, 6.84697852193e-07, 7.88883824043e-07, 6.08854350048e-07, 4.88150931233e-07, 4.71903433663e-07, 4.83719588829e-07, 3.23576017536e-07, 2.481599779e-07, 1.91673322547e-07, 1.42541665582e-07, 1.30349576466e-07, 1.20744928722e-07, 1.03985726696e-07, 8.07845736972e-08, 6.32099101949e-08, 5.72620386663e-08, 5.46920020383e-08, 4.86865623373e-08, 4.54511237535e-08, 4.30215649772e-08, 4.57141524635e-08, 5.29919574888e-08, 5.27456798238e-08, 5.20695166983e-08, 3.43950503634e-08, 4.52384441019e-09, 4.04420455458e-11, 3.60988704207e-11, 3.43198872099e-11, 3.31948704635e-11, 3.31711012824e-11, 2.97711265362e-11, 2.84496402131e-11, 2.80906357203e-11, 2.71519022543e-11, 2.62298845838e-11, 2.56295019929e-11, 2.51257140094e-11, 2.45874830912e-11, 2.38752576737e-11, 2.28822620574e-11, 2.22649954029e-11, 2.20899271097e-11],
        "min": [9.63566452647e-14, 3.7644200772e-14, 1.3198002363e-14, 5.57118895694e-15, 8.76269898791e-15, 3.69809705861e-14, 5.88774770041e-14, 3.50459001012e-14, 4.80375762497e-15, 1.52333401613e-15, 6.54733217173e-15, 2.42224487267e-14, 2.30330179571e-14, 2.91727464397e-14, 9.56734555945e-14, 1.0832482101e-13, 1.09839498879e-13, 1.21944650016e-13, 7.28351772883e-14, 8.51759933201e-14, 5.14349576385e-14, 1.10942130794e-14, 1.16142879209e-14, 4.74069365036e-14, 4.72151038698e-14, 8.29573904145e-14, 1.30341023348e-13, 1.56847096617e-13, 1.09106869589e-13, 1.00810798511e-13, 9.56250662963e-14, 7.96905740724e-14, 4.29777741173e-14, 3.65734969165e-14, 7.39126031972e-15, 3.06378169769e-15, 1.4584653743e-14, 2.32104222317e-14, 2.9071641199e-14, 7.90441744312e-15, 1.51174662659e-14, 2.52878942016e-14, 2.31191984773e-14, 1.26755753111e-14, 2.20616439613e-14, 2.1169567496e-14, 5.73974131367e-15, 2.90613412783e-14, 7.54563969765e-15, 1.39767271853e-14, 1.13389649436e-14, 2.24529460779e-14, 2.26483210035e-14, 1.26623065399e-14, 1.84058429847e-14, 1.46571292701e-14, 1.33429025952e-14, 2.6475520791e-14, 2.02202434619e-14, 4.70749233052e-14, 2.65087160122e-14, 3.49839548877e-14, 1.26643546656e-14, 1.00473269434e-14, 1.52278787046e-14, 4.08973426143e-14, 2.41309996616e-14, 1.5325221425e-14, 2.47691661425e-14, 2.25048454807e-14, 1.02602896611e-14, 1.48521264189e-14, 1.93423615747e-14, 1.08073026914e-14, 9.30125439424e-15, 1.99851850428e-14, 2.15973970614e-14, 1.91384028173e-14, 1.67465952265e-14, 2.27464717933e-14, 2.12551229059e-14, 2.44399600113e-14, 2.07544840824e-14, 6.9810380282e-15, 8.33723264444e-15, 9.06133570006e-15, 1.91316909282e-14, 2.07334115967e-14, 2.07420089812e-14, 2.43521396353e-14, 2.11326656586e-14, 1.31288031594e-14, 1.21124525611e-14, 1.31281644965e-14, 2.13476646435e-14, 3.88549767718e-14, 1.8572622078e-14, 1.03774825986e-14, 6.17061342141e-15, 5.87336457274e-15, 1.47658340904e-14, 1.96112979236e-14, 1.45547873612e-14, 6.79800649027e-15, 6.27272409023e-15, 1.99210629546e-14, 2.46258329212e-14, 2.46416504145e-14, 1.03743265538e-14, 4.53713706417e-15, 1.35707857983e-14, 2.08630296605e-14, 1.08205485926e-14, 1.11758077632e-14, 1.23536714509e-14, 1.85689950829e-14, 9.5685703691e-15, 8.69091294563e-15, 1.35361209749e-14, 1.2770181268e-14, 6.56499196165e-15, 7.51555224033e-15, 1.24626812031e-14, 4.65449474956e-15, 2.70184578988e-15, 2.58286624815e-15, 6.93668420671e-16, 3.91905098157e-16],
        "stdev": [2.0270148525e-05, 0.000236095162109, 0.0012046614429, 0.00238933204673, 0.00239903712645, 0.00137942878064, 0.00132450414822, 0.00172889651731, 0.00122073525563, 0.000887273752596, 0.000531630765181, 0.00035180800478, 0.000272691017017, 0.000602970016189, 0.000710251450073, 0.000407162267948, 0.000193261977984, 0.00023771636188, 0.000952259288169, 0.00094713299768, 0.000616272911429, 0.00065978243947, 0.00135501299519, 0.00100073975045, 0.000917399302125, 0.00133192748763, 0.00108567846473, 0.000474308559205, 0.000165211604326, 0.000245176663157, 0.000704718753695, 0.000246937008342, 7.07942235749e-05, 0.00025544204982, 0.000242567752139, 6.2675368099e-05, 0.000214587460505, 0.000212065802771, 0.000115054797789, 9.33154951781e-05, 0.000126605780679, 7.25718055037e-05, 0.000123717734823, 0.000106509716716, 0.000167074162164, 6.42836675979e-05, 4.35426263721e-05, 1.75733875949e-05, 1.15928887681e-05, 1.40514594023e-05, 3.40280785167e-05, 2.97178030451e-05, 1.82585172297e-05, 3.16041114274e-05, 8.25824390631e-05, 0.000124670666992, 0.00013876365847, 6.12358926446e-05, 4.39132927568e-05, 2.85035439447e-05, 2.84933285002e-05, 3.21406478179e-05, 4.13793859479e-05, 3.66582717106e-05, 3.91515459341e-05, 4.16267612309e-05, 4.16819566453e-05, 3.4676730138e-05, 4.51805999546e-06, 2.78285597233e-06, 3.00537863041e-06, 3.0944718219e-06, 2.34029425883e-06, 2.79606001641e-06, 3.19702576235e-06, 2.71189787782e-06, 1.73312719198e-06, 1.96028508981e-06, 2.09952190744e-06, 2.07111565942e-06, 1.95562847694e-06, 2.77364460999e-06, 4.19250090999e-06, 3.29303065882e-06, 2.90778848466e-06, 2.50131120083e-06, 3.58895135832e-06, 2.7522671644e-06, 2.48893206845e-06, 2.3650050025e-06, 2.59448347606e-06, 1.61042726177e-06, 1.24138409774e-06, 9.99253757072e-07, 6.66734592869e-07, 4.66353270667e-07, 3.14469446039e-07, 2.55113690173e-07, 2.03054867143e-07, 1.58341450174e-07, 1.33557691129e-07, 1.27138960693e-07, 1.18279409378e-07, 1.11579105067e-07, 1.12564990218e-07, 1.27021522189e-07, 1.42599674291e-07, 1.67354500036e-07, 1.78842057608e-07, 1.02474103869e-07, 1.58679238638e-08, 7.63403840143e-10, 7.24255544426e-10, 6.92110369016e-10, 6.61742605157e-10, 6.40184960599e-10, 6.16742712456e-10, 5.93334215093e-10, 5.77299430482e-10, 5.59719215421e-10, 5.45747169678e-10, 5.34413790998e-10, 5.21901188932e-10, 5.11379161239e-10, 5.04561115111e-10, 4.98614816102e-10, 4.93276197666e-10, 4.90558371702e-10]
    },
    "mfcc": {
        "mean": [-765.836547852, 111.839828491, -51.6902618408, -0.762192606926, -22.466424942, -10.2262840271, -10.9480056763, 1.07621121407, -4.74088144302, -5.12783050537, -7.46165943146, -6.94218730927, -9.79346942902],
        "cov": [[11679.3583984, 1567.66967773, 1392.05566406, 2251.54418945, 1123.88708496, -83.9505310059, -133.324707031, -141.153427124, -480.341430664, -566.32800293, -53.264591217, 79.3095626831, 384.776947021], [1567.66967773, 1943.85583496, -289.045928955, 567.509643555, 312.643096924, -371.937103271, 25.5748100281, 97.5617370605, -189.386505127, -156.737960815, 91.4178237915, 20.5964641571, 74.4648666382], [1392.05566406, -289.045928955, 1212.42675781, 379.127593994, 181.491836548, 271.695220947, -5.50971603394, -41.6932754517, -70.9510879517, -67.351852417, -87.4365692139, -27.5768280029, 104.267417908], [2251.54418945, 567.509643555, 379.127593994, 853.860656738, 272.657928467, -35.1415405273, 1.55928969383, -53.7349624634, -118.882904053, -112.484169006, -23.4273414612, 23.0274906158, 118.191055298], [1123.88708496, 312.643096924, 181.491836548, 272.657928467, 382.62902832, 26.400724411, 21.783164978, -51.6190071106, 15.6771173477, -82.4818115234, -19.7786865234, 13.6889982224, 72.4095840454], [-83.9505310059, -371.937103271, 271.695220947, -35.1415405273, 26.400724411, 273.175506592, 51.8149261475, 8.29442024231, 76.817565918, 18.5213699341, -33.6413421631, -4.19450139999, -9.18719100952], [-133.324707031, 25.5748100281, -5.50971603394, 1.55928969383, 21.783164978, 51.8149261475, 147.447021484, 12.2238912582, 50.060092926, 7.9159693718, -1.83730006218, 2.93658924103, 9.00578308105], [-141.153427124, 97.5617370605, -41.6932754517, -53.7349624634, -51.6190071106, 8.29442024231, 12.2238912582, 167.442733765, -11.5245332718, 14.0607500076, 33.1125106812, -5.69495248795, -17.0638084412], [-480.341430664, -189.386505127, -70.9510879517, -118.882904053, 15.6771173477, 76.817565918, 50.060092926, -11.5245332718, 164.477920532, 47.5070114136, -14.6568174362, 6.08773517609, -25.8678817749], [-566.32800293, -156.737960815, -67.351852417, -112.484169006, -82.4818115234, 18.5213699341, 7.9159693718, 14.0607500076, 47.5070114136, 145.800735474, 51.4184875488, -2.34989094734, -47.5822639465], [-53.264591217, 91.4178237915, -87.4365692139, -23.4273414612, -19.7786865234, -33.6413421631, -1.83730006218, 33.1125106812, -14.6568174362, 51.4184875488, 106.831665039, 20.4504451752, -27.421541214], [79.3095626831, 20.5964641571, -27.5768280029, 23.0274906158, 13.6889982224, -4.19450139999, 2.93658924103, -5.69495248795, 6.08773517609, -2.34989094734, 20.4504451752, 77.5899124146, 15.4870481491], [384.776947021, 74.4648666382, 104.267417908, 118.191055298, 72.4095840454, -9.18719100952, 9.00578308105, -17.0638084412, -25.8678817749, -47.5822639465, -27.421541214, 15.4870481491, 95.6278381348]],
        "icov": [[0.000233114828006, 7.98625769676e-05, -5.86227724853e-05, -0.000455455825431, -0.000367902539438, 6.72607275192e-05, 0.000122936646221, -9.67015948845e-05, 0.000244337599725, 0.000443555094535, -0.000259574735537, -4.61738818558e-05, 0.000102715486719], [7.98625769676e-05, 0.00143353175372, 0.000280664273305, -0.000804756418802, -0.00118122680578, 0.00155984074809, -0.000776019471232, -0.00115960882977, 0.000737921451218, 0.00083834445104, -0.000706188380718, 0.000157204514835, 0.000550229276996], [-5.86227724853e-05, 0.000280664273305, 0.00176023552194, -0.000507293851115, -0.000371473579435, -0.00177802273538, 0.000293289573165, -2.68913190666e-05, 0.00127754500136, -0.000390001863707, 0.000404234742746, 0.000707746832632, -0.00104408373591], [-0.000455455825431, -0.000804756418802, -0.000507293851115, 0.00323601951823, 8.18928092485e-05, -0.000264813628746, -0.000309011142235, 0.000893989927135, 0.000392646616092, -0.00112407410052, 0.000832872116007, -0.00049369741464, -0.00102029729169], [-0.000367902539438, -0.00118122680578, -0.000371473579435, 8.18928092485e-05, 0.00583748100325, -0.00141935399733, 0.000505043775775, 0.00182458793279, -0.00327779818326, 0.00119505007751, -0.00110191770364, 0.000579648592975, -0.00227642152458], [6.72607275192e-05, 0.00155984074809, -0.00177802273538, -0.000264813628746, -0.00141935399733, 0.00890063401312, -0.00248140236363, -0.00215387297794, -0.00206298800185, 0.000621892861091, 0.000609632697888, -0.000873193144798, 0.00262749101967], [0.000122936646221, -0.000776019471232, 0.000293289573165, -0.000309011142235, 0.000505043775775, -0.00248140236363, 0.00887901894748, -0.000106721767224, -0.00268903747201, 5.01967624587e-05, -0.000695078168064, 0.000563397945371, -0.00229726661928], [-9.67015948845e-05, -0.00115960882977, -2.68913190666e-05, 0.000893989927135, 0.00182458793279, -0.00215387297794, -0.000106721767224, 0.00789492204785, 8.76183548826e-05, 0.000115507391456, -0.00205104867928, 0.000936292344704, -0.000611819035839], [0.000244337599725, 0.000737921451218, 0.00127754500136, 0.000392646616092, -0.00327779818326, -0.00206298800185, -0.00268903747201, 8.76183548826e-05, 0.0122760981321, -0.00342070427723, 0.0035227437038, -0.00193950568791, 0.00205957470462], [0.000443555094535, 0.00083834445104, -0.000390001863707, -0.00112407410052, 0.00119505007751, 0.000621892861091, 5.01967624587e-05, 0.000115507391456, -0.00342070427723, 0.0133941927925, -0.00741297286004, 0.00159651332069, 0.00190280936658], [-0.000259574735537, -0.000706188380718, 0.000404234742746, 0.000832872116007, -0.00110191770364, 0.000609632697888, -0.000695078168064, -0.00205104867928, 0.0035227437038, -0.00741297286004, 0.0169677808881, -0.0052588917315, 0.00369825982489], [-4.61738818558e-05, 0.000157204514835, 0.000707746832632, -0.00049369741464, 0.000579648592975, -0.000873193144798, 0.000563397945371, 0.000936292344704, -0.00193950568791, 0.00159651332069, -0.0052588917315, 0.0156299415976, -0.00427646469325], [0.000102715486719, 0.000550229276996, -0.00104408373591, -0.00102029729169, -0.00227642152458, 0.00262749101967, -0.00229726661928, -0.000611819035839, 0.00205957470462, 0.00190280936658, 0.00369825982489, -0.00427646469325, 0.017355196178]]
    },
    "spectral_contrast_coeffs": {
        "max": [-0.377665787935, -0.497755914927, -0.490560173988, -0.669276237488, -0.460984528065, -0.587376713753],
        "mean": [-0.692238211632, -0.757755219936, -0.77092641592, -0.815848350525, -0.793607592583, -0.755158662796],
        "min": [-0.954438209534, -0.951316177845, -0.923655152321, -0.934934139252, -0.936760783195, -0.914550185204],
        "stdev": [0.093616694212, 0.0835784003139, 0.0690977722406, 0.0494150333107, 0.0733427479863, 0.05134755373]
    },
    "spectral_contrast_valleys": {
        "max": [-4.95906066895, -4.47071647644, -5.45821666718, -5.99434280396, -5.97376871109, -8.93195724487],
        "mean": [-9.23759555817, -7.80691337585, -7.96298027039, -8.19932842255, -8.46105861664, -11.7689619064],
        "min": [-17.6482486725, -16.8210525513, -17.0798511505, -17.4552555084, -16.7547264099, -18.2775630951],
        "stdev": [1.70307433605, 1.19294607639, 0.858572721481, 0.896761715412, 1.0314964056, 1.15594208241]
    }
},
"rhythm": {
    "beats_count": 24,
    "beats_loudness": {
        "max": 0.0753345787525,
        "mean": 0.0195071417838,
        "min": 8.02647118689e-05,
        "stdev": 0.0234575476497
    },
    "bpm": 118.714530945,
    "bpm_histogram_first_peak_bpm": 117,
    "bpm_histogram_first_peak_weight": 0.461538493633,
    "bpm_histogram_second_peak_bpm": 112,
    "bpm_histogram_second_peak_spread": 0,
    "bpm_histogram_second_peak_weight": 0.173913046718,
    "danceability": 1.06772112846,
    "onset_rate": 4.54568052292,
    "beats_loudness_band_ratio": {
        "max": [0.87055170536, 0.34510076046, 0.800523161888, 0.744831085205, 0.45798355341, 0.271300852299],
        "mean": [0.264166682959, 0.0684368833899, 0.26846036315, 0.256251066923, 0.125790253282, 0.0358541570604],
        "min": [0.000770054757595, 0.00427034404129, 0.0197714436799, 0.0162994638085, 0.00161211972591, 0.00128186575603],
        "stdev": [0.344989717007, 0.0813060179353, 0.217586457729, 0.234755665064, 0.116642288864, 0.0522932223976]
    },
    "beats_position": [0.580498874187, 1.16099774837, 1.74149656296, 2.2523355484, 2.7863945961, 3.32045340538, 3.85451245308, 4.38857126236, 4.82975053787, 5.28253936768, 5.73532867432, 6.24616765976, 6.74539661407, 7.24462556839, 7.74385452271, 8.23147392273, 8.73070240021, 9.24154186249, 9.75238037109, 10.2516098022, 10.7508392334, 11.261677742, 11.7725172043, 12.2833557129],
