{
"metadata": {
    "version": {
        "essentia": "2.1-beta5",
        "essentia_git_sha": "Undefined",
        "extractor": "music 2.0"
    },
    "audio_properties": {
        "analysis": {
            "equal_loudness": 0,
            "length": 26.3314285278,
            "sample_rate": 44100,
            "start_time": 207.748931885,
            "downmix": "mix"
        },
        "bit_rate": 192000,
        "length": 234.10357666,
        "lossless": 0,
        "number_channels": 2,
        "replay_gain": -2.00947952271,
        "sample_rate": 48000,
        "codec": "mp3",
        "md5_encoded": "d3f8ca1e078f5295bea50da94bae7536"
    },
    "tags": {
        "file_name": "BosniaHerzegovina_Bistra Voda_Regina.mp3",
        "encoding": ["Lavf58.29.100"]
    }
},
"lowlevel": {
    "average_loudness": 0.821299254894,
    "barkbands_crest": {
        "max": 22.2830371857,
        "mean": 8.52980041504,
        "min": 2.29907679558,
        "stdev": 3.72885560989
    },
    "barkbands_flatness_db": {
        "max": 0.268505364656,
        "mean": 0.124199509621,
        "min": 0.0126897739246,
        "stdev": 0.0489873476326
    },
    "barkbands_kurtosis": {
        "max": 24.9841423035,
        "mean": 1.50754141808,
        "min": -1.83894205093,
        "stdev": 3.05673408508
    },
    "barkbands_skewness": {
        "max": 3.99228954315,
        "mean": 1.12533068657,
        "min": -1.86998522282,
        "stdev": 0.715911269188
    },
    "barkbands_spread": {
        "max": 120.34400177,
        "mean": 21.7410125732,
        "min": 2.86778283119,
        "stdev": 11.0293664932
    },
    "dissonance": {
        "max": 0.500000059605,
        "mean": 0.467892080545,
        "min": 0.247553437948,
        "stdev": 0.0310525223613
    },
    "dynamic_complexity": 4.20144224167,
    "erbbands_crest": {
        "max": 28.1096763611,
        "mean": 8.40652751923,
        "min": 2.64686489105,
        "stdev": 3.73887205124
    },
    "erbbands_flatness_db": {
        "max": 0.306059062481,
        "mean": 0.174209073186,
        "min": 0.0606904253364,
        "stdev": 0.0512080825865
    },
    "erbbands_kurtosis": {
        "max": 13.6423244476,
        "mean": 0.344513982534,
        "min": -1.7625246048,
        "stdev": 1.92107689381
    },
    "erbbands_skewness": {
        "max": 3.09534049034,
        "mean": 0.259855270386,
        "min": -1.97357881069,
        "stdev": 0.752113699913
    },
    "erbbands_spread": {
        "max": 101.560173035,
        "mean": 32.1250953674,
        "min": 6.93892621994,
        "stdev": 13.3649187088
    },
    "hfc": {
        "max": 68.2421112061,
        "mean": 20.7935752869,
        "min": 1.3744311218e-06,
        "stdev": 15.3737955093
    },
    "loudness_ebu128": {
        "integrated": -20.9897575378,
        "loudness_range": 7.62292861938,
        "momentary": {
            "max": -17.6240253448,
            "mean": -23.2770996094,
            "min": -60.3232040405,
            "stdev": 6.13913726807
        },
        "short_term": {
            "max": -18.1103992462,
            "mean": -22.2569007874,
            "min": -26.4682025909,
            "stdev": 2.96031451225
        }
    },
    "melbands_crest": {
        "max": 26.8382015228,
        "mean": 11.9787569046,
        "min": 3.23179078102,
        "stdev": 4.39672470093
    },
    "melbands_flatness_db": {
        "max": 0.315440863371,
        "mean": 0.168038189411,
        "min": 0.0556744970381,
        "stdev": 0.0458805114031
    },
    "melbands_kurtosis": {
        "max": 46.9980506897,
        "mean": 5.83194446564,
        "min": -1.63335704803,
        "stdev": 5.94803619385
    },
    "melbands_skewness": {
        "max": 6.02669477463,
        "mean": 1.90345513821,
        "min": -0.568462610245,
        "stdev": 0.970183610916
    },
    "melbands_spread": {
        "max": 129.207138062,
        "mean": 26.0087852478,
        "min": 4.43989849091,
        "stdev": 14.5196142197
    },
    "pitch_salience": {
        "max": 0.8644515872,
        "mean": 0.628353238106,
        "min": 0.212894886732,
        "stdev": 0.105509892106
    },
    "silence_rate_20dB": {
        "max": 1,
        "mean": 1,
        "min": 1,
        "stdev": 0
    },
    "silence_rate_30dB": {
        "max": 1,
        "mean": 1,
        "min": 1,
        "stdev": 0
    },
    "silence_rate_60dB": {
        "max": 1,
        "mean": 0.148898676038,
        "min": 0,
        "stdev": 0.355988830328
    },
    "spectral_centroid": {
        "max": 4155.00488281,
        "mean": 1470.64660645,
        "min": 440.750152588,
        "stdev": 487.204101562
    },
    "spectral_complexity": {
        "max": 51,
        "mean": 22.0255508423,
        "min": 0,
        "stdev": 12.8954582214
    },
    "spectral_decrease": {
        "max": -1.87386269963e-17,
        "mean": -6.14582695846e-09,
        "min": -2.92518382849e-08,
        "stdev": 5.02146946246e-09
    },
    "spectral_energy": {
        "max": 0.114150449634,
        "mean": 0.025081789121,
        "min": 1.95389010527e-10,
        "stdev": 0.0201565343887
    },
    "spectral_energyband_high": {
        "max": 0.00946886930615,
        "mean": 0.000555774429813,
        "min": 1.03636710325e-10,
        "stdev": 0.000750686391257
    },
    "spectral_energyband_low": {
        "max": 0.0837367400527,
        "mean": 0.0050107142888,
        "min": 3.19166568175e-11,
        "stdev": 0.00857057143003
    },
    "spectral_energyband_middle_high": {
        "max": 0.0539368875325,
        "mean": 0.00718131987378,
        "min": 1.94901629558e-11,
        "stdev": 0.00589510705322
    },
    "spectral_energyband_middle_low": {
        "max": 0.0559784919024,
        "mean": 0.0132744219154,
        "min": 1.62422731514e-11,
        "stdev": 0.0117580164224
    },
    "spectral_entropy": {
        "max": 8.70596885681,
        "mean": 7.6512761116,
        "min": 6.4316534996,
        "stdev": 0.309872180223
    },
    "spectral_flux": {
        "max": 0.261675655842,
        "mean": 0.08436024189,
        "min": 0.000173775028088,
        "stdev": 0.0441740490496
    },
    "spectral_kurtosis": {
        "max": 20.4782581329,
        "mean": 4.97685146332,
        "min": -0.71014881134,
        "stdev": 2.40398001671
    },
    "spectral_rms": {
        "max": 0.0105530228466,
        "mean": 0.00442167464644,
        "min": 4.36604437937e-07,
        "stdev": 0.0022178508807
    },
    "spectral_rolloff": {
        "max": 16106.8359375,
        "mean": 1791.59863281,
        "min": 107.666015625,
        "stdev": 1194.42578125
    },
    "spectral_skewness": {
        "max": 3.27817893028,
        "mean": 1.556686759,
        "min": -0.0106999147683,
        "stdev": 0.372942209244
    },
    "spectral_spread": {
        "max": 11555331,
        "mean": 3850298.25,
        "min": 1862254.875,
        "stdev": 968364.6875
    },
    "spectral_strongpeak": {
        "max": 7.60075998306,
        "mean": 0.930774927139,
        "min": 0,
        "stdev": 0.978713035583
    },
    "zerocrossingrate": {
        "max": 0.32763671875,
        "mean": 0.0653827935457,
        "min": 0.0205078125,
        "stdev": 0.0288512278348
    },
    "barkbands": {
        "max": [0.00721686240286, 0.0427521243691, 0.0442495830357, 0.0176759399474, 0.0427104383707, 0.0365397669375, 0.0340063087642, 0.0235610865057, 0.0465299002826, 0.0380621254444, 0.00845577567816, 0.0119957998395, 0.00940117239952, 0.0123848747462, 0.00727878464386, 0.00709979841486, 0.00921006966382, 0.00473524816334, 0.00304605765268, 0.00187083438504, 0.00159132725094, 0.00441169179976, 0.00636652158573, 0.00123648333829, 0.001575264032, 0.00030293079908, 1.29578220367e-05],
        "mean": [0.000107902022137, 0.00235462188721, 0.00189064862207, 0.0014978798572, 0.00401019491255, 0.00207118550315, 0.00170972303022, 0.00146110996138, 0.00198846356943, 0.00154481525533, 0.000577263184823, 0.000787067692727, 0.000767589721363, 0.00109098909888, 0.000516719766892, 0.000758981797844, 0.00052875111578, 0.000454331922811, 0.000299563020235, 0.000218036206206, 0.000151756816194, 0.000107028674392, 0.000109051878098, 3.90264503949e-05, 2.5638646548e-05, 1.27887979033e-05, 6.78151877764e-07],
        "min": [4.34065422494e-11, 1.18761641146e-11, 5.24357738219e-13, 3.19788878538e-12, 7.41310225011e-12, 3.64601057679e-12, 4.88352956164e-13, 9.91013044196e-13, 1.4591781017e-13, 6.91015495692e-13, 4.37100686592e-13, 1.22518900407e-12, 1.64884956817e-12, 2.21348135133e-12, 1.39898856388e-12, 1.25229319102e-12, 3.24822113651e-12, 1.68007394021e-12, 4.24820074951e-12, 4.83841309032e-12, 5.1802802499e-12, 4.18592287568e-12, 6.03914704703e-12, 9.41945479949e-12, 1.480854675e-11, 2.30953433461e-11, 3.78865654127e-11],
        "stdev": [0.00051080621779, 0.00475816009566, 0.00381424603984, 0.00236761244014, 0.00584223214537, 0.00384803093038, 0.00349605805241, 0.00284955790266, 0.00314576993696, 0.00261622830294, 0.000855143007357, 0.00119872251526, 0.000978732598014, 0.00159265252296, 0.000734177359845, 0.00108463491779, 0.000730757310521, 0.000532874080818, 0.000357857177733, 0.000264153379248, 0.000180923176231, 0.000234814084251, 0.000358828576282, 6.45379477646e-05, 6.21620638412e-05, 2.33091232076e-05, 1.37466986416e-06]
    },
    "erbbands": {
        "max": [2.2166686058, 11.6971302032, 56.9977302551, 47.5772361755, 130.461288452, 227.52255249, 277.728942871, 379.934844971, 457.233795166, 750.537963867, 719.141723633, 975.909423828, 1189.49328613, 450.593811035, 536.695129395, 606.823852539, 484.190032959, 641.604370117, 474.208953857, 624.470153809, 472.516662598, 431.684448242, 264.404083252, 156.537841797, 111.986587524, 122.125175476, 79.6191482544, 83.040763855, 131.165771484, 169.916519165, 226.444641113, 61.5477828979, 16.4498062134, 21.966884613, 6.03689908981, 1.72480654716, 0.536313593388, 0.0501456893981, 0.00170841766521, 0.000153451182996],
        "mean": [0.0516459904611, 0.588735818863, 2.12724590302, 3.73763775826, 10.3332099915, 13.4242696762, 12.5743227005, 18.6091461182, 22.9774456024, 29.0121154785, 31.9719467163, 42.1876220703, 57.3097114563, 37.8622283936, 25.9593067169, 29.663143158, 33.9576835632, 53.3596153259, 36.0637931824, 29.3866577148, 44.5443992615, 30.9794845581, 27.2060718536, 16.8902587891, 14.5789823532, 10.7941436768, 7.39740753174, 4.8505563736, 3.81439709663, 3.5246553421, 3.06282401085, 1.21751153469, 0.548771202564, 0.33141463995, 0.150714024901, 0.0644598305225, 0.0228321235627, 0.00318991858512, 0.000107784748252, 3.3268086554e-05],
        "min": [7.79727671318e-10, 1.39061229198e-09, 1.21308763035e-09, 5.2414557139e-09, 1.29996999831e-08, 2.64861768073e-08, 3.59860550248e-08, 3.73499062789e-08, 9.44676337156e-09, 1.66523506095e-08, 1.56086397141e-08, 4.42944125822e-09, 1.89581097487e-08, 1.48724508264e-08, 3.35631007431e-08, 5.16122611316e-08, 8.21345409463e-08, 9.00282586258e-08, 9.77265912638e-08, 8.87845459374e-08, 6.52397957879e-08, 1.89548003959e-07, 1.09054553832e-07, 1.29857639308e-07, 2.23229605467e-07, 2.88062182108e-07, 2.37482495891e-07, 1.65737120028e-07, 1.34319918743e-07, 1.35355421094e-07, 2.20766750658e-07, 2.72025744152e-07, 1.14825141395e-07, 1.55740139007e-07, 1.0122240468e-07, 7.27806508394e-08, 4.72826506837e-08, 2.77311613672e-08, 6.63713040083e-09, 3.42122330466e-10],
        "stdev": [0.146152853966, 1.19593143463, 4.36245298386, 5.77547502518, 16.4958782196, 21.977602005, 25.8055915833, 35.9020080566, 41.2775192261, 66.6661682129, 58.7718162537, 69.5546417236, 94.1190567017, 48.395362854, 33.9204101562, 46.2594413757, 41.6893692017, 76.2738952637, 49.8963661194, 44.0986480713, 64.9301834106, 39.6375656128, 30.6610488892, 18.9661941528, 17.585559845, 13.9263687134, 8.49640369415, 6.63170146942, 7.34654808044, 9.53053283691, 11.1682710648, 2.91540360451, 0.943182647228, 0.853155791759, 0.298926711082, 0.118765391409, 0.0425724610686, 0.00568210380152, 0.000176933128387, 2.62271696556e-05]
    },
    "gfcc": {
        "mean": [-13.9909992218, 79.2717590332, -147.889633179, 15.1148080826, -66.2554168701, 3.82486701012, -41.776714325, 3.0143096447, -27.4638233185, -5.03970623016, -24.3095741272, -2.52962231636, -16.6391735077],
        "cov": [[9151.9609375, 1371.90625, 65.2382125854, 648.240234375, 403.182800293, 288.066436768, -178.159347534, 141.283462524, -105.388153076, 359.570983887, 198.593338013, 56.8503227234, 182.268981934], [1371.90625, 978.936706543, 353.287994385, 328.265014648, 314.018341064, -68.5594177246, -69.7173919678, -4.47329092026, 30.8801879883, 125.223945618, 135.072616577, -36.3530807495, 61.297000885], [65.2382125854, 353.287994385, 898.13482666, 621.126037598, 414.715454102, 208.046096802, 32.9204597473, 90.6010437012, 34.4150123596, 210.606704712, 139.127258301, 58.0214881897, 14.5820970535], [648.240234375, 328.265014648, 621.126037598, 817.718139648, 446.0519104, 267.521789551, 66.3326339722, 85.2653808594, 90.2401657104, 197.383514404, 139.605285645, 63.0456352234, 37.4610748291], [403.182800293, 314.018341064, 414.715454102, 446.0519104, 464.076171875, 191.993057251, 52.7784957886, 104.053688049, 39.649597168, 173.615341187, 94.0351791382, 27.0544509888, 43.7296829224], [288.066436768, -68.5594177246, 208.046096802, 267.521789551, 191.993057251, 350.691345215, 160.17817688, 103.045623779, 10.6818666458, 99.022102356, 43.3381080627, 37.1461601257, 4.56581354141], [-178.159347534, -69.7173919678, 32.9204597473, 66.3326339722, 52.7784957886, 160.17817688, 177.003158569, 74.1811676025, 8.77751255035, 26.2315006256, 9.72899532318, 1.09396290779, -10.9531879425], [141.283462524, -4.47329092026, 90.6010437012, 85.2653808594, 104.053688049, 103.045623779, 74.1811676025, 124.460372925, 34.353225708, 71.4122009277, 23.5466556549, 17.0156593323, 12.4410648346], [-105.388153076, 30.8801879883, 34.4150123596, 90.2401657104, 39.649597168, 10.6818666458, 8.77751255035, 34.353225708, 119.987815857, 44.1351013184, 16.2600212097, 15.8284606934, 3.66977977753], [359.570983887, 125.223945618, 210.606704712, 197.383514404, 173.615341187, 99.022102356, 26.2315006256, 71.4122009277, 44.1351013184, 162.654983521, 77.2510986328, 32.9495201111, 25.2446289062], [198.593338013, 135.072616577, 139.127258301, 139.605285645, 94.0351791382, 43.3381080627, 9.72899532318, 23.5466556549, 16.2600212097, 77.2510986328, 92.9443969727, 33.0424880981, 16.7617874146], [56.8503227234, -36.3530807495, 58.0214881897, 63.0456352234, 27.0544509888, 37.1461601257, 1.09396290779, 17.0156593323, 15.8284606934, 32.9495201111, 33.0424880981, 72.5271377563, 20.0842628479], [182.268981934, 61.297000885, 14.5820970535, 37.4610748291, 43.7296829224, 4.56581354141, -10.9531879425, 12.4410648346, 3.66977977753, 25.2446289062, 16.7617874146, 20.0842628479, 61.1803131104]],
        "icov": [[0.000313383439789, -0.00075900828233, 0.000646140077151, -0.00054405053379, 0.000691670458764, -0.000781492504757, 0.00102592329495, -0.000881310203113, 0.00100207934156, -0.000892646086868, 0.000795338128228, -0.000570276810322, 0.000210297905141], [-0.00075900828233, 0.00414485996589, -0.0019177889917, 0.00123412872199, -0.0030004766304, 0.00313336728141, -0.0025051815901, 0.00287009752356, -0.00279281032272, 0.00252074375749, -0.00503884069622, 0.0043947827071, -0.00224624108523], [0.000646140077151, -0.0019177889917, 0.00430652685463, -0.00283755152486, 0.000939102901611, -0.00149557297118, 0.00266404729337, -0.00252311863005, 0.00347298081033, -0.00319283385761, 0.00172922643833, -0.00227170297876, 0.00251898472197], [-0.00054405053379, 0.00123412872199, -0.00283755152486, 0.00549110677093, -0.0034067905508, -0.000530748395249, -0.00164698425215, 0.00353822647594, -0.00444847904146, 0.00265711685643, -0.00317946402356, 0.000784183386713, -0.00105715787504], [0.000691670458764, -0.0030004766304, 0.000939102901611, -0.0034067905508, 0.00886808056384, -0.00315087032504, 0.00304430141114, -0.00463932193816, 0.00346647761762, -0.0047108810395, 0.00359337776899, -0.000493614468724, -0.000893839227501], [-0.000781492504757, 0.00313336728141, -0.00149557297118, -0.000530748395249, -0.00315087032504, 0.0105961803347, -0.00830974336714, 0.00150275346823, -0.000271429802524, 0.000135793656227, -0.0011165549513, -8.53680685395e-05, -0.000167419857462], [0.00102592329495, -0.0025051815901, 0.00266404729337, -0.00164698425215, 0.00304430141114, -0.00830974336714, 0.0159054175019, -0.00817934516817, 0.00286028324626, -0.000379915669328, 0.000223658847972, 0.000810888945125, 0.00243975408375], [-0.000881310203113, 0.00287009752356, -0.00252311863005, 0.00353822647594, -0.00463932193816, 0.00150275346823, -0.00817934516817, 0.019239122048, -0.00614424655214, -0.00203386577778, -0.000973092683125, 0.00115179631393, -0.00289155961946], [0.00100207934156, -0.00279281032272, 0.00347298081033, -0.00444847904146, 0.00346647761762, -0.000271429802524, 0.00286028324626, -0.00614424655214, 0.014882245101, -0.00648022908717, 0.00506147183478, -0.00423727417365, 0.00279837590642], [-0.000892646086868, 0.00252074375749, -0.00319283385761, 0.00265711685643, -0.0047108810395, 0.000135793656227, -0.000379915669328, -0.00203386577778, -0.00648022908717, 0.0202615596354, -0.0119177568704, 0.00274777016602, -0.00263816327788], [0.000795338128228, -0.00503884069622, 0.00172922643833, -0.00317946402356, 0.00359337776899, -0.0011165549513, 0.000223658847972, -0.000973092683125, 0.00506147183478, -0.0119177568704, 0.0283663533628, -0.0116556603462, 0.00263511179946], [-0.000570276810322, 0.0043947827071, -0.00227170297876, 0.000784183386713, -0.000493614468724, -8.53680685395e-05, 0.000810888945125, 0.00115179631393, -0.00423727417365, 0.00274777016602, -0.0116556603462, 0.0247739441693, -0.00819183513522], [0.000210297905141, -0.00224624108523, 0.00251898472197, -0.00105715787504, -0.000893839227501, -0.000167419857462, 0.00243975408375, -0.00289155961946, 0.00279837590642, -0.00263816327788, 0.00263511179946, -0.00819183513522, 0.0225802045316]]
    },
    "melbands": {
        "max": [0.0152203468606, 0.0237393155694, 0.00850415509194, 0.00945754908025, 0.00725456094369, 0.00749388430268, 0.00641262950376, 0.00796728674322, 0.00609081657603, 0.00749715790153, 0.006275259424, 0.00217322260141, 0.0014334442094, 0.00165624567308, 0.000998288276605, 0.000926148553845, 0.00111500604544, 0.00106273533311, 0.000539048050996, 0.000700885429978, 0.000575679994654, 0.000560344546102, 0.000292482465738, 0.000269257317996, 0.000143078970723, 0.000100260855106, 7.66397279222e-05, 9.25174317672e-05, 6.26739274594e-05, 4.28911043855e-05, 5.26325457031e-05, 5.89209339523e-05, 0.000107124702481, 9.28059234866e-05, 0.000160324154422, 0.000104982915218, 1.72471809492e-05, 1.36194776132e-05, 1.7865188056e-05, 1.75676232175e-05],
        "mean": [0.000558397674467, 0.00100236234721, 0.000839878397528, 0.000899917329662, 0.000464906828711, 0.000411494722357, 0.000357054930646, 0.000324832071783, 0.000243909846176, 0.000287723669317, 0.000288387818728, 0.000158857685165, 8.17990876385e-05, 9.19071098906e-05, 6.95604612702e-05, 9.04286571313e-05, 9.60159813985e-05, 6.19799611741e-05, 3.94125090679e-05, 4.2164556362e-05, 5.17903172295e-05, 3.02593580273e-05, 2.88231913146e-05, 2.1824711439e-05, 1.25161241158e-05, 1.11963454401e-05, 8.83347820491e-06, 6.84218093738e-06, 5.01431213706e-06, 3.30973193741e-06, 2.65259063781e-06, 2.14034116652e-06, 2.03091053663e-06, 1.93610071619e-06, 1.90968557945e-06, 1.267056291e-06, 5.45094565041e-07, 3.76591060558e-07, 3.48728775634e-07, 2.50352314879e-07],
        "min": [7.29907020242e-12, 1.00531475505e-12, 1.21418782147e-12, 1.20172589328e-12, 1.47164756509e-12, 7.45318086762e-13, 1.29153686444e-13, 2.020097414e-13, 1.03261542654e-13, 2.29120870632e-14, 9.46439310929e-14, 5.50086099718e-14, 8.69860078607e-14, 1.46351653669e-13, 1.53239237705e-13, 1.72471628992e-13, 1.61425058975e-13, 1.71234540761e-13, 1.11688937721e-13, 1.22118434072e-13, 5.91471316369e-14, 2.1102759297e-13, 1.14018590034e-13, 9.66392357847e-14, 9.03716188797e-14, 2.07664479146e-13, 1.03456848123e-13, 2.13136854086e-13, 1.60589301731e-13, 1.00901031237e-13, 9.39118371284e-14, 7.01521089483e-14, 8.53221234442e-14, 6.06120175209e-14, 1.2395795924e-13, 1.183134401e-13, 1.91149342448e-13, 7.22103312475e-14, 9.76875102077e-14, 1.42275012843e-13],
        "stdev": [0.00121360272169, 0.00193442078307, 0.00119511131197, 0.00135334779043, 0.000855547783431, 0.000754096545279, 0.000632889335975, 0.000685179897118, 0.000446146295872, 0.00049399404088, 0.000479039910715, 0.000210334081203, 0.000110115848656, 0.000144928402733, 0.000100157754787, 0.00011745026859, 0.000136512651807, 0.000100850083982, 5.4749823903e-05, 6.27656918368e-05, 7.76620145189e-05, 4.18043600803e-05, 3.86504470953e-05, 2.77944473055e-05, 1.48769258885e-05, 1.38349523695e-05, 1.09923066702e-05, 9.71692406893e-06, 6.18069861957e-06, 4.25375628765e-06, 3.8919738472e-06, 3.96225823351e-06, 5.50420327272e-06, 5.39833308721e-06, 7.37463142286e-06, 4.53662005384e-06, 9.4856375199e-07, 6.90897650202e-07, 7.83653945291e-07, 6.68658174163e-07]
    },
    "melbands128": {
        "max": [0.00680815381929, 0.0219141952693, 0.0164185594767, 0.0241436418146, 0.0355344973505, 0.0188322234899, 0.0109524969012, 0.0121787823737, 0.0172274783254, 0.0156762935221, 0.0165683347732, 0.0155774392188, 0.0106231085956, 0.0176461748779, 0.0140007119626, 0.00902729388326, 0.0111648822203, 0.0118747381493, 0.0109173990786, 0.0134973749518, 0.00801823474467, 0.00907767657191, 0.00952630769461, 0.00791794713587, 0.00524259451777, 0.0166554376483, 0.00608104933053, 0.00832856353372, 0.00923967920244, 0.0018541571917, 0.0024933423847, 0.00158374896273, 0.00205658306368, 0.00305275060236, 0.00347483390942, 0.00208132877015, 0.00326373265125, 0.00214126240462, 0.00226537766866, 0.00132998661138, 0.000895747391041, 0.00370548758656, 0.00179068103898, 0.00165450165514, 0.00305320415646, 0.00099856138695, 0.000852549157571, 0.00117910362314, 0.000629675458185, 0.00234674522653, 0.00103504222352, 0.00120461639017, 0.00135106139351, 0.000960139906965, 0.00144827121403, 0.000404698745115, 0.000597351638135, 0.00080596411135, 0.000364155130228, 0.000274018151686, 0.000434401124949, 0.000482572097098, 0.000256081897533, 0.000242487731157, 0.000212959654164, 9.41689722822e-05, 0.000131983106257, 0.00015104340855, 8.18826956674e-05, 0.000160082418006, 0.000166164580151, 0.000171678431798, 3.65154010069e-05, 0.000126777682453, 5.25595387444e-05, 3.94384333049e-05, 8.05026793387e-05, 7.08955849404e-05, 5.68032482988e-05, 9.39251331147e-05, 5.91501411691e-05, 5.81386557315e-05, 0.000127943378175, 0.000108514934254, 0.000108479878691, 9.49158638832e-05, 0.000106274230347, 0.000138225805131, 0.000191366270883, 0.000185307071661, 0.000143026365549, 0.0001071812585, 2.98321792798e-05, 1.04320843093e-05, 2.17023898585e-05, 1.89569418581e-05, 8.66540176503e-06, 1.08414551505e-05, 6.18141621089e-06, 4.154279668e-05, 2.08788424061e-05, 1.19003771033e-05, 1.30729094963e-05, 1.03699594547e-05, 5.66460812479e-06, 3.2704399473e-06, 3.75293302568e-06, 3.07526943288e-06, 3.01308546113e-06, 2.33323021348e-06, 2.60289448306e-06, 2.00177896659e-06, 1.82896360457e-06, 1.37618906138e-06, 1.09375400825e-06, 6.47863885206e-07, 3.42078493532e-07, 1.90433354419e-07, 1.36199403755e-07, 6.3619154389e-08, 3.67322456896e-08, 3.73842610202e-08, 1.23174368483e-08, 5.16369558223e-10, 5.21762522077e-10, 5.15026299386e-10, 5.13992626239e-10, 5.13251385836e-10],
        "mean": [9.80755721685e-05, 0.000359584548278, 0.000676572264638, 0.00107436522376, 0.0011529821204, 0.000867660157382, 0.000690885761287, 0.000796097330749, 0.00112024741247, 0.001010394888, 0.00072128145257, 0.000509877165314, 0.000419794640038, 0.000368890876416, 0.000407522107707, 0.000467439938802, 0.0003528536472, 0.000352195376763, 0.000325720146066, 0.000332230207277, 0.000312112882966, 0.000346770277247, 0.000209340563742, 0.000179977359949, 0.000227724871365, 0.000365942862118, 0.000358498829883, 0.000275085913017, 0.000247291551204, 0.000172402287717, 0.000139263298479, 9.84904108918e-05, 6.64117542328e-05, 6.65968327667e-05, 0.000126813087263, 8.58107523527e-05, 6.4067186031e-05, 6.77590069245e-05, 8.01821079222e-05, 5.69835174247e-05, 6.60969526507e-05, 0.00018506620836, 9.23383340705e-05, 4.58290705865e-05, 0.000104517050204, 4.99311245221e-05, 3.93682785216e-05, 4.51403830084e-05, 3.33525604219e-05, 3.8925158151e-05, 3.90812456317e-05, 4.10495122196e-05, 8.68337447173e-05, 3.4365344618e-05, 2.78219322354e-05, 3.10098403133e-05, 2.98136092169e-05, 3.52018942067e-05, 2.63004185399e-05, 2.16454591282e-05, 2.63909041678e-05, 1.72870786628e-05, 1.23563395391e-05, 1.06820034489e-05, 1.37197412187e-05, 9.68624590314e-06, 1.09990605779e-05, 1.18073494377e-05, 6.86684506945e-06, 7.25090330889e-06, 7.52842288421e-06, 6.72035275784e-06, 4.56007728644e-06, 5.87463273405e-06, 3.54154894922e-06, 3.69259305444e-06, 2.94711890092e-06, 2.58778254647e-06, 2.90551361104e-06, 2.27658756558e-06, 2.33021773965e-06, 1.85071394299e-06, 2.18660488827e-06, 1.9964461444e-06, 2.05611740967e-06, 1.78694256192e-06, 2.00821114049e-06, 2.00781005333e-06, 1.98333623302e-06, 1.74616911863e-06, 1.62972412454e-06, 1.11623955945e-06, 7.06767650627e-07, 5.2424036312e-07, 4.56648081126e-07, 3.68685761032e-07, 3.88256950146e-07, 3.33993114054e-07, 3.37410284601e-07, 3.9075231939e-07, 2.8573984423e-07, 2.19095127818e-07, 2.13805179783e-07, 1.81257377108e-07, 1.75417284254e-07, 1.51588494646e-07, 1.31900733891e-07, 1.16636385883e-07, 1.11125835645e-07, 9.86901866895e-08, 9.26256902289e-08, 8.43654746063e-08, 7.62471970006e-08, 5.70806761857e-08, 4.66482106276e-08, 3.14111758826e-08, 1.92454887582e-08, 5.58315882415e-09, 1.46675593893e-09, 7.57914397909e-10, 5.35454236505e-10, 4.69483840693e-10, 2.16849885271e-10, 6.78029594275e-12, 4.1324938263e-12, 3.82606533261e-12, 3.65931503848e-12, 3.62155531258e-12],
        "min": [1.83730062414e-11, 8.8773615195e-12, 3.8215090814e-12, 2.00051867433e-12, 8.26122807315e-13, 1.84409643588e-13, 8.61390494523e-13, 1.86244379294e-12, 1.4302068644e-12, 3.55095618708e-13, 1.62667806742e-12, 2.40150325841e-12, 1.12392723167e-12, 7.26749498255e-13, 1.19042601297e-12, 5.03621341678e-13, 8.11300354155e-14, 1.24823735332e-13, 6.07551118789e-14, 2.19504671601e-13, 2.53190480734e-13, 2.03531039678e-13, 7.07122755532e-14, 2.64987176353e-14, 1.83476264103e-14, 1.86889010669e-14, 4.05220494204e-14, 1.67389377099e-13, 6.55427657135e-14, 5.009351156e-14, 6.66625364935e-14, 2.30187708629e-14, 9.6026011036e-14, 1.16870624506e-13, 1.48700415046e-13, 1.79771629982e-13, 9.05003407826e-14, 1.6334865047e-13, 1.23194870646e-13, 2.79375453978e-13, 1.05606875241e-13, 1.69734452188e-13, 2.12301205262e-13, 8.53148592896e-14, 2.09548415946e-13, 2.37735829287e-13, 4.07584359872e-14, 1.57117306904e-13, 9.87849599755e-14, 1.07245606167e-13, 1.88084397774e-13, 5.52651762515e-14, 3.34190615177e-14, 5.7189130276e-14, 1.22687369162e-13, 2.96381869784e-13, 2.15098460419e-13, 1.40154950362e-13, 6.75395340783e-14, 5.93565452865e-14, 1.60226487026e-13, 6.32602084323e-14, 5.45875736106e-14, 1.25992816982e-13, 7.92277213887e-14, 3.21962725577e-13, 1.94546540878e-13, 6.44976083717e-14, 7.03027520639e-14, 1.63494028428e-13, 3.13751357794e-13, 1.49705999008e-13, 1.51608990661e-13, 1.92952262241e-13, 1.44015767194e-13, 6.7117311871e-14, 1.15036872714e-13, 9.10095227804e-14, 1.04004349891e-13, 8.59330916972e-14, 4.48413279164e-14, 8.91354928778e-14, 6.55083355183e-14, 8.27909992624e-14, 1.08961769457e-13, 7.15166383687e-14, 3.66493402466e-14, 4.36843147918e-14, 1.26164175136e-13, 2.04298546396e-13, 1.09937998646e-13, 6.73528005829e-14, 1.56294627848e-13, 2.66897154334e-13, 1.67956821411e-13, 9.68076462634e-14, 4.36629424565e-14, 4.01265595729e-14, 7.57834821372e-14, 1.49430814944e-13, 1.36821475915e-13, 1.52860769832e-13, 1.3722569359e-13, 8.15999083082e-14, 1.2040711581e-13, 1.09659433227e-13, 1.2651959016e-13, 1.23908289228e-13, 1.57287404672e-13, 9.86612321788e-14, 8.04329205236e-14, 1.98777355253e-13, 1.45085305532e-13, 1.28439021029e-13, 2.0186612527e-13, 1.59379088161e-13, 3.23719051782e-13, 1.87579837188e-13, 2.39011799718e-13, 2.04711424136e-13, 2.69986100533e-13, 1.24775122417e-13, 1.33699719048e-13, 1.00815508014e-13, 4.6791478976e-14, 3.06480745459e-14, 5.99106276538e-15, 1.03302252275e-16],
        "stdev": [0.000484350312036, 0.00140721548814, 0.0014957555104, 0.00233402103186, 0.00256334850565, 0.00169468740933, 0.00121813081205, 0.0012952046236, 0.00198509194888, 0.00193183519877, 0.0014110392658, 0.00115604815073, 0.00106376805343, 0.00114429171663, 0.00100435328204, 0.00102960318327, 0.00071559502976, 0.000923534389585, 0.000934008916374, 0.00109611626249, 0.00074997585034, 0.000820041343104, 0.000578012201004, 0.000405985105317, 0.000463698117528, 0.000896631041542, 0.000637744960841, 0.00069677218562, 0.000576874765102, 0.000270405347692, 0.000246729992796, 0.00017848124844, 0.000122735465993, 0.000155617803102, 0.000244702532655, 0.000178489004611, 0.000176583474968, 0.000132009809022, 0.000162416210514, 0.00010179682431, 9.8201817309e-05, 0.000368130509742, 0.000163266740856, 0.000105681028799, 0.000258534331806, 8.84928449523e-05, 7.26717335056e-05, 7.71929117036e-05, 5.97155412834e-05, 0.000118011790619, 7.19952586223e-05, 8.85039480636e-05, 0.000165400022524, 5.64307410968e-05, 6.98257790646e-05, 4.91578066431e-05, 5.3519528592e-05, 7.2013681347e-05, 3.80376768589e-05, 2.98789345834e-05, 4.0935115976e-05, 3.29279682774e-05, 1.80378156074e-05, 1.53169858095e-05, 2.33495320572e-05, 1.3252773897e-05, 1.5714629626e-05, 1.86472389032e-05, 8.95058383321e-06, 1.28386163851e-05, 1.3336187294e-05, 1.23793188322e-05, 5.60928765481e-06, 1.00051574918e-05, 4.71574685434e-06, 5.20795401826e-06, 5.37909090781e-06, 4.5496212806e-06, 4.41566180598e-06, 4.44534089183e-06, 4.98776080349e-06, 3.70382281289e-06, 5.50847016711e-06, 6.02027193963e-06, 6.50369838695e-06, 5.67273127672e-06, 5.42271754966e-06, 6.99886322764e-06, 8.67875314725e-06, 7.68617428548e-06, 6.26067821941e-06, 4.26402357334e-06, 1.73707792328e-06, 8.4327228933e-07, 9.46836564708e-07, 8.42320503125e-07, 7.24344943137e-07, 5.98719054778e-07, 6.03173589298e-07, 1.46427453274e-06, 8.65006711592e-07, 5.14986140843e-07, 5.19559307577e-07, 4.41743338797e-07, 3.45954617842e-07, 2.85059570615e-07, 2.51879583857e-07, 2.36467712966e-07, 2.19466073759e-07, 1.85221182392e-07, 1.89861481203e-07, 1.67443261034e-07, 1.54920968498e-07, 1.03879067126e-07, 9.28411267864e-08, 5.93256963555e-08, 3.73768038742e-08, 1.9089899439e-08, 6.3080576318e-09, 3.19620241385e-09, 2.14751039174e-09, 2.00267091799e-09, 7.87690412896e-10, 2.19363121418e-11, 1.65804505542e-11, 1.63741954023e-11, 1.63297431133e-11, 1.62975830748e-11]
    },
    "mfcc": {
        "mean": [-648.134094238, 113.376495361, -29.0818557739, 8.50353240967, -10.5650930405, -2.55291342735, -10.575553894, 1.67942476273, -6.25933408737, -1.94353044033, -6.3743262291, -5.79035377502, -9.73466491699],
        "cov": [[8901.96972656, 884.877197266, -49.8375205994, 397.092346191, 469.413299561, 227.473831177, 273.495056152, -160.609893799, 37.7262268066, 45.9488525391, 68.1557235718, 165.177642822, 157.91192627], [884.877197266, 738.696655273, 98.3730697632, 201.031997681, 211.627746582, -52.9596786499, 31.6951198578, -157.189239502, -5.76087427139, -39.7054862976, 12.2097787857, 72.6136398315, 45.5653953552], [-49.8375205994, 98.3730697632, 621.219726562, 405.798706055, 346.273681641, 223.33203125, 180.518997192, 13.6387968063, 54.2053756714, 34.8725318909, 106.718925476, 119.300178528, 153.839981079], [397.092346191, 201.031997681, 405.798706055, 597.157775879, 439.581817627, 231.192428589, 145.08996582, -6.05991792679, 72.578666687, 44.0961456299, 118.668151855, 131.054489136, 162.664138794], [469.413299561, 211.627746582, 346.273681641, 439.581817627, 527.288024902, 224.662765503, 200.972671509, -20.3207950592, 111.073913574, 46.1989746094, 122.849388123, 134.816574097, 151.436416626], [227.473831177, -52.9596786499, 223.33203125, 231.192428589, 224.662765503, 303.745300293, 186.815109253, 90.7980422974, 80.5649719238, 83.4619903564, 102.653938293, 74.4556503296, 89.7362442017], [273.495056152, 31.6951198578, 180.518997192, 145.08996582, 200.972671509, 186.815109253, 319.361816406, 62.3362617493, 97.3996810913, 61.8381004333, 103.735466003, 69.9737014771, 70.8633575439], [-160.609893799, -157.189239502, 13.6387968063, -6.05991792679, -20.3207950592, 90.7980422974, 62.3362617493, 145.986175537, 47.7829284668, 50.8723869324, 28.5518474579, 5.63646650314, 14.014673233], [37.7262268066, -5.76087427139, 54.2053756714, 72.578666687, 111.073913574, 80.5649719238, 97.3996810913, 47.7829284668, 132.51739502, 63.7661399841, 59.9919052124, 45.8241424561, 43.7592849731], [45.9488525391, -39.7054862976, 34.8725318909, 44.0961456299, 46.1989746094, 83.4619903564, 61.8381004333, 50.8723869324, 63.7661399841, 100.506500244, 58.4730834961, 27.8182048798, 29.2941703796], [68.1557235718, 12.2097787857, 106.718925476, 118.668151855, 122.849388123, 102.653938293, 103.735466003, 28.5518474579, 59.9919052124, 58.4730834961, 120.186027527, 67.8841018677, 55.1527748108], [165.177642822, 72.6136398315, 119.300178528, 131.054489136, 134.816574097, 74.4556503296, 69.9737014771, 5.63646650314, 45.8241424561, 27.8182048798, 67.8841018677, 110.338912964, 79.6276626587], [157.91192627, 45.5653953552, 153.839981079, 162.664138794, 151.436416626, 89.7362442017, 70.8633575439, 14.014673233, 43.7592849731, 29.2941703796, 55.1527748108, 79.6276626587, 125.205825806]],
        "icov": [[0.000145196274389, -0.000157792208483, 0.000190013102838, -3.4282085835e-05, -2.88065439236e-05, -0.000192202336621, -0.000115949500469, 0.000116544528282, 0.000126524057123, -0.000106218838482, 0.000153977234731, -7.16910944902e-05, -0.000131056833197], [-0.000157792208483, 0.00240852823481, -2.68751159638e-06, -0.000636728305835, -0.000488434219733, 0.00119151279796, -0.000548660114873, 0.0017519799294, 3.85516796086e-05, -0.000157199392561, 0.000508089491632, -0.00126748753246, 0.000609811104368], [0.000190013102838, -2.68751159638e-06, 0.00368895428255, -0.00145964568947, -0.000362120306818, -0.000887361646164, -0.000897611200344, 0.000353853043634, 0.00102548033465, 0.000397876021452, 0.000127946841531, -0.000410142180044, -0.00157957419287], [-3.4282085835e-05, -0.000636728305835, -0.00145964568947, 0.00595000991598, -0.00332886795513, -0.00140105944593, 0.00158292229753, -0.000564092653804, 0.000803310947958, 0.000154160428792, -0.0011607457418, 0.000511993188411, -0.00159514776897], [-2.88065439236e-05, -0.000488434219733, -0.000362120306818, -0.00332886795513, 0.00777693046257, -0.00208323565312, -0.00120991736185, 0.00298065855168, -0.00356338103302, 0.00177277310286, -0.000309321301756, -0.000712323759217, -0.00115827319678], [-0.000192202336621, 0.00119151279796, -0.000887361646164, -0.00140105944593, -0.00208323565312, 0.0101488474756, -0.00241147330962, -0.00378323206678, 0.00186383805703, -0.00339252874255, -0.000743727432564, -0.0001399662724, 0.00031246303115], [-0.000115949500469, -0.000548660114873, -0.000897611200344, 0.00158292229753, -0.00120991736185, -0.00241147330962, 0.00659415125847, -0.00133430480491, -0.00204183836468, 0.00132709904574, -0.00286152749322, 0.000759739195928, 0.00018169930263], [0.000116544528282, 0.0017519799294, 0.000353853043634, -0.000564092653804, 0.00298065855168, -0.00378323206678, -0.00133430480491, 0.013727796264, -0.00317059131339, -0.00190319668036, 0.00113394553773, -0.00015864733723, -0.00100673560519], [0.000126524057123, 3.85516796086e-05, 0.00102548033465, 0.000803310947958, -0.00356338103302, 0.00186383805703, -0.00204183836468, -0.00317059131339, 0.0153061905876, -0.00665672915056, -0.00036024505971, -0.0018631531857, -0.000441077369032], [-0.000106218838482, -0.000157199392561, 0.000397876021452, 0.000154160428792, 0.00177277310286, -0.00339252874255, 0.00132709904574, -0.00190319668036, -0.00665672915056, 0.0199788790196, -0.00695229368284, 0.00195458577946, -0.00127726444043], [0.000153977234731, 0.000508089491632, 0.000127946841531, -0.0011607457418, -0.000309321301756, -0.000743727432564, -0.00286152749322, 0.00113394553773, -0.00036024505971, -0.00695229368284, 0.0197759084404, -0.00806519016623, 0.00154203176498], [-7.16910944902e-05, -0.00126748753246, -0.000410142180044, 0.000511993188411, -0.000712323759217, -0.0001399662724, 0.000759739195928, -0.00015864733723, -0.0018631531857, 0.00195458577946, -0.00806519016623, 0.0225337091833, -0.00964421033859], [-0.000131056833197, 0.000609811104368, -0.00157957419287, -0.00159514776897, -0.00115827319678, 0.00031246303115, 0.00018169930263, -0.00100673560519, -0.000441077369032, -0.00127726444043, 0.00154203176498, -0.00964421033859, 0.0190374460071]]
    },
    "spectral_contrast_coeffs": {
        "max": [-0.296863466501, -0.478222608566, -0.487560778856, -0.638328433037, -0.615468919277, -0.401205688715],
        "mean": [-0.656408250332, -0.7359380126, -0.76310634613, -0.798174321651, -0.787697434425, -0.737997055054],
        "min": [-0.907916724682, -0.943728625774, -0.938334107399, -0.943380892277, -0.926135420799, -0.919044554234],
        "stdev": [0.127401471138, 0.0905942767859, 0.0654124692082, 0.0468167364597, 0.0379687920213, 0.0496212095022]
    },
    "spectral_contrast_valleys": {
        "max": [-4.76194429398, -4.77240467072, -5.55271434784, -5.68997240067, -6.00222587585, -8.36962413788],
        "mean": [-7.7110414505, -6.84638977051, -7.05373954773, -7.22699689865, -7.4501376152, -10.6526384354],
        "min": [-15.7897796631, -16.5488681793, -16.6791954041, -16.2864494324, -15.7909812927, -17.2984714508],
        "stdev": [1.71099996567, 0.991086244583, 0.968652367592, 0.951483249664, 0.908716380596, 0.866879463196]
    }
},
"rhythm": {
    "beats_count": 59,
    "beats_loudness": {
        "max": 0.0864502564073,
        "mean": 0.0323067940772,
        "min": 1.14895410661e-05,
        "stdev": 0.0232220776379
    },
    "bpm": 125.236320496,
    "bpm_histogram_first_peak_bpm": 126,
    "bpm_histogram_first_peak_weight": 0.363636374474,
    "bpm_histogram_second_peak_bpm": 152,
    "bpm_histogram_second_peak_spread": 0.277777731419,
    "bpm_histogram_second_peak_weight": 0.224137932062,
    "danceability": 1.0004607439,
    "onset_rate": 3.22665882111,
    "beats_loudness_band_ratio": {
        "max": [0.823668539524, 0.720132887363, 0.751553118229, 0.578459739685, 0.396853357553, 0.171997457743],
        "mean": [0.284027099609, 0.202633172274, 0.270584255457, 0.151887580752, 0.108970858157, 0.0359403267503],
        "min": [0.000160855794093, 0.00812732893974, 0.0202775634825, 0.0232908912003, 0.00376123655587, 0.00313548883423],
        "stdev": [0.257134854794, 0.154846355319, 0.216200068593, 0.129678726196, 0.0831727609038, 0.0320997796953]
    },
    "beats_position": [0.429569154978, 0.859138309956, 1.27709746361, 1.67183673382, 2.06657600403, 2.46131515503, 2.86766433716, 3.27401351929, 3.65714287758, 4.04027223587, 4.43501138687, 4.82975053787, 5.22448968887, 5.61922883987, 6.01396799088, 6.40870714188, 6.80344676971, 7.19818592072, 7.59292507172, 7.98766422272, 8.4172334671, 8.83519268036, 9.31120204926, 9.78721046448, 10.2632198334, 10.7508392334, 11.2384576797, 11.7260770798, 12.1556463242, 12.5852155685, 13.0147848129, 13.4443531036, 13.8507022858, 14.2570514679, 14.6750106812, 15.0929698944, 15.5109291077, 15.9172782898, 16.3352375031, 16.8344669342, 17.3336963654, 17.8213157654, 18.3205432892, 18.8313827515, 19.3190021515, 19.7950115204, 20.2826309204, 20.758638382, 21.2230377197, 21.6990470886, 22.1750564575, 22.6510658264, 23.1270751953, 23.614692688, 24.0907020569, 24.5667114258, 25.0427207947, 25.5187301636, 25.9947395325],
