{
"metadata": {
    "version": {
        "essentia": "2.1-beta5",
        "essentia_git_sha": "Undefined",
        "extractor": "music 2.0"
    },
    "audio_properties": {
        "analysis": {
            "equal_loudness": 0,
            "length": 48.7502937317,
            "sample_rate": 44100,
            "start_time": 12.7477550507,
            "downmix": "mix"
        },
        "bit_rate": 192000,
        "length": 202.605728149,
        "lossless": 0,
        "number_channels": 2,
        "replay_gain": 6.3007068634,
        "sample_rate": 48000,
        "codec": "mp3",
        "md5_encoded": "c6739b7093b03df79672b2d5718ec394"
    },
    "tags": {
        "file_name": "Slovenia_Love Symphony_Quartissimo feat. Martina.mp3",
        "encoding": ["Lavf58.29.100"]
    }
},
"lowlevel": {
    "average_loudness": 0.973078072071,
    "barkbands_crest": {
        "max": 26.5607910156,
        "mean": 12.8074216843,
        "min": 2.0711877346,
        "stdev": 6.39405250549
    },
    "barkbands_flatness_db": {
        "max": 0.410525351763,
        "mean": 0.166050344706,
        "min": 0.0649927482009,
        "stdev": 0.0561774522066
    },
    "barkbands_kurtosis": {
        "max": 405.719726562,
        "mean": 7.51105546951,
        "min": -1.6923481226,
        "stdev": 17.5713539124
    },
    "barkbands_skewness": {
        "max": 18.9032344818,
        "mean": 2.0775308609,
        "min": -1.06871330738,
        "stdev": 1.73074233532
    },
    "barkbands_spread": {
        "max": 66.908493042,
        "mean": 20.3849277496,
        "min": 0.543295145035,
        "stdev": 10.5579204559
    },
    "dissonance": {
        "max": 0.499901115894,
        "mean": 0.47143137455,
        "min": 0.368424981833,
        "stdev": 0.0193763468415
    },
    "dynamic_complexity": 1.84025859833,
    "erbbands_crest": {
        "max": 21.9475097656,
        "mean": 6.92478656769,
        "min": 2.24514174461,
        "stdev": 2.84926271439
    },
    "erbbands_flatness_db": {
        "max": 0.293035656214,
        "mean": 0.158537000418,
        "min": 0.0946641862392,
        "stdev": 0.0325100421906
    },
    "erbbands_kurtosis": {
        "max": 6.41034698486,
        "mean": -0.28727966547,
        "min": -1.70051038265,
        "stdev": 0.691677212715
    },
    "erbbands_skewness": {
        "max": 2.14714312553,
        "mean": 0.0250981524587,
        "min": -1.75639796257,
        "stdev": 0.428203701973
    },
    "erbbands_spread": {
        "max": 115.967681885,
        "mean": 40.1489334106,
        "min": 8.63702487946,
        "stdev": 14.3466587067
    },
    "hfc": {
        "max": 135.159118652,
        "mean": 21.0980987549,
        "min": 0.687281250954,
        "stdev": 17.0569400787
    },
    "loudness_ebu128": {
        "integrated": -28.0839557648,
        "loudness_range": 1.53940200806,
        "momentary": {
            "max": -24.9712219238,
            "mean": -28.379989624,
            "min": -40.4104995728,
            "stdev": 1.76292979717
        },
        "short_term": {
            "max": -26.9423713684,
            "mean": -28.1774463654,
            "min": -30.3010005951,
            "stdev": 0.568988263607
        }
    },
    "melbands_crest": {
        "max": 35.5301170349,
        "mean": 18.7843170166,
        "min": 3.01024699211,
        "stdev": 7.77653932571
    },
    "melbands_flatness_db": {
        "max": 0.48290631175,
        "mean": 0.209976926446,
        "min": 0.0436670444906,
        "stdev": 0.0754988417029
    },
    "melbands_kurtosis": {
        "max": 441.195861816,
        "mean": 22.7771339417,
        "min": -1.22404229641,
        "stdev": 37.8409461975
    },
    "melbands_skewness": {
        "max": 16.6097126007,
        "mean": 3.46619439125,
        "min": -0.746865391731,
        "stdev": 2.39817762375
    },
    "melbands_spread": {
        "max": 83.2646560669,
        "mean": 21.0792217255,
        "min": 0.474707752466,
        "stdev": 15.4670009613
    },
    "pitch_salience": {
        "max": 0.834164559841,
        "mean": 0.452599912882,
        "min": 0.0390499085188,
        "stdev": 0.163358256221
    },
    "silence_rate_20dB": {
        "max": 1,
        "mean": 1,
        "min": 1,
        "stdev": 0
    },
    "silence_rate_30dB": {
        "max": 1,
        "mean": 0.888624489307,
        "min": 0,
        "stdev": 0.314597606659
    },
    "silence_rate_60dB": {
        "max": 1,
        "mean": 0.0157068055123,
        "min": 0,
        "stdev": 0.124339319766
    },
    "spectral_centroid": {
        "max": 3293.26977539,
        "mean": 1454.90710449,
        "min": 264.615081787,
        "stdev": 533.292175293
    },
    "spectral_complexity": {
        "max": 61,
        "mean": 23.3722038269,
        "min": 0,
        "stdev": 9.74527835846
    },
    "spectral_decrease": {
        "max": -1.61395133369e-10,
        "mean": -1.23178702793e-08,
        "min": -4.88954619016e-08,
        "stdev": 9.27474363976e-09
    },
    "spectral_energy": {
        "max": 0.187597647309,
        "mean": 0.0484041273594,
        "min": 0.000671484100167,
        "stdev": 0.03538922593
    },
    "spectral_energyband_high": {
        "max": 0.008858082816,
        "mean": 0.000787641678471,
        "min": 3.84467512049e-06,
        "stdev": 0.00104900554288
    },
    "spectral_energyband_low": {
        "max": 0.160057872534,
        "mean": 0.0323785245419,
        "min": 1.04430255305e-05,
        "stdev": 0.0341641046107
    },
    "spectral_energyband_middle_high": {
        "max": 0.0408807173371,
        "mean": 0.00634175399318,
        "min": 0.000185231227078,
        "stdev": 0.00582440942526
    },
    "spectral_energyband_middle_low": {
        "max": 0.0964504927397,
        "mean": 0.0105375451967,
        "min": 0.000125621940242,
        "stdev": 0.00946671050042
    },
    "spectral_entropy": {
        "max": 8.59230613708,
        "mean": 7.72815704346,
        "min": 6.65550899506,
        "stdev": 0.27800399065
    },
    "spectral_flux": {
        "max": 0.314767360687,
        "mean": 0.100324958563,
        "min": 0.0168618615717,
        "stdev": 0.0553024075925
    },
    "spectral_kurtosis": {
        "max": 18.1836738586,
        "mean": 3.36082744598,
        "min": 0.174441814423,
        "stdev": 2.07034277916
    },
    "spectral_rms": {
        "max": 0.0135285658762,
        "mean": 0.00640201801434,
        "min": 0.000809386430774,
        "stdev": 0.00249756639823
    },
    "spectral_rolloff": {
        "max": 4715.77148438,
        "mean": 1071.38952637,
        "min": 64.599609375,
        "stdev": 922.175842285
    },
    "spectral_skewness": {
        "max": 2.94111275673,
        "mean": 1.29932010174,
        "min": 0.423706173897,
        "stdev": 0.29337349534
    },
    "spectral_spread": {
        "max": 17824974,
        "mean": 4063630.75,
        "min": 1458828.25,
        "stdev": 989194.625
    },
    "spectral_strongpeak": {
        "max": 10.5569925308,
        "mean": 0.639632999897,
        "min": 0,
        "stdev": 0.65773332119
    },
    "zerocrossingrate": {
        "max": 0.13720703125,
        "mean": 0.0457187891006,
        "min": 0.00341796875,
        "stdev": 0.0241830144078
    },
    "barkbands": {
        "max": [0.00762546760961, 0.14182330668, 0.120039358735, 0.0718784704804, 0.0210591964424, 0.0248395632952, 0.0320453569293, 0.0262960735708, 0.0115239704028, 0.0186185073107, 0.0207631960511, 0.00472365319729, 0.0053759845905, 0.00686569558457, 0.00612854864448, 0.0181183237582, 0.00889725424349, 0.00533949956298, 0.00391759024933, 0.00396714871749, 0.00299295689911, 0.00256511638872, 0.00116037868429, 0.0010634198552, 0.000508080935106, 1.13441240046e-06, 2.18125482121e-08],
        "mean": [0.00116592843551, 0.0254197586328, 0.00430067162961, 0.00338447606191, 0.00182400911581, 0.00188845605589, 0.00141167850234, 0.000867846130859, 0.000904940243345, 0.00122605881188, 0.00113079615403, 0.000405526574468, 0.000378983648261, 0.000542705878615, 0.000569656665903, 0.000725852965843, 0.00058363477001, 0.000391287554521, 0.000354622316081, 0.000279502506601, 0.000226104864851, 0.000182020958164, 0.000115793991426, 7.76634551585e-05, 4.61076670035e-05, 6.20511855232e-08, 2.34086106055e-09],
        "min": [5.76553595977e-08, 2.40703320742e-06, 1.80248002835e-06, 3.65032633454e-07, 6.65994377869e-07, 5.66858261664e-06, 5.26928897671e-06, 3.49792708221e-06, 1.28029851112e-05, 8.53385427035e-06, 5.98887072556e-06, 2.04180605579e-06, 4.6186551117e-06, 1.12285915748e-05, 7.66909397498e-06, 1.07656223918e-05, 1.89396575934e-06, 5.0176449804e-06, 2.80279641629e-06, 3.16762407238e-06, 7.60007253575e-07, 2.95304005249e-07, 1.91740298305e-07, 2.2794473864e-07, 1.72343447957e-07, 6.09910011384e-10, 6.31632357528e-10],
        "stdev": [0.00150260457303, 0.0318840667605, 0.00952963065356, 0.0064535299316, 0.00238342420198, 0.00260650133714, 0.00188522005919, 0.00134588032961, 0.0010662243003, 0.00166664249264, 0.00165303761605, 0.00051918218378, 0.000420266529545, 0.000766294891946, 0.000636910146568, 0.0011245245114, 0.000883268716279, 0.000620312290266, 0.000412247609347, 0.000388703716453, 0.000321973784594, 0.00029271125095, 0.000172928310349, 0.000111058572656, 6.61706362735e-05, 1.20891627375e-07, 2.37454145235e-09]
    },
    "erbbands": {
        "max": [4.34378576279, 31.3377513885, 109.089263916, 120.820114136, 188.658920288, 90.365447998, 130.337921143, 240.137527466, 490.893218994, 464.391906738, 223.662094116, 324.250488281, 713.294677734, 585.860717773, 667.730407715, 215.371582031, 240.199371338, 260.116119385, 347.915527344, 465.027801514, 685.059387207, 401.191894531, 337.222045898, 216.590118408, 169.604614258, 150.437652588, 114.932395935, 109.644798279, 91.4098129272, 63.7112998962, 34.1251831055, 32.1863288879, 10.1637897491, 7.24514055252, 2.9484500885, 0.183256059885, 0.00447978917509, 0.000363841070794, 0.000101258061477, 0.000206235607038],
        "mean": [0.889507770538, 4.99876308441, 6.0194234848, 8.03312969208, 9.76107692719, 5.12770557404, 8.89782428741, 17.7657623291, 16.5624103546, 25.5429096222, 15.7754716873, 23.2091732025, 28.3989028931, 37.440776825, 45.7141876221, 18.9987888336, 18.6985359192, 22.7987594604, 28.632390976, 41.2188453674, 34.9694023132, 30.4785633087, 24.1147193909, 18.1891670227, 17.4473609924, 13.6765699387, 9.81947231293, 8.16462898254, 6.55630731583, 4.92000484467, 3.31385064125, 1.98836672306, 1.09640645981, 0.624058365822, 0.274608612061, 0.0156372226775, 0.000455628731288, 3.9047721657e-05, 2.95262780128e-05, 5.63334324397e-05],
        "min": [6.84398546582e-05, 0.00195104721934, 0.00243112724274, 0.0037830080837, 0.00157218554523, 0.00511452043429, 0.026079537347, 0.0664977729321, 0.072332456708, 0.115088075399, 0.0659947916865, 0.316916435957, 0.331412911415, 0.428711622953, 0.333596915007, 0.110058888793, 0.401344835758, 0.535163104534, 0.786871850491, 0.614384114742, 0.634958267212, 0.160596236587, 0.293401449919, 0.268841445446, 0.156192049384, 0.182974785566, 0.0579193495214, 0.0191197674721, 0.012951775454, 0.00803918763995, 0.00671493215486, 0.00515996757895, 0.00251468340866, 0.00196786760353, 0.00109408376738, 6.34153548162e-05, 5.47613308299e-06, 1.18300636132e-06, 7.50279639306e-07, 9.89556042441e-07],
        "stdev": [1.04297816753, 7.34122562408, 11.3581361771, 13.6873092651, 16.4235229492, 6.95891618729, 11.7963247299, 26.5691585541, 25.0642089844, 34.5353775024, 20.1855888367, 28.3813171387, 41.2759246826, 45.4118843079, 63.0928649902, 23.166765213, 20.2758102417, 29.7003860474, 30.982875824, 53.7112693787, 51.782661438, 42.5370941162, 36.6386108398, 24.8594741821, 21.6150817871, 16.6626491547, 12.9989309311, 12.4965543747, 10.2722005844, 7.79450798035, 5.16914653778, 2.87241864204, 1.56528997421, 0.918033838272, 0.400158792734, 0.0227985810488, 0.000626830616966, 4.94513697049e-05, 1.89896218217e-05, 3.88860389648e-05]
    },
    "gfcc": {
        "mean": [11.1466140747, 119.120994568, -142.24836731, 55.7623252869, -60.6161994934, 27.50522995, -30.6367721558, 13.9119358063, -10.1391620636, -4.28598499298, -1.94093585014, -10.4441614151, 8.85815811157],
        "cov": [[1990.24768066, -408.960662842, 169.627700806, 233.060882568, -252.309112549, 145.348953247, -170.726226807, 1.66957783699, -88.4468765259, -0.506713628769, -128.345687866, 12.877248764, -91.6666030884], [-408.960662842, 634.962524414, 88.479675293, -93.9746704102, 221.1484375, -127.336860657, 129.695663452, -49.4885177612, 79.5067825317, -68.4549179077, 67.6260299683, -28.2095279694, 74.9132537842], [169.627700806, 88.479675293, 582.600219727, 193.899246216, 75.7496185303, 197.731155396, 61.2214164734, 15.7903213501, 66.707321167, 58.3630218506, 36.5761070251, 28.5717983246, 39.5030708313], [233.060882568, -93.9746704102, 193.899246216, 218.097183228, 49.4571151733, 118.766105652, 54.2854042053, 12.4955196381, 38.7558326721, 27.3203468323, 15.5399122238, 4.04210948944, 1.16821074486], [-252.309112549, 221.1484375, 75.7496185303, 49.4571151733, 249.781097412, 32.185585022, 138.750778198, 23.0595188141, 85.0894699097, 2.36799883842, 58.5634651184, -2.57071232796, 40.2686729431], [145.348953247, -127.336860657, 197.731155396, 118.766105652, 32.185585022, 192.111358643, 55.9839248657, 47.4852104187, 39.5729179382, 51.2937850952, 21.5479278564, 30.5324668884, 7.465924263], [-170.726226807, 129.695663452, 61.2214164734, 54.2854042053, 138.750778198, 55.9839248657, 175.242370605, 53.4096679688, 91.9448623657, 16.4338054657, 64.9981307983, 12.2334260941, 47.6542663574], [1.66957783699, -49.4885177612, 15.7903213501, 12.4955196381, 23.0595188141, 47.4852104187, 53.4096679688, 95.9510269165, 50.0450820923, 44.2933616638, 24.6814441681, 25.7773780823, 12.6642684937], [-88.4468765259, 79.5067825317, 66.707321167, 38.7558326721, 85.0894699097, 39.5729179382, 91.9448623657, 50.0450820923, 122.939697266, 43.5172615051, 65.9145812988, 25.3725948334, 43.69581604], [-0.506713628769, -68.4549179077, 58.3630218506, 27.3203468323, 2.36799883842, 51.2937850952, 16.4338054657, 44.2933616638, 43.5172615051, 85.5587234497, 44.1399536133, 30.2320556641, 11.9010381699], [-128.345687866, 67.6260299683, 36.5761070251, 15.5399122238, 58.5634651184, 21.5479278564, 64.9981307983, 24.6814441681, 65.9145812988, 44.1399536133, 98.7268829346, 47.6066246033, 45.6813964844], [12.877248764, -28.2095279694, 28.5717983246, 4.04210948944, -2.57071232796, 30.5324668884, 12.2334260941, 25.7773780823, 25.3725948334, 30.2320556641, 47.6066246033, 69.4967498779, 39.1888542175], [-91.6666030884, 74.9132537842, 39.5030708313, 1.16821074486, 40.2686729431, 7.465924263, 47.6542663574, 12.6642684937, 43.69581604, 11.9010381699, 45.6813964844, 39.1888542175, 74.205696106]],
        "icov": [[0.000901793071534, -0.00075566052692, 0.000425988517236, -0.00172630534507, 0.00105457054451, -0.000785127747804, 0.000931636721361, -0.000646114582196, -0.000132482979097, 2.75788042927e-05, 0.00130291411187, -0.00131978595164, 0.000664456863888], [-0.00075566052692, 0.0103833116591, -0.00594512512907, 0.00816034711897, -0.00583703117445, 0.00878596119583, -0.00515630515292, 0.00407307688147, -0.00267632748, 0.00642166240141, -0.00580071797594, 0.0049032154493, -0.00195205828641], [0.000425988517236, -0.00594512512907, 0.00671388907358, -0.00612098397687, 0.00279092858545, -0.0078158127144, 0.00405180454254, -0.00111728336196, 0.000883929838892, -0.00445256289095, 0.00358136626892, -0.0018696677871, -0.00111295457464], [-0.00172630534507, 0.00816034711897, -0.00612098397687, 0.016225291416, -0.00549421831965, 0.00359239499085, -0.0064130355604, 0.00581729691476, -0.00289252540097, 0.00404046382755, -0.00528049422428, 0.00540701625869, -0.000171515814145], [0.00105457054451, -0.00583703117445, 0.00279092858545, -0.00549421831965, 0.01177409105, -0.00476898392662, -0.00172369380016, -0.00162940681912, -0.000551961478777, -0.00154883903451, 0.00174207426608, -0.00100801233202, 0.00130496977363], [-0.000785127747804, 0.00878596119583, -0.0078158127144, 0.00359239499085, -0.00476898392662, 0.0206496249884, -0.00876288674772, 0.00165055436082, -0.000894647731911, 0.00125454762019, -0.000829433265608, -0.00255288067274, 0.00230509322137], [0.000931636721361, -0.00515630515292, 0.00405180454254, -0.0064130355604, -0.00172369380016, -0.00876288674772, 0.0223860945553, -0.0103769842535, -0.00250131008215, 0.00431736418977, -0.00563713954762, 0.00611531734467, -0.00546666467562], [-0.000646114582196, 0.00407307688147, -0.00111728336196, 0.00581729691476, -0.00162940681912, 0.00165055436082, -0.0103769842535, 0.0236734561622, -0.00636395532638, -0.00729492679238, 0.00660872226581, -0.00677031185478, 0.00335955270566], [-0.000132482979097, -0.00267632748, 0.000883929838892, -0.00289252540097, -0.000551961478777, -0.000894647731911, -0.00250131008215, -0.00636395532638, 0.0213771592826, -0.00606392137706, -0.00527155864984, 0.00306357583031, -0.00479293381795], [2.75788042927e-05, 0.00642166240141, -0.00445256289095, 0.00404046382755, -0.00154883903451, 0.00125454762019, 0.00431736418977, -0.00729492679238, -0.00606392137706, 0.0302879903466, -0.0161168575287, 0.0050387410447, 0.0010183211416], [0.00130291411187, -0.00580071797594, 0.00358136626892, -0.00528049422428, 0.00174207426608, -0.000829433265608, -0.00563713954762, 0.00660872226581, -0.00527155864984, -0.0161168575287, 0.0371345058084, -0.0223749838769, 0.00191771006212], [-0.00131978595164, 0.0049032154493, -0.0018696677871, 0.00540701625869, -0.00100801233202, -0.00255288067274, 0.00611531734467, -0.00677031185478, 0.00306357583031, 0.0050387410447, -0.0223749838769, 0.0421914644539, -0.0187577288598], [0.000664456863888, -0.00195205828641, -0.00111295457464, -0.000171515814145, 0.00130496977363, 0.00230509322137, -0.00546666467562, 0.00335955270566, -0.00479293381795, 0.0010183211416, 0.00191771006212, -0.0187577288598, 0.0302445236593]]
    },
    "melbands": {
        "max": [0.0411051772535, 0.0452140383422, 0.0237023048103, 0.00658785738051, 0.00375626655295, 0.00462609343231, 0.00741536868736, 0.0059247687459, 0.00143910525367, 0.00222801859491, 0.00355268875137, 0.00256517715752, 0.00312696257606, 0.000734241155442, 0.000744839489926, 0.000406748091336, 0.000562662433367, 0.000535407511052, 0.000399680458941, 0.00149384723045, 0.000612306233961, 0.000526975141838, 0.000427115184721, 0.000327935966197, 0.000193478525034, 0.000150123887579, 0.000161967473105, 9.79581745923e-05, 8.87806018e-05, 0.000108402578917, 6.42259983579e-05, 5.16234358656e-05, 5.42704547115e-05, 2.87241073238e-05, 2.17077868001e-05, 1.53751389007e-05, 1.96810378839e-05, 7.97981192591e-06, 6.27765530226e-06, 7.03720297679e-06],
        "mean": [0.0075019733049, 0.00422580912709, 0.00150794757064, 0.000502414710354, 0.000292951735901, 0.000379581382731, 0.000258546147961, 0.000263052526861, 0.000122952464153, 0.00014242377074, 0.000145408470416, 0.000155825604452, 0.000166592071764, 5.67851311644e-05, 4.66993114969e-05, 3.63102335541e-05, 4.41259908257e-05, 4.78079928143e-05, 4.1589999455e-05, 6.2990191509e-05, 3.6094992538e-05, 3.37157944159e-05, 2.42096357397e-05, 1.99582937057e-05, 1.39092226163e-05, 1.3369932276e-05, 1.09506645458e-05, 8.60096042743e-06, 6.26651853963e-06, 5.55557471671e-06, 4.34430330642e-06, 3.5955297335e-06, 3.52826123162e-06, 2.37663425651e-06, 1.9912836251e-06, 1.44143871239e-06, 1.1319314126e-06, 7.75967976097e-07, 6.32178114301e-07, 4.97338135119e-07],
        "min": [7.3101301723e-07, 2.04531716008e-06, 6.87173667302e-07, 1.14166013532e-07, 6.99669044479e-07, 1.32893137561e-06, 1.07828464024e-06, 9.81853986559e-07, 4.68699511202e-07, 2.13021917261e-06, 1.06096047148e-06, 1.17530930765e-06, 8.64026731051e-07, 4.29846778616e-07, 3.28314342823e-07, 5.31268028681e-07, 9.58448708843e-07, 9.20914317248e-07, 4.92358935844e-07, 7.13193344382e-07, 6.20361959136e-07, 1.52433301537e-07, 1.68047705529e-07, 2.46158464279e-07, 1.84366115263e-07, 1.15711472404e-07, 9.737122042e-08, 7.47130357581e-08, 4.12708587305e-08, 1.33957067661e-08, 7.97477373027e-09, 5.91383297888e-09, 3.3332507865e-09, 3.12786285761e-09, 2.90600032926e-09, 3.38143602008e-09, 2.11013140294e-09, 1.28763311125e-09, 9.11856923302e-10, 1.35267996804e-09],
        "stdev": [0.00906258355826, 0.00613791495562, 0.0024231527932, 0.000679536431562, 0.000355569267413, 0.000543446978554, 0.000382248865208, 0.000362313323421, 0.000152172287926, 0.000180867922609, 0.000213749706745, 0.000200382186449, 0.000245213566814, 7.4269468314e-05, 6.07291076449e-05, 3.89152482967e-05, 6.23239247943e-05, 5.67482638871e-05, 5.18339038535e-05, 9.51391630224e-05, 5.84654917475e-05, 5.17009066243e-05, 3.51324415533e-05, 3.51799462806e-05, 1.93091054825e-05, 1.63039694598e-05, 1.56929891091e-05, 1.07314426714e-05, 8.21960202302e-06, 8.99347833183e-06, 6.84748920321e-06, 5.78982144361e-06, 5.81397307542e-06, 3.73037414647e-06, 3.17737772093e-06, 2.1345776986e-06, 1.67494772541e-06, 1.12181237455e-06, 9.45341923853e-07, 7.57957025144e-07]
    },
    "melbands128": {
        "max": [0.00727264443412, 0.0395952947438, 0.0727807506919, 0.058240685612, 0.0659769102931, 0.0569239035249, 0.0255925245583, 0.0426868051291, 0.0207928270102, 0.00971518736333, 0.0059760324657, 0.00346984900534, 0.00396252982318, 0.0111236292869, 0.0088359657675, 0.0060513028875, 0.00419973488897, 0.0140153784305, 0.00463270721957, 0.00667114648968, 0.0104279052466, 0.00193883397151, 0.00235780724324, 0.00154145760462, 0.00260994886048, 0.0041135805659, 0.00224343966693, 0.00711236987263, 0.00449113361537, 0.00475807394832, 0.00235753343441, 0.00343729322776, 0.00590506009758, 0.00424404162914, 0.000647237873636, 0.000856096856296, 0.00112887623254, 0.000721154443454, 0.00116347207222, 0.000605304725468, 0.000736102054361, 0.000722567783669, 0.000742923119105, 0.000821809924673, 0.00135153229348, 0.000517759413924, 0.00123381812591, 0.000582667824347, 0.000838400621433, 0.00164471112657, 0.00224931701086, 0.00297988811508, 0.00087413325673, 0.000659771263599, 0.00120265420992, 0.000588420662098, 0.000397230265662, 0.000827150710393, 0.000249559554504, 0.000481982482597, 0.000623727217317, 0.000511145684868, 0.000255616439972, 0.00021031628421, 0.00032163792639, 0.000185029581189, 0.000329001515638, 0.000165182020282, 0.00024430983467, 0.000156185211381, 0.000104906292108, 0.000205246862606, 0.000102555684862, 0.000194495078176, 6.20576684014e-05, 0.00012899475405, 0.000152440436068, 5.38131243957e-05, 8.47954797791e-05, 5.88939765294e-05, 6.91478708177e-05, 6.3557352405e-05, 5.67952374695e-05, 7.85774027463e-05, 6.7606655648e-05, 4.18283634644e-05, 3.26446024701e-05, 2.78172392427e-05, 3.07789741782e-05, 2.21529098781e-05, 2.13814309973e-05, 1.67304478964e-05, 3.03939305013e-05, 2.63039873971e-05, 1.18446769193e-05, 1.35228547151e-05, 8.30764020066e-06, 1.1548954717e-05, 9.47723310674e-06, 8.06078969617e-06, 7.39142296879e-06, 8.95155699254e-06, 6.5454378273e-06, 7.9388728409e-06, 3.58836132364e-06, 3.03129195345e-06, 1.40477300192e-06, 5.58400934381e-08, 6.5113842096e-10, 4.89092877309e-10, 4.08088091097e-10, 3.47338297013e-10, 2.88687712624e-10, 2.51320686484e-10, 2.6795987651e-10, 1.70130201593e-10, 1.54251250661e-10, 3.03484154474e-10, 2.05932659814e-10, 9.57604759377e-11, 9.47054795697e-11, 9.21356047012e-11, 9.10861594483e-11, 8.99078034244e-11, 8.820594255e-11, 8.434414972e-11, 8.23961593399e-11, 8.18819942405e-11],
        "mean": [0.00113457022235, 0.0071452758275, 0.0106581822038, 0.00745862210169, 0.00369649380445, 0.00190875504632, 0.00153405079618, 0.00178978033364, 0.000911023002118, 0.000401491037337, 0.000236151056015, 0.000186081961147, 0.000231690646615, 0.000514262530487, 0.000540547771379, 0.000192177845747, 0.000178921414772, 0.000328757188981, 0.000249669916229, 0.000357067212462, 0.000223422583076, 0.000118077252409, 0.000106948471512, 0.000115378519695, 0.000181627779966, 0.000139688825584, 9.61576151894e-05, 0.000134657122544, 0.000188947509741, 0.000219617155381, 8.60562504386e-05, 0.000135354392114, 0.000235995903495, 0.000154734152602, 4.17476403527e-05, 3.9042228309e-05, 5.22999653185e-05, 4.21044205723e-05, 5.45584662177e-05, 3.52438473783e-05, 3.22013656842e-05, 3.44316576957e-05, 4.0751612687e-05, 4.64052354801e-05, 6.28124616924e-05, 4.50603947684e-05, 3.93073241867e-05, 2.55929207924e-05, 4.74717562611e-05, 7.26108773961e-05, 6.82977406541e-05, 5.55108563276e-05, 3.06441579596e-05, 2.93120847346e-05, 4.07867300964e-05, 3.71400747099e-05, 2.10808757402e-05, 3.40301230608e-05, 1.81015802809e-05, 2.18579407374e-05, 2.22005855903e-05, 1.72612690221e-05, 1.44032001117e-05, 1.24650796351e-05, 1.34811698445e-05, 1.35969976327e-05, 1.32407103592e-05, 1.2751255781e-05, 9.80168260867e-06, 9.47776425164e-06, 9.24326741369e-06, 8.35780974739e-06, 6.17186060481e-06, 6.58993940306e-06, 4.99090401718e-06, 5.49820697415e-06, 6.21606022833e-06, 4.73781392429e-06, 4.16874718212e-06, 3.88880926039e-06, 3.05072512674e-06, 3.81775225833e-06, 3.99356531489e-06, 3.506351959e-06, 3.28544115291e-06, 2.49845243161e-06, 2.15400837078e-06, 1.82700830464e-06, 2.14243868868e-06, 1.98528914552e-06, 1.56419446284e-06, 1.28107262753e-06, 1.22291635307e-06, 1.25707742882e-06, 9.72476186689e-07, 8.46082343742e-07, 7.11119071184e-07, 7.2471692647e-07, 6.58885142002e-07, 5.98443989475e-07, 4.69518226964e-07, 5.10459074121e-07, 4.72154511044e-07, 4.50206442792e-07, 3.51348802496e-07, 2.42930411787e-07, 6.32789252109e-08, 2.73354072711e-09, 1.52418529187e-11, 1.35154882078e-11, 1.32828418403e-11, 1.30920821059e-11, 1.28624116566e-11, 1.242998586e-11, 1.20484620544e-11, 1.17914896597e-11, 1.19590691516e-11, 1.16717156773e-11, 1.12485272832e-11, 1.04619021779e-11, 1.02079646819e-11, 1.01400303085e-11, 1.00610049805e-11, 9.7696226109e-12, 8.69516351282e-12, 6.85580064941e-12, 5.87459508122e-12, 5.71148553799e-12],
        "min": [3.419756478e-09, 8.95300331649e-08, 4.55700558177e-07, 1.45485944358e-06, 1.30269620513e-06, 1.22176834338e-06, 2.73003280427e-07, 1.20288291328e-07, 2.31881269741e-08, 9.54413152954e-08, 5.5911527852e-08, 3.82145017852e-08, 3.18326527804e-07, 3.94434522377e-07, 1.26711739767e-07, 2.78897459793e-07, 3.38516272791e-08, 3.12302518068e-07, 2.99822147554e-07, 3.64443195622e-07, 4.17988360368e-07, 3.00385124774e-07, 2.29600615853e-07, 5.38308654541e-07, 7.68615848301e-07, 4.64778594278e-07, 9.07961421603e-08, 5.77502191845e-07, 6.897929552e-07, 6.41039093807e-07, 2.23686967615e-07, 2.86539005856e-07, 3.87513040323e-07, 4.61385269546e-07, 2.88731143883e-07, 1.29631231971e-07, 1.00424621507e-07, 2.20547661911e-07, 2.33072924516e-07, 2.92495542453e-07, 1.72737017579e-07, 1.65123353213e-07, 1.62447136631e-07, 3.92873005239e-07, 2.24542588967e-07, 5.15424972036e-07, 3.327891136e-07, 1.69164366071e-07, 2.68271008963e-07, 1.99699698555e-07, 3.43722575735e-07, 4.90996114877e-07, 1.35221895903e-07, 2.07166422683e-07, 1.46553219338e-07, 1.27850242393e-07, 5.17623277574e-08, 2.41051356653e-08, 1.0137443951e-07, 6.45051727588e-08, 1.20863745678e-07, 1.35481244001e-07, 1.00322893104e-07, 8.33222557617e-08, 6.14590973669e-08, 8.0237178679e-08, 9.61436867897e-08, 3.76441313676e-08, 6.2707144366e-08, 8.26746884286e-08, 3.25838627191e-08, 6.29672953778e-08, 3.11704013711e-08, 1.77030035076e-08, 1.32876971648e-08, 1.25026300424e-08, 7.12668057901e-09, 6.10618444696e-09, 2.97464985977e-09, 4.99127272846e-09, 3.14163917103e-09, 2.63247779131e-09, 3.27128724109e-09, 2.51313125865e-09, 2.85616819085e-09, 9.32347199445e-10, 8.08909716987e-10, 2.8572462174e-09, 1.27934940419e-09, 1.41049238955e-09, 3.59666629812e-09, 9.93648052727e-10, 8.10177480659e-10, 1.08170017388e-09, 1.55836576976e-09, 6.66289023954e-10, 8.28711155254e-10, 9.31588584052e-10, 7.93170751301e-10, 8.44579739478e-10, 7.36871064166e-10, 6.55601295474e-10, 8.35790880949e-10, 1.20638410372e-09, 1.05456487987e-09, 3.76934178314e-10, 1.30988650482e-10, 3.41824116755e-12, 2.10259414046e-12, 1.52938783599e-12, 1.64355042163e-12, 1.82757932052e-12, 1.59927258069e-12, 1.78356309756e-12, 1.29465481304e-12, 1.80096096456e-12, 1.35971670121e-12, 1.79466933935e-12, 1.65372815268e-12, 1.6238641291e-12, 2.00205520565e-12, 1.69503235233e-12, 1.80607926618e-12, 1.83294438655e-12, 1.38497058873e-12, 5.23445978402e-13, 5.64045677027e-14, 2.98943676888e-15],
        "stdev": [0.00147020153236, 0.00848547834903, 0.0153965698555, 0.0119963055477, 0.00729309674352, 0.00419806409627, 0.00293411919847, 0.00358094763942, 0.00169307680335, 0.000737323076464, 0.000412114372011, 0.000294474943075, 0.000412868801504, 0.000879401050042, 0.000934235926252, 0.000356866861694, 0.000299025065033, 0.000683681864757, 0.000361115933629, 0.000587260641623, 0.000460089329863, 0.000197013359866, 0.000208258410566, 0.000178313610377, 0.000266880873824, 0.000291803880828, 0.00017987829051, 0.000350543676177, 0.000339416059433, 0.000371954811271, 0.000156306516146, 0.000250858109212, 0.000431954889791, 0.000340064230841, 6.55765616102e-05, 6.16204415564e-05, 0.000101809389889, 7.23816847312e-05, 8.42981171445e-05, 4.45235782536e-05, 5.3827148804e-05, 5.27749252797e-05, 7.44421413401e-05, 8.25588213047e-05, 0.000114734997624, 6.05993409408e-05, 5.9985621192e-05, 4.21135009674e-05, 9.0188383183e-05, 0.000125458784169, 0.000141647091368, 0.000129770036438, 5.92180622334e-05, 5.64505171496e-05, 0.000104121972981, 5.84942827118e-05, 3.18695165333e-05, 6.15783719695e-05, 2.79662872344e-05, 4.55745903309e-05, 4.89034609927e-05, 3.54833282472e-05, 2.67631676252e-05, 1.71644205693e-05, 2.5060673579e-05, 1.95365282707e-05, 2.12880859181e-05, 2.03717318072e-05, 2.10339403566e-05, 1.20724607768e-05, 1.24668567878e-05, 1.43529268826e-05, 9.85466976999e-06, 1.02338790384e-05, 6.89945045451e-06, 1.0557359019e-05, 1.12130510388e-05, 6.65844663672e-06, 7.97841312306e-06, 7.07286608304e-06, 5.4340071074e-06, 6.83925782141e-06, 5.85723228141e-06, 6.67282438371e-06, 6.41136057311e-06, 4.20832930104e-06, 3.62892819794e-06, 2.83108420263e-06, 3.7824768242e-06, 3.56619102604e-06, 2.56583871305e-06, 1.93963728634e-06, 1.81569737379e-06, 2.00963700081e-06, 1.55833299686e-06, 1.47214007029e-06, 9.87245584838e-07, 1.11507608835e-06, 1.09628786049e-06, 9.48335127759e-07, 7.19890977052e-07, 8.54826907926e-07, 7.6614480804e-07, 7.51504842356e-07, 5.35545211733e-07, 3.64445440937e-07, 1.14509120408e-07, 5.17633491626e-09, 2.10064830114e-11, 1.78611726104e-11, 1.65145275927e-11, 1.56296971893e-11, 1.53363485106e-11, 1.47738384026e-11, 1.42194520047e-11, 1.25846034982e-11, 1.27298172004e-11, 1.51587336433e-11, 1.33692111201e-11, 1.04313432892e-11, 1.01387665624e-11, 9.88363991344e-12, 9.65039246431e-12, 9.46122520606e-12, 9.29105143516e-12, 9.13992839746e-12, 9.05809628693e-12, 9.00833487666e-12]
    },
    "mfcc": {
        "mean": [-612.179504395, 123.861457825, -8.12883377075, 27.1587543488, 5.80922269821, 10.0140810013, 3.16174674034, 10.0949316025, 7.76188373566, 6.86987495422, -1.30303657055, 1.32947194576, 4.25993156433],
        "cov": [[2119.76806641, -617.953308105, 226.03817749, -24.950761795, -46.893321991, 10.9805622101, -101.019004822, -22.4984359741, -36.1486320496, -79.1168670654, -22.1502323151, -50.1098937988, -41.1484069824], [-617.953308105, 750.643432617, -114.588531494, 73.7666473389, 48.78490448, -28.1293430328, 33.3910751343, 18.4188842773, 25.2856712341, 4.39922380447, -24.890619278, -3.76039505005, 18.3788356781], [226.03817749, -114.588531494, 541.55859375, 46.130859375, 100.168037415, 157.121322632, 39.0813560486, 26.848772049, 33.3791046143, 22.596321106, 29.223033905, 24.6409854889, 23.9218921661], [-24.950761795, 73.7666473389, 46.130859375, 139.672286987, 53.9520339966, 56.9251861572, 42.3548660278, 28.768321991, 30.9284858704, 21.5574073792, 12.9424600601, 17.7399806976, 10.9573888779], [-46.893321991, 48.78490448, 100.168037415, 53.9520339966, 115.628944397, 81.5504455566, 38.6085891724, 30.8986740112, 28.5649681091, 21.4585323334, 24.006570816, 24.3838272095, 21.3103542328], [10.9805622101, -28.1293430328, 157.121322632, 56.9251861572, 81.5504455566, 147.000579834, 64.5802230835, 44.7474632263, 36.8400382996, 31.0770626068, 29.1387557983, 27.6929264069, 22.2773532867], [-101.019004822, 33.3910751343, 39.0813560486, 42.3548660278, 38.6085891724, 64.5802230835, 91.845954895, 49.7901992798, 34.2091026306, 30.9890480042, 20.8616638184, 27.7461032867, 23.8606452942], [-22.4984359741, 18.4188842773, 26.848772049, 28.768321991, 30.8986740112, 44.7474632263, 49.7901992798, 87.3672409058, 49.9314308167, 29.1592597961, 22.2394828796, 25.972902298, 27.8117923737], [-36.1486320496, 25.2856712341, 33.3791046143, 30.9284858704, 28.5649681091, 36.8400382996, 34.2091026306, 49.9314308167, 76.7677154541, 44.6250267029, 24.7402954102, 24.4875774384, 21.7348957062], [-79.1168670654, 4.39922380447, 22.596321106, 21.5574073792, 21.4585323334, 31.0770626068, 30.9890480042, 29.1592597961, 44.6250267029, 75.8341522217, 37.1160240173, 26.7134838104, 22.4778327942], [-22.1502323151, -24.890619278, 29.223033905, 12.9424600601, 24.006570816, 29.1387557983, 20.8616638184, 22.2394828796, 24.7402954102, 37.1160240173, 71.7397766113, 42.68592453, 23.1824970245], [-50.1098937988, -3.76039505005, 24.6409854889, 17.7399806976, 24.3838272095, 27.6929264069, 27.7461032867, 25.972902298, 24.4875774384, 26.7134838104, 42.68592453, 73.5544891357, 42.7472114563], [-41.1484069824, 18.3788356781, 23.9218921661, 10.9573888779, 21.3103542328, 22.2773532867, 23.8606452942, 27.8117923737, 21.7348957062, 22.4778327942, 23.1824970245, 42.7472114563, 70.3783874512]],
        "icov": [[0.000728791055735, 0.000575648562517, -0.000247196119744, -0.000420038762968, 0.000160593903274, 3.1481795304e-05, 0.000783889554441, -0.00042179384036, -0.000241345478571, 0.000781243725214, -9.46812797338e-05, 0.000429443840403, -0.000137112700031], [0.000575648562517, 0.00214378908277, 0.000155117973918, -0.0010982909007, -0.00123000284657, 0.00129348586779, -0.000219884896069, -6.93405745551e-05, -0.000767179066315, 0.00073616206646, 0.000703577941749, 0.000741155527066, -0.000720164272934], [-0.000247196119744, 0.000155117973918, 0.00299370405264, 0.000279988278635, -0.000971790286712, -0.00311012752354, 0.000655165698845, 0.000832654128317, -0.000550042372197, 0.000117106465041, 7.36517831683e-05, 8.87436326593e-05, -0.000464339333121], [-0.000420038762968, -0.0010982909007, 0.000279988278635, 0.0102712605149, -0.00247798510827, -0.00188043934759, -0.0022461656481, 0.000592598167714, -0.00150608445983, -0.000669486471452, 0.000738168891985, -0.00125299568754, 0.00141665211413], [0.000160593903274, -0.00123000284657, -0.000971790286712, -0.00247798510827, 0.016837766394, -0.00745184021071, 0.00139489199501, -0.000556003826205, -0.000473081308883, 0.000937186414376, -0.00204661069438, -0.000544630573131, -0.0010098851053], [3.1481795304e-05, 0.00129348586779, -0.00311012752354, -0.00188043934759, -0.00745184021071, 0.0191653333604, -0.00778045970947, -0.00128728209529, -0.000211999504245, -0.00052063469775, -0.00076640927, 0.000675336399581, 0.00044095114572], [0.000783889554441, -0.000219884896069, 0.000655165698845, -0.0022461656481, 0.00139489199501, -0.00778045970947, 0.0227742008865, -0.00810688827187, 0.00138097268064, -0.00261796941049, 0.00138071214315, -0.00252577010542, -0.000345404958352], [-0.00042179384036, -6.93405745551e-05, 0.000832654128317, 0.000592598167714, -0.000556003826205, -0.00128728209529, -0.00810688827187, 0.0236867908388, -0.0119878510013, 0.00258823041804, -0.00121882301755, 0.000560850719921, -0.00370350852609], [-0.000241345478571, -0.000767179066315, -0.000550042372197, -0.00150608445983, -0.000473081308883, -0.000211999504245, 0.00138097268064, -0.0119878510013, 0.028648365289, -0.0123079009354, 0.00104190886486, -0.00186320475768, 0.000832147547044], [0.000781243725214, 0.00073616206646, 0.000117106465041, -0.000669486471452, 0.000937186414376, -0.00052063469775, -0.00261796941049, 0.00258823041804, -0.0123079009354, 0.0258908253163, -0.00919040851295, 0.0022765265312, -0.00274879811332], [-9.46812797338e-05, 0.000703577941749, 7.36517831683e-05, 0.000738168891985, -0.00204661069438, -0.00076640927, 0.00138071214315, -0.00121882301755, 0.00104190886486, -0.00919040851295, 0.0263454131782, -0.0130091626197, 0.00233382661827], [0.000429443840403, 0.000741155527066, 8.87436326593e-05, -0.00125299568754, -0.000544630573131, 0.000675336399581, -0.00252577010542, 0.000560850719921, -0.00186320475768, 0.0022765265312, -0.0130091626197, 0.0299076363444, -0.0132238352671], [-0.000137112700031, -0.000720164272934, -0.000464339333121, 0.00141665211413, -0.0010098851053, 0.00044095114572, -0.000345404958352, -0.00370350852609, 0.000832147547044, -0.00274879811332, 0.00233382661827, -0.0132238352671, 0.0238851457834]]
    },
    "spectral_contrast_coeffs": {
        "max": [-0.447412699461, -0.574810266495, -0.560674548149, -0.612879276276, -0.660665392876, -0.668364644051],
        "mean": [-0.722518146038, -0.762176394463, -0.753374278545, -0.790496945381, -0.792576432228, -0.757270216942],
        "min": [-0.920160531998, -0.92310321331, -0.895684599876, -0.901267647743, -0.873850703239, -0.842794179916],
        "stdev": [0.0840168967843, 0.0594908520579, 0.0584496557713, 0.0400479063392, 0.0340256914496, 0.0282867327332]
    },
    "spectral_contrast_valleys": {
        "max": [-4.9686088562, -4.92707395554, -5.41996717453, -5.47743654251, -5.40806770325, -8.30204963684],
        "mean": [-6.43155145645, -6.47079277039, -7.02499485016, -7.14568471909, -7.17639827728, -10.0194702148],
        "min": [-9.45979118347, -8.97600078583, -8.52200508118, -8.65983104706, -9.09295082092, -12.4522819519],
        "stdev": [0.665454864502, 0.537008404732, 0.496249973774, 0.478908151388, 0.541258990765, 0.806337296963]
    }
},
"rhythm": {
    "beats_count": 106,
    "beats_loudness": {
        "max": 0.13789357245,
        "mean": 0.0786941349506,
        "min": 0.00175313139334,
        "stdev": 0.032058428973
    },
    "bpm": 131.78805542,
    "bpm_histogram_first_peak_bpm": 133,
    "bpm_histogram_first_peak_weight": 0.363636374474,
    "bpm_histogram_second_peak_bpm": 123,
    "bpm_histogram_second_peak_spread": 0.5,
    "bpm_histogram_second_peak_weight": 0.0285714287311,
    "danceability": 1.40638458729,
    "onset_rate": 3.9580078125,
    "beats_loudness_band_ratio": {
        "max": [0.965922415257, 0.484034955502, 0.288826793432, 0.436923950911, 0.432881712914, 0.156663417816],
        "mean": [0.721570849419, 0.0718798488379, 0.066835179925, 0.0775509178638, 0.0560344345868, 0.0236923564225],
        "min": [0.0207468066365, 0.00165689608548, 0.00471183937043, 0.00377559429035, 0.00394136179239, 0.00106197595596],
        "stdev": [0.22658970952, 0.0795902386308, 0.0598394758999, 0.0825848057866, 0.0671070367098, 0.0249227825552]
    },
