{
"metadata": {
    "version": {
        "essentia": "2.1-beta5",
        "essentia_git_sha": "Undefined",
        "extractor": "music 2.0"
    },
    "audio_properties": {
        "analysis": {
            "equal_loudness": 0,
            "length": 12.7477550507,
            "sample_rate": 44100,
            "start_time": 0,
            "downmix": "mix"
        },
        "bit_rate": 192000,
        "length": 194.28137207,
        "lossless": 0,
        "number_channels": 2,
        "replay_gain": -5.3519077301,
        "sample_rate": 48000,
        "codec": "mp3",
        "md5_encoded": "23aa451b7feb5bc387a2129bc8a7c1b6"
    },
    "tags": {
        "file_name": "Ukraine_Be my Valentine! (Anti-crisis Girl)_Svetlana Loboda.mp3",
        "encoding": ["Lavf58.29.100"]
    }
},
"lowlevel": {
    "average_loudness": 0.559121549129,
    "barkbands_crest": {
        "max": 19.2446231842,
        "mean": 8.18041419983,
        "min": 2.69909095764,
        "stdev": 3.11908459663
    },
    "barkbands_flatness_db": {
        "max": 0.254495829344,
        "mean": 0.140740916133,
        "min": 0.0414046160877,
        "stdev": 0.0454708635807
    },
    "barkbands_kurtosis": {
        "max": 14.3260383606,
        "mean": 2.22063493729,
        "min": -1.10875046253,
        "stdev": 1.98412048817
    },
    "barkbands_skewness": {
        "max": 2.97385025024,
        "mean": 1.05286669731,
        "min": -0.359131395817,
        "stdev": 0.546971738338
    },
    "barkbands_spread": {
        "max": 37.0325317383,
        "mean": 12.0215969086,
        "min": 2.55082345009,
        "stdev": 6.97816991806
    },
    "dissonance": {
        "max": 0.5,
        "mean": 0.48157531023,
        "min": 0.405669867992,
        "stdev": 0.0179920680821
    },
    "dynamic_complexity": 6.02153348923,
    "erbbands_crest": {
        "max": 21.6500053406,
        "mean": 8.88701629639,
        "min": 3.47391700745,
        "stdev": 3.11849761009
    },
    "erbbands_flatness_db": {
        "max": 0.334799468517,
        "mean": 0.220843866467,
        "min": 0.102496534586,
        "stdev": 0.052563842386
    },
    "erbbands_kurtosis": {
        "max": 8.98370838165,
        "mean": 1.55189692974,
        "min": -1.11530280113,
        "stdev": 1.39465498924
    },
    "erbbands_skewness": {
        "max": 2.74657177925,
        "mean": 0.939327716827,
        "min": -0.520177483559,
        "stdev": 0.503271460533
    },
    "erbbands_spread": {
        "max": 43.8791999817,
        "mean": 17.2970066071,
        "min": 5.74200487137,
        "stdev": 7.8662815094
    },
    "hfc": {
        "max": 169.230560303,
        "mean": 12.3989105225,
        "min": 1.70736129803e-05,
        "stdev": 20.8069801331
    },
    "loudness_ebu128": {
        "integrated": -21.1102848053,
        "loudness_range": 12.3500423431,
        "momentary": {
            "max": -14.6472139359,
            "mean": -24.5921459198,
            "min": -40.9564437866,
            "stdev": 5.59824752808
        },
        "short_term": {
            "max": -16.8082523346,
            "mean": -23.7034454346,
            "min": -29.5335845947,
            "stdev": 4.79682826996
        }
    },
    "melbands_crest": {
        "max": 22.6667747498,
        "mean": 10.0719881058,
        "min": 3.45550560951,
        "stdev": 3.62766575813
    },
    "melbands_flatness_db": {
        "max": 0.263147056103,
        "mean": 0.154569804668,
        "min": 0.0413182638586,
        "stdev": 0.0413191504776
    },
    "melbands_kurtosis": {
        "max": 20.6088542938,
        "mean": 4.10654401779,
        "min": -0.619071483612,
        "stdev": 3.01935458183
    },
    "melbands_skewness": {
        "max": 2.98494029045,
        "mean": 1.1861205101,
        "min": -0.327139765024,
        "stdev": 0.595274567604
    },
    "melbands_spread": {
        "max": 65.2842788696,
        "mean": 18.8291835785,
        "min": 3.81560087204,
        "stdev": 11.1660318375
    },
    "pitch_salience": {
        "max": 0.864485263824,
        "mean": 0.709327459335,
        "min": 0.446916997433,
        "stdev": 0.0737072378397
    },
    "silence_rate_20dB": {
        "max": 1,
        "mean": 1,
        "min": 1,
        "stdev": 0
    },
    "silence_rate_30dB": {
        "max": 1,
        "mean": 1,
        "min": 1,
        "stdev": 0
    },
    "silence_rate_60dB": {
        "max": 1,
        "mean": 0.567272722721,
        "min": 0,
        "stdev": 0.495453923941
    },
    "spectral_centroid": {
        "max": 3037.13110352,
        "mean": 1528.24987793,
        "min": 769.47442627,
        "stdev": 389.728973389
    },
    "spectral_complexity": {
        "max": 61,
        "mean": 14.4727268219,
        "min": 0,
        "stdev": 13.7728996277
    },
    "spectral_decrease": {
        "max": -3.09324108008e-15,
        "mean": -2.16081130766e-09,
        "min": -1.53981964957e-08,
        "stdev": 3.11879500003e-09
    },
    "spectral_energy": {
        "max": 0.0662017464638,
        "mean": 0.00928002223372,
        "min": 1.32232429451e-08,
        "stdev": 0.0134502900764
    },
    "spectral_energyband_high": {
        "max": 0.0127439992502,
        "mean": 0.000419103249442,
        "min": 2.88657292513e-10,
        "stdev": 0.00100506620947
    },
    "spectral_energyband_low": {
        "max": 0.00325421756133,
        "mean": 0.000259843858657,
        "min": 2.13105418728e-11,
        "stdev": 0.000585125177167
    },
    "spectral_energyband_middle_high": {
        "max": 0.042306534946,
        "mean": 0.00494418945163,
        "min": 9.75854952401e-09,
        "stdev": 0.00737789971754
    },
    "spectral_energyband_middle_low": {
        "max": 0.0480969212949,
        "mean": 0.00384229654446,
        "min": 3.25958171565e-09,
        "stdev": 0.00665666162968
    },
    "spectral_entropy": {
        "max": 8.581199646,
        "mean": 7.71308946609,
        "min": 7.14114665985,
        "stdev": 0.227652102709
    },
    "spectral_flux": {
        "max": 0.168474286795,
        "mean": 0.0458986088634,
        "min": 0.000114992362796,
        "stdev": 0.0357308611274
    },
    "spectral_kurtosis": {
        "max": 13.8931217194,
        "mean": 6.26627826691,
        "min": 0.820196390152,
        "stdev": 2.22502088547
    },
    "spectral_rms": {
        "max": 0.00803660787642,
        "mean": 0.00238971621729,
        "min": 3.5917578316e-06,
        "stdev": 0.00182836886961
    },
    "spectral_rolloff": {
        "max": 6072.36328125,
        "mean": 1774.0994873,
        "min": 818.26171875,
        "stdev": 728.907104492
    },
    "spectral_skewness": {
        "max": 2.96547579765,
        "mean": 1.8659734726,
        "min": 0.838376939297,
        "stdev": 0.26895943284
    },
    "spectral_spread": {
        "max": 13890162,
        "mean": 3597485.5,
        "min": 2207469.25,
        "stdev": 1017053.375
    },
    "spectral_strongpeak": {
        "max": 5.31050825119,
        "mean": 0.754948377609,
        "min": 0.000897295190953,
        "stdev": 0.634033918381
    },
    "zerocrossingrate": {
        "max": 0.1796875,
        "mean": 0.0706303268671,
        "min": 0.0390625,
        "stdev": 0.0223160423338
    },
    "barkbands": {
        "max": [1.36977505463e-05, 0.0014918994857, 0.00189538719133, 0.00363651732914, 0.015875203535, 0.0124349556863, 0.00523138279095, 0.00717028975487, 0.0404879972339, 0.0115307634696, 0.0284419041127, 0.00902183447033, 0.00580120831728, 0.00717154704034, 0.00850994233042, 0.00412169378251, 0.00896167103201, 0.00984194781631, 0.00612628320232, 0.00437528360635, 0.00235934648663, 0.00339696207084, 0.00207879720256, 0.00140460394323, 0.00160763785243, 0.000729931925889, 9.5531133411e-05],
        "mean": [3.73364457573e-07, 9.54376155278e-05, 9.32880138862e-05, 0.000174363958649, 0.000958646764047, 0.000744507880881, 0.000336836586939, 0.000263598863967, 0.00116059614811, 0.00082535931142, 0.00110659876373, 0.000694455695339, 0.000520294008311, 0.000450428808108, 0.000395429378841, 0.000222413757001, 0.000227400902077, 0.000237695625401, 0.000253943318967, 0.00016408826923, 8.22395522846e-05, 7.60967159295e-05, 4.74236658192e-05, 5.40069377166e-05, 5.73681209062e-05, 3.32582385454e-05, 3.87261343349e-06],
        "min": [2.2177370617e-12, 2.16689556923e-12, 1.32147634849e-11, 6.49335273051e-12, 1.95108443291e-11, 3.30642041524e-11, 2.84701255626e-11, 1.83091097838e-10, 2.43662334753e-09, 2.72216627017e-09, 3.74459085961e-09, 8.33903279762e-10, 8.25509494096e-10, 4.7783282886e-10, 9.54928136565e-10, 3.0286317898e-10, 1.15907380915e-10, 9.76374189832e-11, 9.41629829665e-11, 8.03732636001e-11, 3.8686279874e-11, 2.43018608709e-11, 1.40374335419e-11, 1.57627053771e-11, 3.03421211767e-11, 9.05392774642e-11, 3.47372200449e-11],
        "stdev": [1.23225117932e-06, 0.000248591677519, 0.000266428047325, 0.000397910276661, 0.00229797884822, 0.00179261167068, 0.000829340657219, 0.000684832339175, 0.00240579014644, 0.00111507903785, 0.00241420697421, 0.0011163452873, 0.000802298018243, 0.000871587719303, 0.000828709162306, 0.000514233717695, 0.000678354059346, 0.000682182959281, 0.000610797083937, 0.000394090951886, 0.000207317221793, 0.000205360309337, 0.000138236617204, 0.00013464091171, 0.000154223831487, 8.16988249426e-05, 1.04411892607e-05]
    },
    "erbbands": {
        "max": [0.00930384453386, 0.43232563138, 1.46044480801, 6.06144428253, 13.2756605148, 79.5779418945, 89.6487503052, 131.137924194, 76.7943878174, 66.9442977905, 272.333496094, 953.477905273, 224.03163147, 449.994628906, 788.54486084, 314.800933838, 278.314025879, 290.909240723, 297.268432617, 457.574432373, 233.320556641, 476.928588867, 635.213867188, 289.590057373, 256.578155518, 252.717514038, 82.337020874, 123.668678284, 107.078338623, 102.272689819, 48.6153106689, 25.6979084015, 30.0550441742, 17.3670387268, 12.8036937714, 3.73145103455, 1.17220675945, 0.156364247203, 0.0167992822826, 0.000709202548023],
        "mean": [0.000736770569347, 0.0278089698404, 0.104108884931, 0.355649709702, 0.781149804592, 3.34061360359, 7.11800384521, 6.5762386322, 5.2291264534, 4.34763622284, 8.94974517822, 24.3535137177, 28.0143165588, 31.7304611206, 44.3579597473, 25.5577659607, 23.7272415161, 22.3244400024, 20.8485107422, 19.7163467407, 11.7370376587, 12.9393491745, 13.9187393188, 11.3047733307, 12.8720836639, 7.7724609375, 4.1831536293, 2.85885453224, 2.64880108833, 1.92260301113, 1.36048591137, 1.08224475384, 0.914858996868, 0.625443339348, 0.413853883743, 0.172210142016, 0.0565608590841, 0.00855209026486, 0.00079916685354, 3.77128089895e-05],
        "min": [9.18986206577e-11, 6.14838180368e-10, 1.09603730536e-08, 2.40383819516e-08, 1.41463116776e-08, 8.32689792674e-08, 1.22561758076e-07, 3.20632182138e-07, 3.05250125621e-07, 9.2985203537e-07, 1.04328892121e-05, 3.84438826586e-05, 9.64944119914e-05, 8.49355128594e-05, 0.000145709520439, 3.77232900064e-05, 3.99998280045e-05, 3.49932997779e-05, 2.70373820968e-05, 4.82175237266e-05, 9.50226876739e-06, 6.65406923872e-06, 4.85385817228e-06, 6.40107236904e-06, 4.03153990192e-06, 4.14016722061e-06, 1.4985209873e-06, 1.71847057118e-06, 1.01374075712e-06, 5.05801551753e-07, 4.0903339027e-07, 3.2839625419e-07, 2.96279210943e-07, 2.86236655711e-07, 2.3671567817e-07, 4.49164019756e-07, 1.47577353005e-07, 2.88167658624e-08, 5.45084821724e-09, 4.68556915489e-10],
        "stdev": [0.00171876384411, 0.0720248445868, 0.25297743082, 0.865115582943, 1.87940919399, 8.21033668518, 16.168390274, 16.7934188843, 13.0407152176, 10.1179132462, 22.0749816895, 54.4599647522, 32.7796058655, 48.9899787903, 85.5213699341, 40.4670944214, 37.5686264038, 37.3257064819, 41.2099914551, 44.7456054688, 26.2470340729, 35.5625686646, 42.0669059753, 29.9506244659, 29.6344547272, 19.2219905853, 10.1298160553, 7.94355821609, 7.0322933197, 5.59019041061, 3.7777299881, 2.91790676117, 2.48333144188, 1.69745361805, 1.13579928875, 0.43985542655, 0.136467814445, 0.0214823577553, 0.00215335190296, 8.41714281705e-05]
    },
    "gfcc": {
        "mean": [-99.3072814941, 51.169254303, -183.230300903, -20.392408371, -75.700050354, 8.20949077606, -38.0184593201, 1.8009262085, -39.2581443787, -11.0934286118, -26.5102329254, -2.97182416916, -11.4794645309],
        "cov": [[13827.0771484, -210.252212524, 2902.34423828, 1486.30957031, 566.858825684, 182.736938477, -449.869262695, 238.656433105, -170.058609009, 722.397094727, 495.560394287, 488.601989746, 18.7787456512], [-210.252212524, 790.564147949, 11.7335681915, 84.5913467407, -26.3247528076, -18.3380393982, 26.7213783264, -32.8110427856, 24.7717514038, -49.7273254395, 38.6003303528, -71.0587539673, 44.0360603333], [2902.34423828, 11.7335681915, 920.027832031, 395.448547363, 176.79598999, 70.2979888916, -110.586372375, 80.8960418701, -57.9404029846, 213.907485962, 131.395217896, 139.994049072, -12.6722288132], [1486.30957031, 84.5913467407, 395.448547363, 289.232513428, 63.5929527283, 36.9964828491, -48.5394515991, 33.0709571838, -20.3666820526, 76.187461853, 68.0868301392, 52.6356887817, 0.69806009531], [566.858825684, -26.3247528076, 176.79598999, 63.5929527283, 110.720069885, 17.8430538177, -12.6284246445, 23.0015850067, -20.0806388855, 46.9599571228, 19.0521888733, 25.3862133026, -9.9421749115], [182.736938477, -18.3380393982, 70.2979888916, 36.9964828491, 17.8430538177, 74.3715896606, 4.18627548218, 16.4788990021, -7.22455358505, 21.619972229, 10.7732458115, 13.4280481339, -5.63327074051], [-449.869262695, 26.7213783264, -110.586372375, -48.5394515991, -12.6284246445, 4.18627548218, 70.0574417114, 11.2385225296, 17.4035606384, -37.7024230957, -24.5773391724, -31.0034866333, -4.11001586914], [238.656433105, -32.8110427856, 80.8960418701, 33.0709571838, 23.0015850067, 16.4788990021, 11.2385225296, 67.2588119507, 7.35052204132, 21.254076004, 12.4080181122, 13.0313463211, -12.6411466599], [-170.058609009, 24.7717514038, -57.9404029846, -20.3666820526, -20.0806388855, -7.22455358505, 17.4035606384, 7.35052204132, 45.6225700378, -5.40744638443, -5.68660020828, -14.0416269302, -2.50893855095], [722.397094727, -49.7273254395, 213.907485962, 76.187461853, 46.9599571228, 21.619972229, -37.7024230957, 21.254076004, -5.40744638443, 102.382049561, 45.3743057251, 50.1106529236, -3.50844836235], [495.560394287, 38.6003303528, 131.395217896, 68.0868301392, 19.0521888733, 10.7732458115, -24.5773391724, 12.4080181122, -5.68660020828, 45.3743057251, 61.3535346985, 34.599319458, 7.91021060944], [488.601989746, -71.0587539673, 139.994049072, 52.6356887817, 25.3862133026, 13.4280481339, -31.0034866333, 13.0313463211, -14.0416269302, 50.1106529236, 34.599319458, 68.3193969727, 5.45418405533], [18.7787456512, 44.0360603333, -12.6722288132, 0.69806009531, -9.9421749115, -5.63327074051, -4.11001586914, -12.6411466599, -2.50893855095, -3.50844836235, 7.91021060944, 5.45418405533, 53.481300354]],
        "icov": [[0.000278191320831, 0.000198501831619, -0.000507593038492, -0.000648423738312, -0.000197178756935, 0.000195782908122, 0.00032971255132, 3.46326050931e-05, -0.000212556711631, -8.65312977112e-05, -0.00044199966942, 0.000204094481887, -0.000326531473547], [0.000198501831619, 0.00223272666335, -0.000917444005609, -0.001007682411, -7.90257254266e-05, 0.000367714063032, -0.000602715765126, 0.00134766602423, -0.00131859793328, 0.00151493330486, -0.00348512572236, 0.00349756306969, -0.00161977380048], [-0.000507593038492, -0.000917444005609, 0.00660174246877, -0.00344917178154, -0.00218943972141, -0.000234502193052, 0.00080946815433, -0.0023531797342, 0.00328907789662, -0.00531540904194, 0.0015329180751, -0.00283876340836, 0.00148558500223], [-0.000648423738312, -0.001007682411, -0.00344917178154, 0.0113586196676, 0.00106750172563, -0.00223038787954, 0.000797644432168, -0.000273751444183, -0.000997535185888, 0.00394423073158, -0.00217332271859, 0.000320321705658, 0.000552710727789], [-0.000197178756935, -7.90257254266e-05, -0.00218943972141, 0.00106750172563, 0.0148639986292, 0.000130222324515, -0.00301589863375, -0.00157665333245, 0.00515109533444, -0.00348815135658, 0.00200815568678, 0.00086353631923, 0.00140182464384], [0.000195782908122, 0.000367714063032, -0.000234502193052, -0.00223038787954, 0.000130222324515, 0.016405377537, -0.00442347303033, -0.00147293996997, 0.00322343525477, -0.00326621648856, -0.000205681135412, -0.000712110137101, 0.00070614379365], [0.00032971255132, -0.000602715765126, 0.00080946815433, 0.000797644432168, -0.00301589863375, -0.00442347303033, 0.0261318385601, -0.00745940720662, -0.00581510923803, 0.00540740508586, 0.00221787719056, 0.00379696371965, -0.000852955505252], [3.46326050931e-05, 0.00134766602423, -0.0023531797342, -0.000273751444183, -0.00157665333245, -0.00147293996997, -0.00745940720662, 0.0222354084253, -0.00583005696535, 0.00110708770808, -0.00375208770856, -0.00091413303744, 0.00300567317754], [-0.000212556711631, -0.00131859793328, 0.00328907789662, -0.000997535185888, 0.00515109533444, 0.00322343525477, -0.00581510923803, -0.00583005696535, 0.0314771905541, -0.0094669284299, 0.00151050765999, 0.00260832416825, 0.00179112819023], [-8.65312977112e-05, 0.00151493330486, -0.00531540904194, 0.00394423073158, -0.00348815135658, -0.00326621648856, 0.00540740508586, 0.00110708770808, -0.0094669284299, 0.0293137766421, -0.00987036246806, -0.00426188390702, 0.000530234363396], [-0.00044199966942, -0.00348512572236, 0.0015329180751, -0.00217332271859, 0.00200815568678, -0.000205681135412, 0.00221787719056, -0.00375208770856, 0.00151050765999, -0.00987036246806, 0.0365243330598, -0.0117229484022, -0.0017316393787], [0.000204094481887, 0.00349756306969, -0.00283876340836, 0.000320321705658, 0.00086353631923, -0.000712110137101, 0.00379696371965, -0.00091413303744, 0.00260832416825, -0.00426188390702, -0.0117229484022, 0.0341297611594, -0.00537107884884], [-0.000326531473547, -0.00161977380048, 0.00148558500223, 0.000552710727789, 0.00140182464384, 0.00070614379365, -0.000852955505252, 0.00300567317754, 0.00179112819023, 0.000530234363396, -0.0017316393787, -0.00537107884884, 0.0223938338459]]
    },
    "melbands": {
        "max": [0.000236301129917, 0.000654182571452, 0.00123559962958, 0.00260545290075, 0.00377475027926, 0.00258015119471, 0.000980573706329, 0.00106304045767, 0.00421744724736, 0.00515872566029, 0.00127589574549, 0.00163055839948, 0.00385007821023, 0.00114214082714, 0.000644765445031, 0.000598482496571, 0.000606398039963, 0.000597795587964, 0.000649221008644, 0.000379646284273, 0.000260101893218, 0.000273946177913, 0.0011410106672, 0.000244015114731, 0.000250848766882, 0.000257176696323, 0.000127499326481, 0.000170580402482, 5.6924069213e-05, 3.87536201742e-05, 9.07069843379e-05, 4.70967970614e-05, 8.70513540576e-05, 5.09058954776e-05, 3.71869755327e-05, 2.25133971981e-05, 1.67823436641e-05, 1.62899032148e-05, 2.50621633313e-05, 1.56381574925e-05],
        "mean": [1.63239583344e-05, 5.23819726368e-05, 7.51526822569e-05, 0.000124405516544, 0.000259778084001, 0.000146879232489, 7.41615367588e-05, 5.02849470649e-05, 8.88126087375e-05, 0.000160528346896, 0.000141043274198, 0.000124612328364, 0.000162555137649, 8.80768711795e-05, 5.19746863574e-05, 4.97838482261e-05, 4.06380750064e-05, 3.49498768628e-05, 2.97049609799e-05, 1.95458997041e-05, 1.25870565171e-05, 1.13786545626e-05, 1.77652746061e-05, 9.29655834625e-06, 8.85315876076e-06, 1.03542361103e-05, 7.73010197008e-06, 4.45622208645e-06, 2.76623904938e-06, 1.80637800895e-06, 1.65516405559e-06, 1.4674645854e-06, 1.51224958245e-06, 8.85009171725e-07, 7.99787187589e-07, 6.90320746344e-07, 6.60380749196e-07, 6.27089889349e-07, 5.92387209508e-07, 5.23276582953e-07],
        "min": [7.54459754219e-13, 4.13859094564e-12, 3.64476764741e-12, 2.8578031868e-12, 4.6262043675e-12, 7.06230516775e-12, 5.14823773889e-12, 9.40490740842e-12, 1.04924915978e-10, 3.05762692943e-10, 5.04552954972e-10, 3.37707417586e-10, 5.31702237794e-10, 1.51822485139e-10, 6.17183942841e-11, 1.00555772042e-10, 5.57280020741e-11, 2.7040019529e-11, 8.56408277627e-11, 3.79688364083e-11, 6.30141511887e-12, 7.02921011328e-12, 3.79399940284e-12, 5.6037327556e-12, 5.19775151739e-12, 3.16490670477e-12, 2.5919797992e-12, 2.89472742651e-12, 8.54917157032e-13, 8.2776195837e-13, 1.07609179813e-12, 6.16900302543e-13, 3.99872843171e-13, 2.22289973429e-13, 2.27556336404e-13, 2.22025848227e-13, 1.86628043206e-13, 2.17752058789e-13, 2.27204431484e-13, 2.2853748516e-13],
        "stdev": [4.07773295592e-05, 0.000122155004647, 0.000167016914929, 0.000290205556666, 0.000590109149925, 0.000361758924555, 0.000182083022082, 0.000126462458866, 0.000261684006546, 0.000312769436277, 0.000169495426235, 0.00018752051983, 0.000349708803697, 0.00013788837532, 8.60214422573e-05, 7.46402365621e-05, 7.30590254534e-05, 7.38804228604e-05, 6.3602856244e-05, 4.58062531834e-05, 2.8687843951e-05, 2.76042155747e-05, 6.90732485964e-05, 2.32344373217e-05, 2.50887842412e-05, 2.39893706748e-05, 1.89002912521e-05, 1.15517441373e-05, 6.7653259066e-06, 4.54067640021e-06, 5.20385310665e-06, 3.57503699888e-06, 4.78104584545e-06, 2.76533978649e-06, 2.40374447458e-06, 2.22398102778e-06, 1.69330655808e-06, 1.66690756487e-06, 1.75403590674e-06, 1.49025254359e-06]
    },
    "melbands128": {
        "max": [5.78810067964e-06, 3.37441961165e-05, 0.000216306056245, 0.000978749943897, 0.000965024693869, 0.00127025938127, 0.00144828576595, 0.00205132784322, 0.00153109733947, 0.000983620993793, 0.00558643322438, 0.0057792882435, 0.00364652904682, 0.00569966249168, 0.00315647432581, 0.004359126091, 0.00215425528586, 0.000831723969895, 0.00126751407515, 0.00107545405626, 0.00164957204834, 0.00260397512466, 0.00146167469211, 0.0139720309526, 0.00905463472009, 0.00160632410552, 0.00218755099922, 0.0015381439589, 0.00329497130588, 0.00191689829808, 0.00153691938613, 0.00709502538666, 0.00603958778083, 0.00196067476645, 0.00224409415387, 0.000866274232976, 0.00161779823247, 0.000551739532966, 0.0012334153289, 0.000935426738579, 0.000712344015483, 0.000802457740065, 0.000792760809418, 0.00109074963257, 0.0011293272255, 0.000964180391748, 0.000598329876084, 0.00061356270453, 0.00141015672125, 0.000542604946531, 0.000404558639275, 0.000435444351751, 0.000415850867284, 0.000314086995786, 0.000304287066683, 0.000201220726012, 0.000378603930585, 0.00184618344065, 0.00128635636065, 0.000255084101809, 0.000233435202972, 0.000329836504534, 0.000290417578071, 0.000308287533699, 0.00048808864085, 0.000225056384807, 0.000228016157052, 0.000169605467818, 0.000155987116159, 0.000259287829977, 0.000254105718341, 7.71874329075e-05, 5.84598710702e-05, 6.70209992677e-05, 8.45053873491e-05, 5.58320061828e-05, 3.28452224494e-05, 5.9063120716e-05, 0.000132360146381, 9.43473496591e-05, 2.53583566519e-05, 4.57771529909e-05, 6.98438889231e-05, 0.000153859014972, 4.27571540058e-05, 2.52134886978e-05, 5.64104193472e-05, 0.000101398567494, 2.1818694222e-05, 1.40758065754e-05, 2.52657737292e-05, 3.41094419127e-05, 2.38999309659e-05, 2.33637547353e-05, 1.57306130859e-05, 2.0569525077e-05, 1.53377422976e-05, 3.73993425455e-05, 3.75170129701e-05, 1.19555415949e-05, 1.33345356517e-05, 1.10646005851e-05, 3.40488622896e-05, 3.70402412955e-05, 7.89384375821e-06, 1.15951916086e-05, 8.64974936121e-06, 8.19763408799e-06, 8.43157704367e-06, 6.87709416525e-06, 6.56489828543e-06, 6.07981110079e-06, 2.09443965105e-06, 4.41985093858e-06, 3.15314332511e-06, 2.41249290411e-06, 1.22569542782e-06, 7.22939716979e-07, 6.20252365024e-07, 7.00323482761e-07, 5.75175533868e-07, 5.11174391704e-07, 3.01498971567e-07, 1.23785452999e-08, 2.49316522982e-09, 2.4744646332e-09, 2.46795295311e-09, 2.45939024701e-09],
        "mean": [1.75963990046e-07, 8.47515309488e-07, 1.53043893079e-05, 5.95041310589e-05, 5.3571893659e-05, 4.75825509056e-05, 6.51437512715e-05, 9.65699291555e-05, 7.65486183809e-05, 4.90883612656e-05, 0.000188938691281, 0.000358904158929, 0.000239674394834, 0.000197767294594, 0.000158490278409, 0.000108547967102, 0.000111039822514, 5.57962230232e-05, 4.96066932101e-05, 4.11672153859e-05, 5.34789178346e-05, 7.28433369659e-05, 5.21176298207e-05, 0.000161863179528, 0.000169453938724, 0.00015055082622, 0.000178358939593, 0.000114412483526, 0.000151553060277, 0.000107028623461, 0.00010294981621, 0.000176491361344, 0.000204308322282, 0.000112774709123, 0.000117928626423, 7.45143552194e-05, 5.57887251489e-05, 3.94211492676e-05, 6.52631642879e-05, 5.00146707054e-05, 4.41123156634e-05, 5.30576035089e-05, 3.435848339e-05, 3.79124394385e-05, 4.68380967504e-05, 3.05722642224e-05, 2.65077451331e-05, 2.98642171401e-05, 3.2773874409e-05, 2.77546205325e-05, 1.59460814757e-05, 1.27356570374e-05, 1.49524348672e-05, 1.14136182674e-05, 9.71933422989e-06, 9.12143150344e-06, 1.35289083119e-05, 2.30528803513e-05, 1.84588734555e-05, 9.83994323178e-06, 8.72736563906e-06, 8.70157055033e-06, 8.32892419567e-06, 8.65506899572e-06, 9.95542814053e-06, 1.14534777822e-05, 9.70150085777e-06, 8.90785850061e-06, 7.28760687707e-06, 6.270531685e-06, 4.78921856484e-06, 3.30001603288e-06, 3.01724321616e-06, 2.74457693195e-06, 2.43682097789e-06, 1.89123102246e-06, 1.44806824665e-06, 1.49360789692e-06, 1.773014219e-06, 1.7261852463e-06, 1.55982047545e-06, 1.1713279946e-06, 1.61573825608e-06, 1.79906373887e-06, 1.20947368032e-06, 8.63892239522e-07, 7.73301849222e-07, 9.13083340492e-07, 7.87738940744e-07, 7.35757680559e-07, 7.41625513001e-07, 6.80755363192e-07, 5.9103484773e-07, 6.70384167734e-07, 7.42616464322e-07, 5.38516871984e-07, 6.04725755693e-07, 7.28475413325e-07, 6.33503532299e-07, 5.0649066452e-07, 4.526785915e-07, 4.66491229645e-07, 6.92335049735e-07, 6.22925426796e-07, 3.70632790236e-07, 4.56884151845e-07, 3.81548687756e-07, 3.36175844495e-07, 2.74587932836e-07, 2.57425170958e-07, 2.38447341872e-07, 2.38067798364e-07, 1.50703840518e-07, 1.50324439119e-07, 1.18966930529e-07, 7.9898647698e-08, 4.2687837265e-08, 3.05188656569e-08, 2.65031037117e-08, 2.36514932084e-08, 2.04045864649e-08, 1.85888513471e-08, 9.68783897548e-09, 2.4538138188e-10, 5.89681428687e-12, 5.72481341846e-12, 5.63696008274e-12, 5.6047913706e-12],
        "min": [4.98555786498e-13, 9.44734741826e-13, 4.38936484815e-13, 7.58895550568e-13, 3.75652113582e-12, 7.04303802779e-12, 5.63705332413e-12, 2.28404838445e-12, 1.10142927764e-12, 9.554016649e-13, 5.33366970382e-12, 7.36000323187e-12, 4.14294033108e-12, 1.96163354657e-12, 5.12778665016e-12, 1.33015265469e-11, 6.25496312731e-12, 1.00697857171e-12, 6.12506356398e-12, 1.06115064652e-11, 4.92362444218e-12, 2.30036198423e-11, 1.32999194991e-10, 1.88806942303e-10, 8.0163854721e-11, 4.16357365252e-10, 6.84188927735e-10, 3.30499932977e-10, 6.45915931852e-10, 3.24461763013e-10, 2.0157674141e-10, 3.91140536626e-10, 7.38892780294e-10, 5.23990351109e-10, 1.13215430086e-10, 1.14119935724e-10, 6.55903734104e-11, 4.71527851487e-11, 5.29541306638e-11, 1.13236697796e-10, 1.0657955074e-10, 8.79883943483e-11, 8.85919254623e-11, 1.52911225348e-11, 6.27925576119e-12, 8.76615620371e-12, 7.12881906284e-11, 1.18750370648e-10, 6.32841071213e-11, 8.00323626815e-11, 3.01875052733e-11, 4.58463562253e-12, 8.23876383782e-12, 4.97959356041e-12, 7.40109189212e-12, 5.25753008837e-12, 1.04921427449e-11, 3.78399958936e-12, 6.96205408861e-13, 4.50884295178e-12, 5.62368944815e-12, 7.42286093702e-12, 5.46355755776e-12, 5.5058479477e-12, 3.00105600093e-12, 3.3441452732e-12, 3.02234712951e-12, 2.16761287739e-12, 2.72531454869e-12, 2.82179488109e-12, 2.97394314036e-12, 3.64706789074e-12, 4.15427973055e-13, 6.34968369117e-13, 7.9199456238e-13, 7.17876712936e-13, 8.78673761355e-13, 9.68175409635e-13, 1.47554798241e-12, 7.33433821488e-13, 7.00131575979e-13, 5.34631854846e-13, 2.96341645884e-13, 6.0809056358e-13, 2.20863583499e-13, 2.59161263413e-13, 1.829121571e-13, 2.33321852507e-13, 1.77729087957e-13, 3.11546632676e-13, 2.12373264048e-13, 2.00794174582e-13, 2.24131802527e-13, 1.56922679061e-13, 1.93415853537e-13, 2.21577761022e-13, 2.90576319516e-13, 9.3779245979e-14, 1.79707756922e-13, 3.37691110968e-13, 2.70748403081e-13, 2.03156840851e-13, 1.86344781836e-13, 2.38215155067e-13, 2.30927148064e-13, 2.54722892085e-13, 3.33017332243e-13, 3.92073174057e-13, 7.36133430688e-13, 1.76740067893e-12, 5.36411355872e-13, 3.74727917966e-13, 6.14213378509e-13, 2.31530886043e-13, 2.07259543187e-13, 2.7673661431e-13, 1.91775062627e-13, 2.08725127026e-13, 1.24506240279e-13, 1.20152531587e-13, 1.11013059639e-13, 1.59652971182e-13, 1.52275978285e-13, 1.31609512784e-13, 1.04114504832e-13, 2.56271512258e-14, 3.42009711838e-15, 1.88966459557e-16],
        "stdev": [5.10334587034e-07, 2.78434981738e-06, 3.66598396795e-05, 0.000160439842148, 0.000148500708747, 0.000161080635735, 0.000193749190657, 0.000232934282394, 0.000215720996493, 0.000117978059279, 0.000521226553246, 0.000930320587941, 0.000609616748989, 0.000573585741222, 0.000421234086389, 0.00044309993973, 0.000322283041896, 0.000142398552271, 0.000147206985275, 0.000113344751298, 0.000170104496647, 0.000229503930314, 0.000121481491078, 0.000747527810745, 0.000500692869537, 0.000226127929636, 0.000272940116702, 0.000163470191183, 0.000262292276602, 0.000174698463525, 0.000172363084857, 0.000474161148304, 0.000539488566574, 0.000210655780393, 0.000225604890147, 0.000126352591906, 0.000142680059071, 6.88130967319e-05, 0.000141140219057, 9.90979897324e-05, 7.53774147597e-05, 9.65541694313e-05, 7.0078735007e-05, 9.60124525591e-05, 0.000116664145025, 8.30523276818e-05, 5.80843625357e-05, 6.79907607264e-05, 9.59487952059e-05, 7.25479621906e-05, 4.59801267425e-05, 3.35179320246e-05, 3.88268199458e-05, 2.83141962427e-05, 2.564415081e-05, 2.24758805416e-05, 3.75192103093e-05, 0.000111336186819, 7.62862182455e-05, 2.40536865022e-05, 2.07347056858e-05, 2.75655729638e-05, 2.68333751592e-05, 2.55542308878e-05, 3.21905972669e-05, 2.59106818703e-05, 2.43719005084e-05, 2.43785216298e-05, 1.90349946934e-05, 1.8501872546e-05, 1.44319110404e-05, 8.49474599818e-06, 7.84843086876e-06, 7.19948320693e-06, 7.46854857425e-06, 5.27668589712e-06, 3.72043518837e-06, 4.34828734797e-06, 6.91353670845e-06, 5.53302379558e-06, 3.37110736837e-06, 3.13667669616e-06, 4.9994919209e-06, 7.40993709769e-06, 2.91012088383e-06, 2.23119059228e-06, 2.90291472993e-06, 4.80728022012e-06, 2.2155793431e-06, 1.82698761364e-06, 2.54435440183e-06, 2.56698922385e-06, 2.01498801289e-06, 2.09123936656e-06, 1.71149520156e-06, 1.68153133018e-06, 1.8292751065e-06, 2.50732500717e-06, 2.17597744268e-06, 1.41513646668e-06, 1.27084683754e-06, 1.31741262521e-06, 2.6009861358e-06, 2.40567806031e-06, 9.32442333124e-07, 1.11683266368e-06, 9.89845602817e-07, 9.35295133786e-07, 7.76793399382e-07, 7.63851005559e-07, 6.73238844229e-07, 6.40731968815e-07, 3.73416071398e-07, 4.16185685026e-07, 3.38103461672e-07, 2.27672174447e-07, 1.17085754425e-07, 8.59007300846e-08, 7.45679216152e-08, 7.43930854696e-08, 6.34116972265e-08, 5.65486431015e-08, 3.27427684965e-08, 1.20192722441e-09, 1.06198563832e-10, 1.05406794404e-10, 1.05131993389e-10, 1.04767618192e-10]
    },
    "mfcc": {
        "mean": [-725.373962402, 99.9911422729, -59.1309547424, -25.9663276672, -27.2071990967, -8.23085975647, -2.54097366333, 2.32102584839, -6.94355010986, -5.98351287842, -10.6457843781, -15.7837638855, -13.6805171967],
        "cov": [[11695.1171875, -126.44190979, 2028.16918945, 1258.7479248, 1054.1763916, 253.582992554, 335.396728516, -257.20501709, -206.75541687, -52.4095306396, 190.852798462, 204.77822876, 566.080383301], [-126.44190979, 552.234375, 29.1278095245, 57.3658676147, -8.36520957947, 8.24191474915, 6.90993785858, -2.87893223763, -7.69985198975, 24.1603679657, 0.154791265726, -17.2700328827, -18.7317047119], [2028.16918945, 29.1278095245, 653.145385742, 315.885040283, 266.561523438, 77.7160568237, 96.0022506714, -45.4802513123, -53.05834198, 3.90228462219, 66.6621170044, 58.7677345276, 131.065979004], [1258.7479248, 57.3658676147, 315.885040283, 256.341369629, 152.881118774, 35.5350532532, 50.1756286621, -21.1967658997, -26.7548236847, 1.57316303253, 26.6292457581, 28.0647621155, 70.4634780884], [1054.1763916, -8.36520957947, 266.561523438, 152.881118774, 188.772140503, 39.3821601868, 59.2792854309, -31.7530956268, -25.7056808472, -4.36927652359, 28.8539733887, 29.3023796082, 67.2605743408], [253.582992554, 8.24191474915, 77.7160568237, 35.5350532532, 39.3821601868, 65.5156707764, 20.2363262177, -9.75931072235, -6.48108243942, -2.17937469482, 5.03570699692, 5.10628032684, 16.0766906738], [335.396728516, 6.90993785858, 96.0022506714, 50.1756286621, 59.2792854309, 20.2363262177, 71.9948577881, 7.16237688065, -3.71123409271, 8.78750801086, 13.9388837814, 7.72620773315, 17.9135665894], [-257.20501709, -2.87893223763, -45.4802513123, -21.1967658997, -31.7530956268, -9.75931072235, 7.16237688065, 69.4800567627, 17.3483409882, 9.10235691071, 9.99226760864, -1.46003520489, -18.9583492279], [-206.75541687, -7.69985198975, -53.05834198, -26.7548236847, -25.7056808472, -6.48108243942, -3.71123409271, 17.3483409882, 49.9465827942, 13.5136814117, -7.5255446434, -5.27757310867, -11.6660556793], [-52.4095306396, 24.1603679657, 3.90228462219, 1.57316303253, -4.36927652359, -2.17937469482, 8.78750801086, 9.10235691071, 13.5136814117, 49.9166259766, 11.3702259064, -0.527783632278, -3.29936122894], [190.852798462, 0.154791265726, 66.6621170044, 26.6292457581, 28.8539733887, 5.03570699692, 13.9388837814, 9.99226760864, -7.5255446434, 11.3702259064, 62.7532463074, 22.5730209351, 8.94589519501], [204.77822876, -17.2700328827, 58.7677345276, 28.0647621155, 29.3023796082, 5.10628032684, 7.72620773315, -1.46003520489, -5.27757310867, -0.527783632278, 22.5730209351, 45.3265342712, 22.1904373169], [566.080383301, -18.7317047119, 131.065979004, 70.4634780884, 67.2605743408, 16.0766906738, 17.9135665894, -18.9583492279, -11.6660556793, -3.29936122894, 8.94589519501, 22.1904373169, 74.4985198975]],
        "icov": [[0.00026386542595, 0.000114580616355, -0.000211576494621, -0.000646243803203, -0.000323872023728, 1.05147692011e-05, -0.000132697809022, 0.000345406297129, 4.55000226793e-05, 0.000182190880878, -0.00018012484361, 0.000154934998136, -0.000592095777392], [0.000114580616355, 0.00208998890594, -5.17468724865e-05, -0.00135888962541, 0.000591928197537, -0.000286287133349, -0.000234635357629, 0.000493097002618, 0.000540208944585, -0.000930364942178, -0.000102871497802, 0.000709577172529, 0.000584831694141], [-0.000211576494621, -5.17468724865e-05, 0.00610793940723, -0.00343927135691, -0.00253297039308, -0.00180687673856, -0.000984645215794, 0.000268217729172, 0.001361363451, -0.000798029999714, -0.00207560905255, -0.000508678203914, -0.00233768695034], [-0.000646243803203, -0.00135888962541, -0.00343927135691, 0.0127865578979, -0.00321606709622, 0.000843732559588, 0.00116286217235, -0.00246875663288, 0.000197003580979, -0.000655459181871, 0.00201371964067, -0.000451698724646, 0.000233801139984], [-0.000323872023728, 0.000591928197537, -0.00253297039308, -0.00321606709622, 0.0176738295704, -0.00113888108172, -0.00677399849519, 0.00418795226142, -0.000103829879663, 0.00187835330144, -0.00182469864376, -0.00098495662678, -0.00232898700051], [1.05147692011e-05, -0.000286287133349, -0.00180687673856, 0.000843732559588, -0.00113888108172, 0.0186643730849, -0.00300969113596, 0.00144386675674, -0.000560960907023, 0.00129600928631, 0.00049326691078, 0.000524403178133, 7.46768855606e-05], [-0.000132697809022, -0.000234635357629, -0.000984645215794, 0.00116286217235, -0.00677399849519, -0.00300969113596, 0.0220257639885, -0.00593047915027, 0.000217801556573, -0.00360222463496, 0.000514976913109, 0.00105763180181, 0.00103939103428], [0.000345406297129, 0.000493097002618, 0.000268217729172, -0.00246875663288, 0.00418795226142, 0.00144386675674, -0.00593047915027, 0.0202807281166, -0.00524376472458, 0.000658529577777, -0.00513063929975, -0.000314303702908, 0.0017746881349], [4.55000226793e-05, 0.000540208944585, 0.001361363451, 0.000197003580979, -0.000103829879663, -0.000560960907023, 0.000217801556573, -0.00524376472458, 0.025979379192, -0.00743198627606, 0.004026517272, -0.00079947814811, -0.000469596474431], [0.000182190880878, -0.000930364942178, -0.000798029999714, -0.000655459181871, 0.00187835330144, 0.00129600928631, -0.00360222463496, 0.000658529577777, -0.00743198627606, 0.0248040556908, -0.0057598776184, 0.00209048995748, -0.00053247861797], [-0.00018012484361, -0.000102871497802, -0.00207560905255, 0.00201371964067, -0.00182469864376, 0.00049326691078, 0.000514976913109, -0.00513063929975, 0.004026517272, -0.0057598776184, 0.0240390263498, -0.010323273018, 0.00376503937878], [0.000154934998136, 0.000709577172529, -0.000508678203914, -0.000451698724646, -0.00098495662678, 0.000524403178133, 0.00105763180181, -0.000314303702908, -0.00079947814811, 0.00209048995748, -0.010323273018, 0.0316865220666, -0.00746616581455], [-0.000592095777392, 0.000584831694141, -0.00233768695034, 0.000233801139984, -0.00232898700051, 7.46768855606e-05, 0.00103939103428, 0.0017746881349, -0.000469596474431, -0.00053247861797, 0.00376503937878, -0.00746616581455, 0.025923743844]]
    },
    "spectral_contrast_coeffs": {
        "max": [-0.477713346481, -0.604457914829, -0.653055489063, -0.730582356453, -0.703343033791, -0.68990021944],
        "mean": [-0.687761187553, -0.788885653019, -0.787098765373, -0.827706694603, -0.817741453648, -0.785423576832],
        "min": [-0.893092632294, -0.912786960602, -0.912584066391, -0.913836717606, -0.907689452171, -0.908460319042],
        "stdev": [0.0613172501326, 0.0535092242062, 0.0427033603191, 0.0345796346664, 0.0301437154412, 0.0247612353414]
    },
    "spectral_contrast_valleys": {
        "max": [-6.18458080292, -5.20807027817, -5.22418212891, -5.65809965134, -5.53085041046, -8.11362171173],
        "mean": [-9.24969005585, -7.54038953781, -6.93087816238, -7.51448059082, -7.99963235855, -10.9632158279],
        "min": [-15.726726532, -14.2265815735, -12.6135387421, -13.6600933075, -14.381310463, -16.9198474884],
        "stdev": [1.482000947, 1.04555332661, 0.782675266266, 0.808986485004, 0.999661147594, 1.25688326359]
    }
},
"rhythm": {
    "beats_count": 27,
    "beats_loudness": {
        "max": 0.0506673716009,
        "mean": 0.0100521668792,
        "min": 0.000237310072407,
        "stdev": 0.0149343265221
    },
    "bpm": 123.081771851,
    "bpm_histogram_first_peak_bpm": 123,
    "bpm_histogram_first_peak_weight": 0.5,
    "bpm_histogram_second_peak_bpm": 148,
    "bpm_histogram_second_peak_spread": 0.400000035763,
    "bpm_histogram_second_peak_weight": 0.230769231915,
    "danceability": 0.786441802979,
    "onset_rate": 3.13495230675,
    "beats_loudness_band_ratio": {
        "max": [0.207265719771, 0.337691038847, 0.675682604313, 0.849328219891, 0.324814140797, 0.217788800597],
        "mean": [0.021786717698, 0.0623033083975, 0.291569828987, 0.471103787422, 0.136154279113, 0.055678088218],
        "min": [0.000493347411975, 0.00649649137631, 0.0594270415604, 0.243217423558, 0.0424695163965, 0.00767931807786],
        "stdev": [0.0440687462687, 0.0861160680652, 0.169914081693, 0.164941415191, 0.0695592984557, 0.0544832274318]
    },
    "beats_position": [0.394739210606, 0.801088392735, 1.20743763447, 1.6137868166, 2.02013611794, 2.41487526894, 2.80961441994, 3.20435357094, 3.61070299149, 4.01705217361, 4.41179132462, 4.8994102478, 5.39863920212, 5.89786815643, 6.38548755646, 6.88471651077, 7.38394546509, 7.87156438828, 8.35918331146, 8.84680271149, 9.32281208038, 9.79882049561, 10.2748298645, 10.7508392334, 11.2384576797, 11.7260770798, 12.2136955261],
