{
"metadata": {
    "version": {
        "essentia": "2.1-beta5",
        "essentia_git_sha": "Undefined",
        "extractor": "music 2.0"
    },
    "audio_properties": {
        "analysis": {
            "equal_loudness": 0,
            "length": 48.7502937317,
            "sample_rate": 44100,
            "start_time": 113.742950439,
            "downmix": "mix"
        },
        "bit_rate": 192000,
        "length": 190.612609863,
        "lossless": 0,
        "number_channels": 2,
        "replay_gain": -14.0075092316,
        "sample_rate": 44100,
        "codec": "mp3",
        "md5_encoded": "40f9e33af9f21d9da2f0ed6f88d9cc32"
    },
    "tags": {
        "file_name": "Greece_This Is Our Night_Sakis Rouvas.mp3",
        "encoding": ["Lavf58.29.100"]
    }
},
"lowlevel": {
    "average_loudness": 0.984553694725,
    "barkbands_crest": {
        "max": 23.5954113007,
        "mean": 12.1983795166,
        "min": 2.2610976696,
        "stdev": 5.10322093964
    },
    "barkbands_flatness_db": {
        "max": 0.207449659705,
        "mean": 0.121339038014,
        "min": 0.0290918909013,
        "stdev": 0.0352642349899
    },
    "barkbands_kurtosis": {
        "max": 24.8717269897,
        "mean": 2.78958725929,
        "min": -1.59170222282,
        "stdev": 3.76670455933
    },
    "barkbands_skewness": {
        "max": 4.70472002029,
        "mean": 1.65253794193,
        "min": -0.576719641685,
        "stdev": 0.90494287014
    },
    "barkbands_spread": {
        "max": 75.5780105591,
        "mean": 24.9247837067,
        "min": 6.89446163177,
        "stdev": 9.26525688171
    },
    "dissonance": {
        "max": 0.499859392643,
        "mean": 0.479190528393,
        "min": 0.294576942921,
        "stdev": 0.0142372371629
    },
    "dynamic_complexity": 1.28051662445,
    "erbbands_crest": {
        "max": 25.5897789001,
        "mean": 7.05678224564,
        "min": 2.6355214119,
        "stdev": 3.03376793861
    },
    "erbbands_flatness_db": {
        "max": 0.23252274096,
        "mean": 0.131066709757,
        "min": 0.0587575659156,
        "stdev": 0.0286132842302
    },
    "erbbands_kurtosis": {
        "max": 8.76258468628,
        "mean": 0.150190532207,
        "min": -1.43463265896,
        "stdev": 1.03821122646
    },
    "erbbands_skewness": {
        "max": 1.5770586729,
        "mean": -0.207645729184,
        "min": -2.19195485115,
        "stdev": 0.471078842878
    },
    "erbbands_spread": {
        "max": 106.936218262,
        "mean": 37.8813514709,
        "min": 10.6072568893,
        "stdev": 13.6401634216
    },
    "hfc": {
        "max": 105.912643433,
        "mean": 30.2107524872,
        "min": 0.508701920509,
        "stdev": 14.0971431732
    },
    "loudness_ebu128": {
        "integrated": -7.96933746338,
        "loudness_range": 0.920632839203,
        "momentary": {
            "max": -6.50809621811,
            "mean": -8.06353569031,
            "min": -17.1079139709,
            "stdev": 1.03801882267
        },
        "short_term": {
            "max": -7.49674367905,
            "mean": -7.98349237442,
            "min": -9.16695594788,
            "stdev": 0.336698830128
        }
    },
    "melbands_crest": {
        "max": 34.246257782,
        "mean": 18.4670906067,
        "min": 3.44495344162,
        "stdev": 7.00531005859
    },
    "melbands_flatness_db": {
        "max": 0.305301845074,
        "mean": 0.194465816021,
        "min": 0.0308131575584,
        "stdev": 0.0480986014009
    },
    "melbands_kurtosis": {
        "max": 100.098655701,
        "mean": 13.4296331406,
        "min": -1.35219323635,
        "stdev": 13.2188358307
    },
    "melbands_skewness": {
        "max": 9.49163627625,
        "mean": 3.09518480301,
        "min": -0.410773724318,
        "stdev": 1.482640028
    },
    "melbands_spread": {
        "max": 105.053497314,
        "mean": 22.3833503723,
        "min": 4.4256734848,
        "stdev": 11.9172019958
    },
    "pitch_salience": {
        "max": 0.823181509972,
        "mean": 0.482583373785,
        "min": 0.159829765558,
        "stdev": 0.136307030916
    },
    "silence_rate_20dB": {
        "max": 1,
        "mean": 1,
        "min": 1,
        "stdev": 0
    },
    "silence_rate_30dB": {
        "max": 1,
        "mean": 0.999048054218,
        "min": 0,
        "stdev": 0.0308388136327
    },
    "silence_rate_60dB": {
        "max": 1,
        "mean": 0.007615421433,
        "min": 0,
        "stdev": 0.0869344398379
    },
    "spectral_centroid": {
        "max": 3283.47924805,
        "mean": 1559.67553711,
        "min": 649.086181641,
        "stdev": 372.402923584
    },
    "spectral_complexity": {
        "max": 54,
        "mean": 29.9362201691,
        "min": 1,
        "stdev": 7.36140537262
    },
    "spectral_decrease": {
        "max": -2.55928472859e-10,
        "mean": -1.39332891891e-08,
        "min": -2.90418000759e-08,
        "stdev": 5.56994494971e-09
    },
    "spectral_energy": {
        "max": 0.113556109369,
        "mean": 0.0553277097642,
        "min": 0.00101207487751,
        "stdev": 0.0213928520679
    },
    "spectral_energyband_high": {
        "max": 0.00862172991037,
        "mean": 0.00106988404877,
        "min": 2.11977039726e-05,
        "stdev": 0.0010813648114
    },
    "spectral_energyband_low": {
        "max": 0.0954108908772,
        "mean": 0.0343880020082,
        "min": 3.31496121362e-05,
        "stdev": 0.0208537746221
    },
    "spectral_energyband_middle_high": {
        "max": 0.0452406145632,
        "mean": 0.0094178551808,
        "min": 0.000115420632937,
        "stdev": 0.00548796588555
    },
    "spectral_energyband_middle_low": {
        "max": 0.0811366066337,
        "mean": 0.0127649800852,
        "min": 0.000152075503138,
        "stdev": 0.00972314737737
    },
    "spectral_entropy": {
        "max": 8.7129535675,
        "mean": 7.86772489548,
        "min": 7.02288484573,
        "stdev": 0.221618711948
    },
    "spectral_flux": {
        "max": 0.324266046286,
        "mean": 0.124839439988,
        "min": 0.0253420267254,
        "stdev": 0.0465485267341
    },
    "spectral_kurtosis": {
        "max": 10.3572854996,
        "mean": 3.84391570091,
        "min": -0.281809091568,
        "stdev": 1.46983194351
    },
    "spectral_rms": {
        "max": 0.0105255143717,
        "mean": 0.00717137008905,
        "min": 0.000993675086647,
        "stdev": 0.00159676687326
    },
    "spectral_rolloff": {
        "max": 10400.5371094,
        "mean": 1160.46838379,
        "min": 64.599609375,
        "stdev": 905.850830078
    },
    "spectral_skewness": {
        "max": 2.68184733391,
        "mean": 1.45954656601,
        "min": 0.617296338081,
        "stdev": 0.22546967864
    },
    "spectral_spread": {
        "max": 13883207,
        "mean": 4466796.5,
        "min": 2590624.25,
        "stdev": 1163293.375
    },
    "spectral_strongpeak": {
        "max": 10.3381929398,
        "mean": 0.56660425663,
        "min": 0,
        "stdev": 0.610662043095
    },
    "zerocrossingrate": {
        "max": 0.2333984375,
        "mean": 0.0493975169957,
        "min": 0.00634765625,
        "stdev": 0.0249393451959
    },
    "barkbands": {
        "max": [0.0168407261372, 0.0869680047035, 0.0659153610468, 0.0497026145458, 0.0253434944898, 0.0192032083869, 0.0196706373245, 0.0222964920104, 0.0241501629353, 0.0239950530231, 0.0191568471491, 0.0192156247795, 0.0229446776211, 0.0135829579085, 0.0116553260013, 0.0169116500765, 0.0135843511671, 0.00466486206278, 0.00312925153412, 0.00246116193011, 0.00157792167738, 0.00312692369334, 0.0029396393802, 0.00315662287176, 0.00137136725243, 0.000550047960132, 2.70746131719e-05],
        "mean": [0.00174753763713, 0.0239751301706, 0.00646451907232, 0.00385115295649, 0.00261090928689, 0.00197659572586, 0.00135942932684, 0.00121024099644, 0.00153595872689, 0.000962067337241, 0.00129764759913, 0.00093213195214, 0.0011612494709, 0.00106027873699, 0.00101841136348, 0.00120312185027, 0.000679104006849, 0.000610362971202, 0.000431284337537, 0.000318243721267, 0.000242504058406, 0.000202260780497, 0.000180858478416, 0.000149868617882, 9.99804979074e-05, 4.60347146145e-05, 8.04214039363e-07],
        "min": [3.68676808193e-07, 1.68162805494e-05, 1.93786240743e-06, 2.6497377803e-06, 1.75648510776e-05, 5.43052328794e-06, 7.71088434703e-06, 7.57723046263e-06, 1.57443719218e-05, 2.21622376557e-05, 4.00635235565e-06, 4.67890140499e-06, 8.01914666226e-06, 9.64606533671e-06, 1.09048896775e-05, 1.51962667587e-05, 7.01786166246e-06, 1.64388966368e-05, 9.30152054934e-06, 9.54233837547e-06, 1.65427343291e-06, 5.64296169614e-06, 3.23717927131e-06, 1.42260330449e-06, 2.59976786765e-06, 4.56289939166e-07, 2.38430403893e-11],
        "stdev": [0.0022973571904, 0.0190890841186, 0.00914584845304, 0.00628219079226, 0.00288619822823, 0.00233705155551, 0.00184944574721, 0.00229306751862, 0.00215549045242, 0.00144119677134, 0.00183793005999, 0.00135066639632, 0.00162215682212, 0.00122525927145, 0.000965067651123, 0.00150811031926, 0.000800221110694, 0.000484861753648, 0.000367348926375, 0.000276965409284, 0.000207224671612, 0.000224241535761, 0.000239583489019, 0.000261078123003, 0.00016223192506, 7.87206590758e-05, 1.8859998363e-06]
    },
    "erbbands": {
        "max": [4.02061367035, 17.4531402588, 66.6901779175, 125.388626099, 118.432418823, 140.289718628, 104.756980896, 230.101715088, 286.515106201, 317.311309814, 619.604553223, 724.670166016, 693.194396973, 852.650512695, 678.890991211, 919.829956055, 705.346435547, 749.267700195, 803.253479004, 429.173217773, 1073.02099609, 760.401489258, 232.736602783, 315.171508789, 116.002586365, 114.554641724, 82.932472229, 65.4957351685, 104.214233398, 84.747428894, 81.4037017822, 76.1341171265, 37.1806259155, 20.2562065125, 10.6390752792, 3.968323946, 0.966716170311, 0.100368365645, 0.00220664404333, 0.000248788594035],
        "mean": [0.914891302586, 4.43654584885, 7.59294891357, 11.5918197632, 9.6304101944, 8.27912807465, 10.4692687988, 19.0296955109, 19.3584308624, 20.553401947, 31.0867595673, 31.5791625977, 33.7866592407, 44.5075302124, 45.6791381836, 35.9273529053, 44.9279747009, 61.8982086182, 52.0990943909, 56.6634712219, 67.138343811, 39.8441123962, 34.3886795044, 26.5389003754, 19.7145500183, 15.2528057098, 11.1384897232, 8.87516021729, 7.65423536301, 5.9593296051, 4.91109848022, 3.76707959175, 2.07195520401, 1.19676280022, 0.673552274704, 0.272422194481, 0.0704379752278, 0.00750763062388, 0.000187235506019, 7.19363888493e-05],
        "min": [0.000268682546448, 0.00507402420044, 0.00413188477978, 0.0164828039706, 0.0232941638678, 0.0587056651711, 0.0480586290359, 0.0604275539517, 0.123176537454, 0.201045870781, 0.111555486917, 0.294147878885, 0.774429142475, 0.434977799654, 0.195920675993, 0.194363296032, 0.30045902729, 0.543500721455, 0.482992231846, 0.90780967474, 0.50715136528, 0.425507217646, 0.931085407734, 0.75920599699, 0.263881295919, 0.54032433033, 0.0961942598224, 0.0840832814574, 0.197099402547, 0.145526885986, 0.0859825611115, 0.0435313396156, 0.0229277871549, 0.0353817343712, 0.0111224167049, 0.00383879174478, 0.000832149351481, 7.92957580416e-05, 3.08217181555e-06, 2.2125027499e-06],
        "stdev": [0.93771559, 3.48844122887, 9.22964572906, 17.1462516785, 12.8352680206, 10.0676136017, 12.467634201, 25.105266571, 23.3552131653, 29.4265937805, 58.2562637329, 49.8066368103, 42.6569976807, 62.421749115, 56.5632095337, 50.7364883423, 54.5216522217, 71.4129104614, 54.1563186646, 51.3893814087, 89.583656311, 42.9144210815, 27.0052471161, 23.254573822, 15.1278820038, 13.3261852264, 10.0710554123, 7.89919805527, 8.47922229767, 7.1660618782, 6.70815038681, 6.73297929764, 3.37866711617, 1.87520742416, 1.1427270174, 0.472738087177, 0.122141465545, 0.0134306047112, 0.000281497254036, 2.76387982012e-05]
    },
    "gfcc": {
        "mean": [57.8612976074, 91.7351455688, -120.741157532, 43.3923835754, -44.5111045837, 28.2717552185, -33.3618469238, 17.339389801, -18.6068382263, 7.66841030121, -14.9332237244, 3.41007876396, -9.16836071014],
        "cov": [[853.275817871, -238.357696533, 132.257339478, 50.5935096741, -87.038772583, -49.7232475281, -100.497749329, 4.30742073059, -26.9088878632, 23.0186672211, -63.8730506897, 14.2560520172, -59.1820678711], [-238.357696533, 563.390441895, -161.302841187, 6.31332540512, 131.197463989, -47.7649154663, 81.8213577271, -49.8163032532, 68.5608062744, -59.2038764954, 60.1129646301, -56.062210083, 55.7020988464], [132.257339478, -161.302841187, 304.396392822, 92.2328033447, 4.42798137665, 37.3891563416, -36.0376930237, 35.0024490356, -13.1915435791, 30.987575531, -17.5758666992, 24.3062171936, -23.7863960266], [50.5935096741, 6.31332540512, 92.2328033447, 158.404846191, 52.5882568359, -2.35400891304, -21.7150554657, 3.01243948936, 31.6579875946, -7.91540384293, 12.809381485, 2.61778116226, 19.408952713], [-87.038772583, 131.197463989, 4.42798137665, 52.5882568359, 131.779205322, 33.7715797424, 40.578540802, -1.12224924564, 30.4285011292, -4.28194713593, 24.6120738983, -4.54307842255, 21.0463733673], [-49.7232475281, -47.7649154663, 37.3891563416, -2.35400891304, 33.7715797424, 145.892868042, 82.9044113159, 0.269582331181, -15.6175909042, 11.7511329651, 23.2244224548, 7.37740945816, 8.11906719208], [-100.497749329, 81.8213577271, -36.0376930237, -21.7150554657, 40.578540802, 82.9044113159, 151.739624023, 35.7052955627, 12.8021345139, 9.04525279999, 28.5262088776, -3.21940922737, 14.8425788879], [4.30742073059, -49.8163032532, 35.0024490356, 3.01243948936, -1.12224924564, 0.269582331181, 35.7052955627, 87.9645080566, 39.8135490417, 24.7926597595, 1.07055747509, 10.6979885101, 5.90356588364], [-26.9088878632, 68.5608062744, -13.1915435791, 31.6579875946, 30.4285011292, -15.6175909042, 12.8021345139, 39.8135490417, 96.2532043457, 31.3702011108, 29.3550548553, 5.85693693161, 27.4396305084], [23.0186672211, -59.2038764954, 30.987575531, -7.91540384293, -4.28194713593, 11.7511329651, 9.04525279999, 24.7926597595, 31.3702011108, 70.7149963379, 33.0135269165, 23.6514816284, 2.38253688812], [-63.8730506897, 60.1129646301, -17.5758666992, 12.809381485, 24.6120738983, 23.2244224548, 28.5262088776, 1.07055747509, 29.3550548553, 33.0135269165, 80.0431060791, 31.2848987579, 33.777545929], [14.2560520172, -56.062210083, 24.3062171936, 2.61778116226, -4.54307842255, 7.37740945816, -3.21940922737, 10.6979885101, 5.85693693161, 23.6514816284, 31.2848987579, 67.0497589111, 33.0079841614], [-59.1820678711, 55.7020988464, -23.7863960266, 19.408952713, 21.0463733673, 8.11906719208, 14.8425788879, 5.90356588364, 27.4396305084, 2.38253688812, 33.777545929, 33.0079841614, 73.0236968994]],
        "icov": [[0.00158911908511, -0.00017792689323, 4.69405058539e-05, -0.0011546012247, 0.000960859353654, -0.000146213671542, 0.000429517967859, -1.58360362548e-05, 0.000239056767896, -0.00126447761431, 0.00162475381512, -0.00126313627698, 0.00116994441487], [-0.00017792689323, 0.0114708747715, -0.00372384861112, 0.00702647399157, -0.00774215813726, 0.0119379423559, -0.0102089606225, 0.0115789985284, -0.00956907123327, 0.0130747593939, -0.011964360252, 0.0114985015243, -0.00642587244511], [4.69405058539e-05, -0.00372384861112, 0.00843256805092, -0.00735363038257, 0.00221121916547, -0.00716755306348, 0.0062586851418, -0.00791474524885, 0.00654593156651, -0.0083922483027, 0.00673094810918, -0.00647438596934, 0.00473442487419], [-0.0011546012247, 0.00702647399157, -0.00735363038257, 0.0171863734722, -0.00836304202676, 0.00830777734518, -0.0050106793642, 0.00843732059002, -0.0105167739093, 0.0142478300259, -0.011628667824, 0.0098158326, -0.00700687710196], [0.000960859353654, -0.00774215813726, 0.00221121916547, -0.00836304202676, 0.0170582123101, -0.00937081035227, 0.00414153374732, -0.00519474316388, 0.00283163087443, -0.0072733964771, 0.00742687890306, -0.00721767358482, 0.00433160085231], [-0.000146213671542, 0.0119379423559, -0.00716755306348, 0.00830777734518, -0.00937081035227, 0.0258212462068, -0.0188903026283, 0.016023747623, -0.00732598174363, 0.0118207391351, -0.0135462516919, 0.01221487578, -0.00828178972006], [0.000429517967859, -0.0102089606225, 0.0062586851418, -0.0050106793642, 0.00414153374732, -0.0188903026283, 0.0247002765536, -0.0193800535053, 0.0105329426005, -0.0106697650626, 0.00689077284187, -0.00707292743027, 0.00535877561197], [-1.58360362548e-05, 0.0115789985284, -0.00791474524885, 0.00843732059002, -0.00519474316388, 0.016023747623, -0.0193800535053, 0.0339830555022, -0.0197496134788, 0.0109207574278, -0.00591383408755, 0.00751858251169, -0.0063566849567], [0.000239056767896, -0.00956907123327, 0.00654593156651, -0.0105167739093, 0.00283163087443, -0.00732598174363, 0.0105329426005, -0.0197496134788, 0.0315932519734, -0.0214251168072, 0.00733229331672, -0.00341963977553, -0.00114376470447], [-0.00126447761431, 0.0130747593939, -0.0083922483027, 0.0142478300259, -0.0072733964771, 0.0118207391351, -0.0106697650626, 0.0109207574278, -0.0214251168072, 0.0449242927134, -0.0261330418289, 0.00806557852775, -0.000423657504143], [0.00162475381512, -0.011964360252, 0.00673094810918, -0.011628667824, 0.00742687890306, -0.0135462516919, 0.00689077284187, -0.00591383408755, 0.00733229331672, -0.0261330418289, 0.0403286442161, -0.0207876563072, 0.00300909136422], [-0.00126313627698, 0.0114985015243, -0.00647438596934, 0.0098158326, -0.00721767358482, 0.01221487578, -0.00707292743027, 0.00751858251169, -0.00341963977553, 0.00806557852775, -0.0207876563072, 0.0407541841269, -0.0207450035959], [0.00116994441487, -0.00642587244511, 0.00473442487419, -0.00700687710196, 0.00433160085231, -0.00828178972006, 0.00535877561197, -0.0063566849567, -0.00114376470447, -0.000423657504143, 0.00300909136422, -0.0207450035959, 0.0304744262248]]
    },
    "melbands": {
        "max": [0.0285232048482, 0.0270542558283, 0.0185525845736, 0.0060884761624, 0.00399697665125, 0.00455857859924, 0.00391930202022, 0.00398011924699, 0.00512360595167, 0.00427383324131, 0.00341483973898, 0.00371776218526, 0.00233344384469, 0.00196459074505, 0.00137195782736, 0.00263747526333, 0.00164446455892, 0.00135624175891, 0.000681478762999, 0.000718218157999, 0.00111869210377, 0.00111795449629, 0.000274296180578, 0.000209192978218, 0.000283686880721, 0.000126756203827, 0.000116830407933, 8.05110175861e-05, 7.74977961555e-05, 4.07451734645e-05, 4.07091465604e-05, 6.82330282871e-05, 5.21677866345e-05, 4.74510961794e-05, 4.17469418608e-05, 5.6038650655e-05, 5.77478494961e-05, 3.58404795406e-05, 1.98489287868e-05, 1.56311780302e-05],
        "mean": [0.00726951565593, 0.00453602988273, 0.00191257323604, 0.000607432273682, 0.000367239728803, 0.000409317173762, 0.000299223873299, 0.000227448821533, 0.000252457713941, 0.000204352647415, 0.000168254759046, 0.000174620188773, 0.000172719417606, 0.000108214779175, 8.36299441289e-05, 0.000122723344248, 0.000110854009108, 8.28034098959e-05, 7.56408408051e-05, 7.78522735345e-05, 7.36376096029e-05, 3.99220734835e-05, 3.29089962179e-05, 3.1060877518e-05, 2.02232513402e-05, 1.61663265317e-05, 1.17792942547e-05, 9.50322009885e-06, 7.51411789679e-06, 5.46166666027e-06, 4.9480704547e-06, 4.57545411336e-06, 3.40405631505e-06, 3.35423601427e-06, 2.88834166895e-06, 2.53270741268e-06, 2.22227049562e-06, 1.52546238041e-06, 1.12200871172e-06, 9.72431962509e-07],
        "min": [3.43578903994e-06, 4.12506960856e-06, 4.48792070529e-06, 2.90701564154e-06, 1.50539074184e-06, 1.27539897221e-06, 1.59230592089e-06, 1.53757878252e-06, 7.18110186426e-07, 2.27236091632e-06, 2.99403427562e-06, 1.85735279956e-06, 5.83807434396e-07, 5.83184885272e-07, 6.32335286355e-07, 8.2885452457e-07, 9.65703065958e-07, 6.74417321989e-07, 9.91936644823e-07, 1.38922678161e-06, 4.27301870332e-07, 3.40862897019e-07, 7.87964779647e-07, 7.69600092099e-07, 6.02450199949e-07, 2.15260342884e-07, 2.89811936227e-07, 3.40274652899e-07, 4.77300226009e-08, 4.653236374e-08, 4.91570091299e-08, 9.60686961093e-08, 1.49901055124e-07, 5.80237333736e-08, 5.23871293012e-08, 3.5365669504e-08, 2.28568968197e-08, 1.24380665767e-08, 2.33123991222e-08, 2.95423685515e-08],
        "stdev": [0.00639568176121, 0.00386979035102, 0.00260121328756, 0.000679919088725, 0.000427088001743, 0.000513117178343, 0.000356211850885, 0.000323184736772, 0.000457028421806, 0.000311544543365, 0.000218214758206, 0.000251498888247, 0.000223729279242, 0.000159136601724, 0.00012309619342, 0.000175673034391, 0.000133666268084, 9.63139536907e-05, 6.86447092448e-05, 8.50247961353e-05, 9.90714397631e-05, 5.08590637764e-05, 3.17559788527e-05, 2.50218545261e-05, 2.01591628866e-05, 1.40486072269e-05, 1.01066771094e-05, 8.89238526725e-06, 7.32860644348e-06, 5.22204663866e-06, 4.572340913e-06, 5.4206607274e-06, 3.84923214369e-06, 4.30221371062e-06, 3.91272169509e-06, 4.21195954914e-06, 4.2807250793e-06, 2.67458744929e-06, 1.71255931036e-06, 1.58569605446e-06]
    },
    "melbands128": {
        "max": [0.0157676935196, 0.0395631827414, 0.0418724901974, 0.0361386686563, 0.0391588062048, 0.0349444113672, 0.0301248636097, 0.0228299424052, 0.0119305951521, 0.0065712146461, 0.0107140829787, 0.00724090263247, 0.00507630780339, 0.00529761984944, 0.00577703258023, 0.00906065478921, 0.00933715794235, 0.00481892051175, 0.00485566817224, 0.00557198701426, 0.00668701995164, 0.00749427545816, 0.009427187033, 0.00597458984703, 0.00829629600048, 0.00476216385141, 0.00554468296468, 0.00602991227061, 0.00310625997372, 0.0060615199618, 0.00488870311528, 0.00429947162047, 0.00384897366166, 0.00333481188864, 0.00388597417623, 0.00330137880519, 0.00439107604325, 0.00243370654061, 0.00351451640017, 0.00269302260131, 0.00429849000648, 0.00355113530532, 0.00297530693933, 0.00300582335331, 0.00191223376896, 0.00259578763507, 0.00134944415186, 0.00133996491786, 0.000904993270524, 0.00133706093766, 0.00125437229872, 0.0023904973641, 0.00231755012646, 0.00106216943823, 0.00135251856409, 0.00201220507734, 0.000585388159379, 0.000659545126837, 0.000459389353637, 0.000415904709371, 0.00028457690496, 0.000355046999175, 0.00057630892843, 0.000260428962065, 0.000308003625832, 0.000211730832234, 0.000179660200956, 0.000185279481229, 0.000152882290422, 0.000172892541741, 0.000121848141134, 0.000118686635687, 0.000166512254509, 9.6476636827e-05, 9.47644293774e-05, 6.39716672595e-05, 9.71651752479e-05, 7.58981113904e-05, 6.44250030746e-05, 6.65431944071e-05, 0.000111228269816, 9.22310646274e-05, 5.05666175741e-05, 6.03282460361e-05, 6.55622425256e-05, 5.16672516824e-05, 6.34446987533e-05, 7.51917032176e-05, 4.98127446917e-05, 6.04263077548e-05, 0.000118422714877, 5.76275197091e-05, 7.45765864849e-05, 6.25403772574e-05, 8.86660709511e-05, 6.08219306741e-05, 3.2024934626e-05, 1.96533492272e-05, 3.11072508339e-05, 2.86032864096e-05, 1.90127102542e-05, 1.4251659195e-05, 1.61919651873e-05, 1.83474967343e-05, 1.46704514918e-05, 1.13929445433e-05, 1.67567650351e-05, 9.6197009043e-06, 8.00479301688e-06, 6.37623224975e-06, 5.58485089641e-06, 6.31776674709e-06, 3.56660711986e-06, 3.18558272738e-06, 2.18301966015e-06, 1.50196092363e-06, 1.0345870578e-06, 6.99620130717e-08, 6.94040309668e-08, 6.837515798e-08, 6.72492248555e-08, 6.61261481127e-08, 6.50960743087e-08, 6.41426609604e-08, 6.33105088355e-08, 6.26802787451e-08, 6.21948998969e-08, 6.18877606939e-08],
        "mean": [0.00151542795356, 0.0079101966694, 0.00945958308876, 0.00661258585751, 0.00417624227703, 0.00306857936084, 0.00253873574547, 0.00163228088059, 0.000880241394043, 0.000552554032765, 0.000427247199696, 0.000396990741137, 0.000354252464604, 0.000317698082654, 0.000437230424723, 0.000485877040774, 0.00029170740163, 0.00029179934063, 0.000260713713942, 0.000227185664698, 0.00018442820874, 0.000296758225886, 0.000263300258666, 0.000215434076381, 0.0001863612124, 0.000198271809495, 0.000254508515354, 0.000122137527796, 0.00015327053552, 0.000144553749124, 0.000186313249287, 0.000227479366004, 0.000200551570742, 9.18020668905e-05, 0.000143374709296, 9.81641860562e-05, 8.14290615381e-05, 8.41786750243e-05, 8.93519463716e-05, 7.40881732781e-05, 0.000133485955303, 0.000198211113457, 9.41491161939e-05, 7.66270022723e-05, 9.83833961072e-05, 7.80431000749e-05, 7.64289725339e-05, 7.62935887906e-05, 6.82410536683e-05, 8.92573225428e-05, 5.66419475945e-05, 9.02008832782e-05, 0.00011614835239, 4.40423937107e-05, 3.63355902664e-05, 4.15690083173e-05, 3.99549608119e-05, 3.88178414141e-05, 2.76758783002e-05, 2.73407222267e-05, 3.71294445358e-05, 2.86232570943e-05, 2.0189812858e-05, 1.72906929947e-05, 2.14844385482e-05, 1.52392885866e-05, 1.42045510074e-05, 1.33374442157e-05, 9.46053023654e-06, 1.23657146105e-05, 9.98236009764e-06, 8.00041834736e-06, 8.09827361081e-06, 8.22761376185e-06, 5.60071202926e-06, 5.25273844687e-06, 5.56384748052e-06, 5.33462571184e-06, 4.72555848319e-06, 4.71841849503e-06, 4.89930653202e-06, 4.44724901172e-06, 3.93285790778e-06, 3.22023174704e-06, 3.0631424579e-06, 3.16580690196e-06, 3.71556393475e-06, 3.23245512845e-06, 2.84370230474e-06, 2.52064205597e-06, 2.78427751255e-06, 2.36381470131e-06, 2.47194134317e-06, 2.31342073675e-06, 2.09794302464e-06, 1.68042004134e-06, 1.43686565934e-06, 1.19802666632e-06, 1.2009107877e-06, 1.01521311535e-06, 9.63456614045e-07, 9.786863302e-07, 9.75030957306e-07, 9.38196365041e-07, 7.69120674704e-07, 6.12867268046e-07, 6.09907374383e-07, 5.35404126367e-07, 4.52350349178e-07, 4.31208775353e-07, 3.32805484504e-07, 2.54104776332e-07, 2.09342573498e-07, 1.56516207994e-07, 1.19725740433e-07, 7.97158605792e-08, 3.21696198569e-08, 9.27806928508e-11, 4.47567503892e-11, 4.38599399855e-11, 4.29616932307e-11, 4.21766128966e-11, 4.14058301534e-11, 4.07823080861e-11, 4.01981607723e-11, 3.97790238249e-11, 3.94596647024e-11, 3.92316353015e-11],
        "min": [1.41463889491e-08, 1.65569659316e-07, 2.41979569182e-06, 5.89817955188e-06, 8.96955384633e-07, 7.23412995285e-07, 1.47049036059e-06, 1.05000947315e-06, 1.14484600999e-06, 9.74707518253e-07, 1.23808945318e-06, 4.57471941218e-07, 8.62382989908e-07, 4.8517625828e-07, 5.85202315051e-07, 7.42001816434e-07, 8.51849620176e-07, 9.76503429229e-07, 2.19871225227e-07, 1.44302418903e-07, 2.72384568234e-07, 4.07727327456e-07, 2.69124484475e-07, 4.23562198648e-07, 7.161255553e-07, 5.7685832644e-07, 3.11639752226e-07, 4.0956345515e-07, 1.12612292469e-06, 1.5572512666e-06, 1.34069603064e-06, 4.37796813912e-07, 4.61765637283e-07, 2.33194839439e-07, 4.21244038762e-07, 6.36142544863e-07, 1.52936408426e-07, 5.15131773682e-07, 4.71014885761e-07, 2.0938217915e-07, 2.59697628735e-07, 9.29280304263e-07, 8.53522578836e-07, 2.44418714601e-07, 5.81615893225e-07, 6.82896427406e-07, 7.62036961532e-07, 5.78576191401e-07, 4.22443747539e-07, 6.07598281022e-07, 8.27297753858e-07, 8.23893913093e-07, 1.55042428673e-07, 4.79026425637e-07, 2.88168166662e-07, 2.90369371214e-07, 1.58513188353e-07, 6.13189797605e-07, 4.77458229398e-07, 5.30435386281e-07, 5.30435727342e-07, 4.90335310133e-07, 3.64703453215e-07, 3.44198753055e-07, 3.9550315023e-07, 7.8987703489e-08, 5.73945158067e-08, 9.79364429554e-08, 2.16845194245e-07, 3.06993740651e-07, 2.90110506285e-07, 4.62994087513e-08, 9.48084633023e-08, 2.62611266066e-08, 3.09452268255e-08, 6.28141449965e-08, 4.55207462835e-08, 2.41563071768e-08, 5.06002884038e-08, 6.82092178295e-08, 9.84317907182e-08, 9.15536944035e-08, 1.20609485066e-07, 7.26984623611e-08, 5.13056086504e-08, 5.32016457555e-08, 6.59812400272e-08, 5.27456016641e-08, 5.65221220938e-08, 3.58573402082e-08, 5.52435501788e-08, 1.5460368985e-08, 2.58735504133e-08, 3.77122653106e-08, 8.84316531113e-09, 8.01377009196e-09, 1.5877263948e-08, 1.50828931567e-08, 1.52909489515e-08, 2.08953476744e-08, 1.55908583821e-08, 1.81281230027e-08, 1.41107783236e-08, 6.64660371186e-09, 5.76860070822e-09, 6.15790174407e-09, 6.32260022115e-09, 5.29421750883e-09, 3.50848927688e-09, 3.89811960488e-09, 2.81440115657e-09, 3.08216541178e-09, 1.80098069791e-09, 1.17474585615e-09, 8.39659675123e-10, 9.77773556565e-11, 1.70749617787e-13, 5.55246393839e-14, 3.13911020116e-14, 2.99811851777e-14, 2.88581448505e-14, 3.52270025216e-14, 2.80164244939e-14, 2.63516642453e-14, 2.73857728893e-14, 2.71176903496e-14, 2.89472798216e-14, 2.67011602038e-14],
        "stdev": [0.00202093925327, 0.00904366932809, 0.0088655622676, 0.00594648905098, 0.00534980231896, 0.00453464034945, 0.00410876842216, 0.0026787633542, 0.00136160501279, 0.000750305014662, 0.000652631977573, 0.000624487700406, 0.000525171286426, 0.000451303145383, 0.000650580914225, 0.000811742036603, 0.000447605678346, 0.00047242094297, 0.000464885059046, 0.000441237149062, 0.000365475745639, 0.000693336944096, 0.00064113951521, 0.000461019371869, 0.000488560355734, 0.00036752645974, 0.000453475426184, 0.000238955355599, 0.000263636437012, 0.000296898942906, 0.000364650069969, 0.00037375537795, 0.000320146878948, 0.000204576354008, 0.000276875129202, 0.000174971763045, 0.000201538554393, 0.000170418308699, 0.000170267434441, 0.000136185437441, 0.000290527124889, 0.000322177278576, 0.000171359235537, 0.000150908017531, 0.000157606540597, 0.000137522176374, 0.000116785071441, 0.000100637909782, 8.08125623735e-05, 0.000129560838104, 9.28886584006e-05, 0.000188513629837, 0.000196628636331, 6.87222855049e-05, 6.69956934871e-05, 7.39020251785e-05, 5.41487606824e-05, 5.0880942581e-05, 3.27681409544e-05, 3.18765596603e-05, 3.65236010111e-05, 3.15980323649e-05, 3.08354610752e-05, 2.18256063818e-05, 2.55791364907e-05, 1.8006459868e-05, 1.6308753402e-05, 1.38274281198e-05, 1.08663316496e-05, 1.60708968906e-05, 1.10063438115e-05, 8.69747782417e-06, 1.00204124465e-05, 9.33976934903e-06, 6.69952260068e-06, 6.34043135506e-06, 6.28772841083e-06, 5.77514219913e-06, 4.99165298606e-06, 5.37773121323e-06, 6.74613966112e-06, 6.35991500531e-06, 4.51645246358e-06, 4.1595590119e-06, 4.23524761572e-06, 4.30374302596e-06, 5.23924745721e-06, 4.95033737025e-06, 4.02955583922e-06, 3.84328950531e-06, 4.89297781314e-06, 4.57392297903e-06, 4.95939139e-06, 4.72891360914e-06, 4.51375262855e-06, 3.48460639543e-06, 2.50979314842e-06, 1.89659317584e-06, 1.92663196685e-06, 1.75805541858e-06, 1.62031392392e-06, 1.71122928805e-06, 1.76893775006e-06, 1.72727925474e-06, 1.37308518333e-06, 1.13274552405e-06, 1.21770381156e-06, 1.01179705325e-06, 8.31123372791e-07, 8.07683477433e-07, 6.10210861396e-07, 4.88549687816e-07, 3.89077484897e-07, 2.87347063477e-07, 2.25217064553e-07, 1.55802823087e-07, 7.31812406229e-08, 1.5782437579e-09, 1.51582668639e-09, 1.49316092823e-09, 1.46845302584e-09, 1.44386347323e-09, 1.42132006165e-09, 1.40047395902e-09, 1.38227906898e-09, 1.36849864774e-09, 1.35788746913e-09, 1.35116884348e-09]
    },
    "mfcc": {
        "mean": [-581.210632324, 116.961296082, -6.93403768539, 24.4204483032, 13.9233989716, 14.2753334045, 4.93681049347, 10.5205383301, 5.48484277725, 7.57657384872, 2.93538713455, 2.01793026924, 1.4215862751],
        "cov": [[821.143493652, -191.403930664, 68.0343322754, 37.8817596436, -13.2140598297, -48.4959754944, -86.9047851562, -43.6775665283, -22.7684116364, -20.1301708221, -31.3480625153, -1.43360924721, 2.23616194725], [-191.403930664, 450.887634277, -167.341293335, 29.1928825378, 0.435592830181, 18.9063930511, 22.5840148926, 14.6891536713, 13.3227071762, 7.41747331619, 29.9714508057, 4.31869649887, -17.1562137604], [68.0343322754, -167.341293335, 254.9375, 37.5799407959, 45.8723106384, 7.06367397308, -0.0129689201713, -0.328175842762, -2.72762751579, 4.96637582779, -15.8108539581, 9.898396492, 14.2511034012], [37.8817596436, 29.1928825378, 37.5799407959, 157.045639038, 75.2083129883, -22.6939315796, -39.6734695435, 0.545581281185, 15.2819738388, 2.20408082008, -11.0903196335, 15.8985490799, 19.6752719879], [-13.2140598297, 0.435592830181, 45.8723106384, 75.2083129883, 123.594245911, 17.5233097076, -25.7683296204, -5.84932994843, 2.90155601501, 0.637441277504, -11.1043548584, 13.311091423, 10.4911880493], [-48.4959754944, 18.9063930511, 7.06367397308, -22.6939315796, 17.5233097076, 121.473648071, 71.8850784302, 21.389629364, -6.31554889679, 2.60207653046, 13.4781866074, 0.872943520546, -12.7445373535], [-86.9047851562, 22.5840148926, -0.0129689201713, -39.6734695435, -25.7683296204, 71.8850784302, 127.837753296, 45.5063285828, 7.47972011566, 9.50397586823, 19.2415180206, -2.58161354065, -5.59103775024], [-43.6775665283, 14.6891536713, -0.328175842762, 0.545581281185, -5.84932994843, 21.389629364, 45.5063285828, 64.668548584, 32.3585853577, 9.28742408752, 8.27075862885, 2.85921263695, 3.26316022873], [-22.7684116364, 13.3227071762, -2.72762751579, 15.2819738388, 2.90155601501, -6.31554889679, 7.47972011566, 32.3585853577, 69.2097549438, 29.2622756958, 9.58327198029, 6.0670170784, 7.8309674263], [-20.1301708221, 7.41747331619, 4.96637582779, 2.20408082008, 0.637441277504, 2.60207653046, 9.50397586823, 9.28742408752, 29.2622756958, 58.2945480347, 31.739151001, 11.9258403778, 1.71676754951], [-31.3480625153, 29.9714508057, -15.8108539581, -11.0903196335, -11.1043548584, 13.4781866074, 19.2415180206, 8.27075862885, 9.58327198029, 31.739151001, 64.3223953247, 23.3366127014, 0.457718491554], [-1.43360924721, 4.31869649887, 9.898396492, 15.8985490799, 13.311091423, 0.872943520546, -2.58161354065, 2.85921263695, 6.0670170784, 11.9258403778, 23.3366127014, 53.7270545959, 23.8152370453], [2.23616194725, -17.1562137604, 14.2511034012, 19.6752719879, 10.4911880493, -12.7445373535, -5.59103775024, 3.26316022873, 7.8309674263, 1.71676754951, 0.457718491554, 23.8152370453, 55.1760139465]],
        "icov": [[0.00152391474694, 0.000636234821286, -2.54236801993e-05, -0.00073793908814, 0.000887625792529, -0.000332351861289, 0.0008963518776, 0.000339828111464, 0.000111610803287, 0.000143549448694, 0.00022997907945, -0.000264442234766, 0.000322891399264], [0.000636234821286, 0.00360445864499, 0.00233514257707, -0.00173345673829, 8.0712743511e-05, -0.000348667410435, -0.000432814646047, 0.00018803832063, -0.000190173479496, 0.000310806935886, -0.000885429326445, -0.000413209694671, 0.00116213143338], [-2.54236801993e-05, 0.00233514257707, 0.00607618130744, -0.00138569937553, -0.00148431200068, -7.3956012784e-05, -0.00122957478743, -6.99019510648e-05, 0.000808137992863, -0.00141474034172, 0.00120812107343, -0.000940075842664, 0.000121599412523], [-0.00073793908814, -0.00173345673829, -0.00138569937553, 0.011328196153, -0.00628787325695, 0.00234389794059, 0.00124808237888, -0.00185221491847, -0.00112632277887, 6.18103440502e-05, 0.000769395672251, -0.000746623263694, -0.00174392398912], [0.000887625792529, 8.0712743511e-05, -0.00148431200068, -0.00628787325695, 0.0147903235629, -0.00581619329751, 0.0041972277686, 0.000933199480642, -0.000173853666638, -0.000972852460109, 0.00259162974544, -0.00204341532663, -0.000255414255662], [-0.000332351861289, -0.000348667410435, -7.3956012784e-05, 0.00234389794059, -0.00581619329751, 0.0153572233394, -0.0089086163789, -0.000498101057019, 0.00194218091201, 0.000645885011181, -0.00138781429268, -0.000959777389653, 0.00299821444787], [0.0008963518776, -0.000432814646047, -0.00122957478743, 0.00124808237888, 0.0041972277686, -0.0089086163789, 0.0183585155755, -0.00975909084082, 0.00251120165922, -0.00149305607192, -0.00140511093196, 0.00189239997417, -0.00183180323802], [0.000339828111464, 0.00018803832063, -6.99019510648e-05, -0.00185221491847, 0.000933199480642, -0.000498101057019, -0.00975909084082, 0.0292767435312, -0.0140616185963, 0.0047727515921, -0.000820596993435, -0.000763186486438, -0.000106169762148], [0.000111610803287, -0.000190173479496, 0.000808137992863, -0.00112632277887, -0.000173853666638, 0.00194218091201, 0.00251120165922, -0.0140616185963, 0.0266919992864, -0.0134318517521, 0.00325720361434, 0.000481610302813, -0.00190829427447], [0.000143549448694, 0.000310806935886, -0.00141474034172, 6.18103440502e-05, -0.000972852460109, 0.000645885011181, -0.00149305607192, 0.0047727515921, -0.0134318517521, 0.0312397070229, -0.0144748808816, 0.000469790655188, 0.00118643883616], [0.00022997907945, -0.000885429326445, 0.00120812107343, 0.000769395672251, 0.00259162974544, -0.00138781429268, -0.00140511093196, -0.000820596993435, 0.00325720361434, -0.0144748808816, 0.02878482081, -0.0120871793479, 0.00318819703534], [-0.000264442234766, -0.000413209694671, -0.000940075842664, -0.000746623263694, -0.00204341532663, -0.000959777389653, 0.00189239997417, -0.000763186486438, 0.000481610302813, 0.000469790655188, -0.0120871793479, 0.0301945880055, -0.0122203566134], [0.000322891399264, 0.00116213143338, 0.000121599412523, -0.00174392398912, -0.000255414255662, 0.00299821444787, -0.00183180323802, -0.000106169762148, -0.00190829427447, 0.00118643883616, 0.00318819703534, -0.0122203566134, 0.0251063536853]]
    },
    "spectral_contrast_coeffs": {
        "max": [-0.488400012255, -0.517070412636, -0.554301917553, -0.59729129076, -0.687720417976, -0.666876316071],
        "mean": [-0.743641853333, -0.765827298164, -0.767857789993, -0.781161606312, -0.790532767773, -0.764148890972],
        "min": [-0.895379304886, -0.939922690392, -0.887374341488, -0.902252435684, -0.875454843044, -0.844444155693],
        "stdev": [0.0666308104992, 0.0582317113876, 0.0502501390874, 0.0422813408077, 0.0257926154882, 0.0255841594189]
    },
    "spectral_contrast_valleys": {
        "max": [-4.98685026169, -4.99042129517, -5.43837594986, -5.49097394943, -5.66860151291, -7.98766803741],
        "mean": [-6.00471687317, -6.31153106689, -6.70439243317, -6.71951293945, -6.86789464951, -9.54394435883],
        "min": [-8.51913738251, -7.98765087128, -8.44821739197, -8.2428560257, -8.65801525116, -10.9391059875],
        "stdev": [0.466926068068, 0.446806550026, 0.429324269295, 0.367034226656, 0.358094662428, 0.555270731449]
    }
},
"rhythm": {
    "beats_count": 103,
    "beats_loudness": {
        "max": 0.105837643147,
        "mean": 0.0696924552321,
        "min": 0.0105809560046,
        "stdev": 0.0196764655411
    },
    "bpm": 128.096206665,
    "bpm_histogram_first_peak_bpm": 129,
    "bpm_histogram_first_peak_weight": 0.350000023842,
    "bpm_histogram_second_peak_bpm": 123,
    "bpm_histogram_second_peak_spread": 0,
    "bpm_histogram_second_peak_weight": 0.0196078438312,
    "danceability": 1.42717289925,
    "onset_rate": 3.1376953125,
    "beats_loudness_band_ratio": {
        "max": [0.897902607918, 0.365146279335, 0.404367208481, 0.332983374596, 0.310257166624, 0.144284412265],
        "mean": [0.691699206829, 0.0715129971504, 0.0797829553485, 0.0779733806849, 0.0710650160909, 0.0265791527927],
        "min": [0.0207124110311, 0.00519059458748, 0.0141635956243, 0.00912781525403, 0.0133103597909, 0.00512617873028],
        "stdev": [0.173771426082, 0.0603012405336, 0.0703219622374, 0.0615733675659, 0.0524815693498, 0.0232238974422]
    },
