{
"metadata": {
    "version": {
        "essentia": "2.1-beta5",
        "essentia_git_sha": "Undefined",
        "extractor": "music 2.0"
    },
    "audio_properties": {
        "analysis": {
            "equal_loudness": 0,
            "length": 12.7477550507,
            "sample_rate": 44100,
            "start_time": 0,
            "downmix": "mix"
        },
        "bit_rate": 192000,
        "length": 185.80607605,
        "lossless": 0,
        "number_channels": 2,
        "replay_gain": 1.30249595642,
        "sample_rate": 48000,
        "codec": "mp3",
        "md5_encoded": "5757a4845346010e735dc62e0bf059f5"
    },
    "tags": {
        "file_name": "Poland_I Don_t Wanna Leave_Lidia Kopania.mp3",
        "encoding": ["Lavf58.29.100"]
    }
},
"lowlevel": {
    "average_loudness": 0.682647526264,
    "barkbands_crest": {
        "max": 21.6800765991,
        "mean": 10.3161678314,
        "min": 2.62029457092,
        "stdev": 4.15321731567
    },
    "barkbands_flatness_db": {
        "max": 0.364384233952,
        "mean": 0.181732550263,
        "min": 0.0329381041229,
        "stdev": 0.0696420893073
    },
    "barkbands_kurtosis": {
        "max": 25.0060272217,
        "mean": 3.03462791443,
        "min": -1.3745932579,
        "stdev": 3.58029007912
    },
    "barkbands_skewness": {
        "max": 3.51722002029,
        "mean": 0.870369076729,
        "min": -3.25799131393,
        "stdev": 0.845406591892
    },
    "barkbands_spread": {
        "max": 42.7047042847,
        "mean": 9.95331573486,
        "min": 0.849294185638,
        "stdev": 7.58228874207
    },
    "dissonance": {
        "max": 0.499999910593,
        "mean": 0.449630737305,
        "min": 0.231379032135,
        "stdev": 0.0514400042593
    },
    "dynamic_complexity": 5.83433294296,
    "erbbands_crest": {
        "max": 26.4576931,
        "mean": 10.9693260193,
        "min": 3.20338106155,
        "stdev": 4.26821708679
    },
    "erbbands_flatness_db": {
        "max": 0.405405044556,
        "mean": 0.247467204928,
        "min": 0.0992822870612,
        "stdev": 0.0588978379965
    },
    "erbbands_kurtosis": {
        "max": 32.4935264587,
        "mean": 3.22061395645,
        "min": -1.21793365479,
        "stdev": 4.24249124527
    },
    "erbbands_skewness": {
        "max": 3.72784018517,
        "mean": 0.927007973194,
        "min": -3.33123278618,
        "stdev": 0.799236834049
    },
    "erbbands_spread": {
        "max": 62.7453193665,
        "mean": 14.833272934,
        "min": 1.48703885078,
        "stdev": 8.89592933655
    },
    "hfc": {
        "max": 587.595703125,
        "mean": 13.2293481827,
        "min": 0.0513817258179,
        "stdev": 33.6076965332
    },
    "loudness_ebu128": {
        "integrated": -25.0383415222,
        "loudness_range": 12.1662635803,
        "momentary": {
            "max": -21.3873634338,
            "mean": -28.22315979,
            "min": -41.0360870361,
            "stdev": 5.82876634598
        },
        "short_term": {
            "max": -22.3392715454,
            "mean": -27.3044757843,
            "min": -36.0093841553,
            "stdev": 4.64206457138
        }
    },
    "melbands_crest": {
        "max": 27.4977779388,
        "mean": 12.4876432419,
        "min": 3.22024440765,
        "stdev": 4.88204431534
    },
    "melbands_flatness_db": {
        "max": 0.416391640902,
        "mean": 0.218183353543,
        "min": 0.0392640195787,
        "stdev": 0.0907654389739
    },
    "melbands_kurtosis": {
        "max": 52.0428733826,
        "mean": 4.53875112534,
        "min": -1.60218310356,
        "stdev": 5.90407896042
    },
    "melbands_skewness": {
        "max": 5.41156339645,
        "mean": 1.09408736229,
        "min": -1.10843622684,
        "stdev": 1.02589046955
    },
    "melbands_spread": {
        "max": 198.24937439,
        "mean": 16.5941524506,
        "min": 1.52792406082,
        "stdev": 16.7099514008
    },
    "pitch_salience": {
        "max": 0.866028249264,
        "mean": 0.616496086121,
        "min": 0.23094522953,
        "stdev": 0.134353920817
    },
    "silence_rate_20dB": {
        "max": 1,
        "mean": 1,
        "min": 1,
        "stdev": 0
    },
    "silence_rate_30dB": {
        "max": 1,
        "mean": 1,
        "min": 1,
        "stdev": 0
    },
    "silence_rate_60dB": {
        "max": 1,
        "mean": 0.374545454979,
        "min": 0,
        "stdev": 0.484003543854
    },
    "spectral_centroid": {
        "max": 6008.19482422,
        "mean": 1220.04418945,
        "min": 410.862213135,
        "stdev": 689.307861328
    },
    "spectral_complexity": {
        "max": 23,
        "mean": 9.85090923309,
        "min": 0,
        "stdev": 5.16698408127
    },
    "spectral_decrease": {
        "max": -1.38747850015e-11,
        "mean": -4.43528191951e-09,
        "min": -1.90245934562e-08,
        "stdev": 4.56330129239e-09
    },
    "spectral_energy": {
        "max": 0.0756447315216,
        "mean": 0.0179397072643,
        "min": 5.70269512536e-05,
        "stdev": 0.0184017270803
    },
    "spectral_energyband_high": {
        "max": 0.0670819357038,
        "mean": 0.00031516639865,
        "min": 1.07073439892e-07,
        "stdev": 0.00373975303955
    },
    "spectral_energyband_low": {
        "max": 0.0330066792667,
        "mean": 0.00124777283054,
        "min": 1.78159229591e-08,
        "stdev": 0.00359401130117
    },
    "spectral_energyband_middle_high": {
        "max": 0.0313809104264,
        "mean": 0.00391584029421,
        "min": 2.49615677603e-05,
        "stdev": 0.00449592992663
    },
    "spectral_energyband_middle_low": {
        "max": 0.0623713620007,
        "mean": 0.0127546498552,
        "min": 3.66931926692e-05,
        "stdev": 0.0146930227056
    },
    "spectral_entropy": {
        "max": 8.62838459015,
        "mean": 7.19670438766,
        "min": 5.61753797531,
        "stdev": 0.675609707832
    },
    "spectral_flux": {
        "max": 0.217164307833,
        "mean": 0.0412250943482,
        "min": 0.00755161931738,
        "stdev": 0.0244788322598
    },
    "spectral_kurtosis": {
        "max": 36.11460495,
        "mean": 9.75912952423,
        "min": -1.14245009422,
        "stdev": 6.35868024826
    },
    "spectral_rms": {
        "max": 0.00859067775309,
        "mean": 0.00350386044011,
        "min": 0.000235872954363,
        "stdev": 0.00228585279547
    },
    "spectral_rolloff": {
        "max": 10292.8710938,
        "mean": 1532.38122559,
        "min": 236.865234375,
        "stdev": 1170.98571777
    },
    "spectral_skewness": {
        "max": 4.52054357529,
        "mean": 2.27514100075,
        "min": -0.302445858717,
        "stdev": 0.710966289043
    },
    "spectral_spread": {
        "max": 12726914,
        "mean": 3186300.75,
        "min": 1584535.5,
        "stdev": 1232037
    },
    "spectral_strongpeak": {
        "max": 14.7814064026,
        "mean": 1.42070007324,
        "min": 0.0183144398034,
        "stdev": 1.32417392731
    },
    "zerocrossingrate": {
        "max": 0.2705078125,
        "mean": 0.0560387074947,
        "min": 0.01123046875,
        "stdev": 0.0325566977262
    },
    "barkbands": {
        "max": [9.31313334149e-05, 0.0133932074532, 0.0146919880062, 0.0161912441254, 0.0185913257301, 0.0464263744652, 0.0274217091501, 0.00971183925867, 0.0334636420012, 0.00591858103871, 0.0288272239268, 0.00209068064578, 0.00145770900417, 0.000819711305667, 0.00134299416095, 0.00108129321598, 0.0007688763435, 0.00175674539059, 0.000247589166975, 0.000474127504276, 0.000552001700271, 0.00238684844226, 0.0125427078456, 0.0435865484178, 0.0120694069192, 0.000949849025346, 2.22431663133e-05],
        "mean": [2.19269008994e-06, 0.000530590477865, 0.000528195349034, 0.000313171272865, 0.00194828701206, 0.00271673477255, 0.00105286354665, 0.00124597200193, 0.00520829437301, 0.000889521208592, 0.00226916442625, 0.000270122254733, 0.000177445224836, 9.45896026678e-05, 0.000136079877848, 9.93216090137e-05, 4.52541426057e-05, 4.6405930334e-05, 2.62853682216e-05, 4.07431689382e-05, 2.72845063591e-05, 1.82085695997e-05, 4.5699547627e-05, 0.000149724204675, 5.214968769e-05, 5.17432636116e-06, 2.57439921825e-07],
        "min": [7.53395956732e-10, 6.57338006249e-09, 6.83308165605e-09, 8.54325943322e-09, 9.17835691894e-08, 2.30433016668e-07, 1.04195400752e-07, 5.2543862239e-07, 1.26079485199e-05, 4.35874653704e-06, 1.75956540716e-06, 9.35524326451e-07, 3.14548788083e-06, 1.06610048078e-06, 2.4432043233e-07, 4.16953042759e-07, 3.50879730604e-07, 1.05250978777e-06, 1.57302309844e-07, 3.2812682349e-08, 3.6849360896e-08, 2.85409083034e-08, 9.04112251732e-09, 1.30729276293e-08, 1.25349519653e-09, 2.99378383195e-10, 2.07869527147e-10],
        "stdev": [6.18417197984e-06, 0.00196086592041, 0.00135842652526, 0.00144075346179, 0.00380432838574, 0.00719184242189, 0.00236729416065, 0.00190505653154, 0.00692861713469, 0.000869265175425, 0.00389089225791, 0.000357801967766, 0.000201828312129, 0.00011524673755, 0.000166796584381, 0.000133409266709, 5.63670691918e-05, 9.57081647357e-05, 2.9502212783e-05, 6.61718295305e-05, 5.04160452692e-05, 0.000114646209113, 0.000633297895547, 0.00232106260955, 0.000660018296912, 4.53098218713e-05, 1.31743411202e-06]
    },
    "erbbands": {
        "max": [0.156071960926, 3.93809533119, 15.9194011688, 33.8557548523, 54.9864616394, 67.3322601318, 142.94909668, 587.962097168, 492.751617432, 203.100646973, 675.180725098, 573.20715332, 413.96295166, 1130.11169434, 665.920715332, 102.722442627, 59.457321167, 47.0071868896, 55.8437767029, 71.5386657715, 56.9737892151, 43.129196167, 90.0438995361, 29.2631816864, 14.8904104233, 21.8693561554, 29.5344924927, 25.4781494141, 42.2835350037, 211.900009155, 386.588592529, 494.724090576, 924.286621094, 220.947570801, 42.4226264954, 8.60954189301, 0.962838232517, 0.0604839846492, 0.00306947762147, 0.000647190201562],
        "mean": [0.00646023312584, 0.154613763094, 0.579898118973, 0.977988600731, 3.54761195183, 7.18271589279, 7.70259428024, 31.9344711304, 14.5958852768, 15.4079914093, 80.55103302, 83.3714981079, 40.4161376953, 86.4942169189, 36.6857147217, 11.9685840607, 8.72219467163, 6.12848615646, 5.19082403183, 7.28650379181, 4.93438005447, 2.59142541885, 2.61977243423, 1.79714596272, 1.70927071571, 1.5290299654, 1.21330440044, 1.03466379642, 0.619246542454, 1.02634334564, 1.46716344357, 1.96908867359, 3.05759596825, 0.912671089172, 0.206168159842, 0.0396647155285, 0.00701724831015, 0.0011222459143, 4.60826631752e-05, 2.33056052821e-05],
        "min": [1.61781770203e-07, 1.62329899922e-06, 6.87921146891e-06, 2.0336236048e-05, 7.09345331416e-05, 0.000341910228599, 0.00119836360682, 0.00200020824559, 0.00145300338045, 0.00342918001115, 0.0472496263683, 0.200544431806, 0.266793727875, 0.16493499279, 0.0547381900251, 0.0481877624989, 0.116188876331, 0.109885372221, 0.0174959059805, 0.0105505818501, 0.0304813757539, 0.0211430937052, 0.0596306808293, 0.0217213481665, 0.00447781942785, 0.00180616648868, 0.000967837579083, 0.00196955306455, 0.0010510928696, 0.000325546570821, 0.000247172662057, 0.00034979954944, 0.000157460613991, 2.34580129472e-05, 6.61321291773e-06, 1.1116621863e-06, 6.52278231428e-07, 2.12420331991e-07, 6.11834138908e-08, 6.99599098652e-08],
        "stdev": [0.0241767596453, 0.542924880981, 1.46046388149, 3.32554507256, 8.8192024231, 12.8101701736, 19.6724624634, 89.25440979, 33.1969451904, 27.7436523438, 126.742889404, 109.789756775, 51.016872406, 133.16519165, 73.1770629883, 15.5368022919, 9.87661838531, 6.87562274933, 5.39333105087, 9.80599403381, 6.30688524246, 3.00024676323, 4.96688556671, 2.71298003197, 2.01829075813, 2.39901280403, 2.46327567101, 2.14673805237, 2.54536771774, 12.2097892761, 20.6927185059, 28.8569030762, 48.1968383789, 11.9762220383, 2.48654937744, 0.439151614904, 0.0478730201721, 0.00447017885745, 0.000180039030965, 3.9270016714e-05]
    },
    "gfcc": {
        "mean": [-89.1764678955, 83.9556427002, -160.865020752, -20.2127494812, -76.8295516968, 1.22310006618, -30.0627880096, 7.58414077759, -28.8495349884, -7.59721040726, -26.4888343811, -5.24660873413, -6.33565139771],
        "cov": [[3493.5793457, 1865.2479248, 1594.40490723, 329.023468018, -103.940589905, -427.032409668, 167.369750977, -125.313865662, -105.818992615, 62.6735610962, 143.308883667, -113.565681458, 81.1574172974], [1865.2479248, 2950.42724609, 1256.67382812, -118.207336426, 58.014755249, -664.546691895, 370.362854004, -258.074005127, -19.4575843811, -34.8534889221, 207.067337036, -149.269470215, 158.97605896], [1594.40490723, 1256.67382812, 1308.00549316, 290.804229736, 74.7182922363, -254.717834473, 99.4784317017, -47.3558311462, -82.4717407227, 77.0502929688, 149.032272339, 3.33308982849, 21.8855667114], [329.023468018, -118.207336426, 290.804229736, 534.670532227, 235.622756958, 212.837295532, 38.0747947693, 49.3383789062, -19.1254386902, 62.5422363281, 22.4448623657, 31.0909175873, -73.9079818726], [-103.940589905, 58.014755249, 74.7182922363, 235.622756958, 303.226226807, 168.739486694, 65.7380752563, 28.3616409302, -8.71471881866, 20.3480129242, -4.73315143585, 5.82311677933, -45.8921432495], [-427.032409668, -664.546691895, -254.717834473, 212.837295532, 168.739486694, 414.348266602, 8.92732715607, 97.847076416, 19.5985889435, -0.0242777615786, -59.7274436951, 3.0317428112, -85.9995651245], [167.369750977, 370.362854004, 99.4784317017, 38.0747947693, 65.7380752563, 8.92732715607, 164.805618286, -1.17957162857, 21.9789066315, -1.42941439152, 23.9389762878, -33.7343101501, 1.51878905296], [-125.313865662, -258.074005127, -47.3558311462, 49.3383789062, 28.3616409302, 97.847076416, -1.17957162857, 102.197540283, 26.4119262695, 2.5721244812, -10.9336528778, 8.70087528229, -21.6188316345], [-105.818992615, -19.4575843811, -82.4717407227, -19.1254386902, -8.71471881866, 19.5985889435, 21.9789066315, 26.4119262695, 64.5789642334, 6.86164283752, -3.20679616928, -11.314696312, 3.09166431427], [62.6735610962, -34.8534889221, 77.0502929688, 62.5422363281, 20.3480129242, -0.0242777615786, -1.42941439152, 2.5721244812, 6.86164283752, 91.7119140625, 31.5352172852, 17.7715625763, -12.3121328354], [143.308883667, 207.067337036, 149.032272339, 22.4448623657, -4.73315143585, -59.7274436951, 23.9389762878, -10.9336528778, -3.20679616928, 31.5352172852, 81.8215255737, 23.8970108032, 15.0263490677], [-113.565681458, -149.269470215, 3.33308982849, 31.0909175873, 5.82311677933, 3.0317428112, -33.7343101501, 8.70087528229, -11.314696312, 17.7715625763, 23.8970108032, 84.2133789062, 16.146692276], [81.1574172974, 158.97605896, 21.8855667114, -73.9079818726, -45.8921432495, -85.9995651245, 1.51878905296, -21.6188316345, 3.09166431427, -12.3121328354, 15.0263490677, 16.146692276, 74.9067306519]],
        "icov": [[0.00100076198578, -0.000463627831778, -0.000702414195985, -0.000945440726355, 0.00144884048495, -0.000274780381005, 4.20019277954e-05, -0.000415544549469, 0.00111206388101, -0.00067881308496, 0.000938936078455, 0.00108361616731, -0.000955932249781], [-0.000463627831778, 0.00520901987329, -0.00316140963696, 0.00214937166311, -0.00496724853292, 0.00423001172021, -0.00538544543087, 0.00701666530222, -0.00529674533755, 0.00506735825911, -0.00515022315085, 0.00543656526133, -0.00264825928025], [-0.000702414195985, -0.00316140963696, 0.00466266367584, -0.00188650959171, 0.00191729271319, -0.00105399265885, 0.00309229781851, -0.00542086362839, 0.00464434549212, -0.00321562541649, 0.00104593264405, -0.00380334514193, 0.00247404747643], [-0.000945440726355, 0.00214937166311, -0.00188650959171, 0.00614131893963, -0.00466600898653, -0.000553573016077, -0.00155719579197, 0.00307441968471, -0.00308239343576, 0.00117012916598, -0.00253580743447, -0.000471981009468, 0.00142793997657], [0.00144884048495, -0.00496724853292, 0.00191729271319, -0.00466600898653, 0.0119936298579, -0.00546799693257, 0.00227179354988, -0.00595846446231, 0.00694244075567, -0.00543292425573, 0.00640864204615, -0.0043541775085, 0.00158634840045], [-0.000274780381005, 0.00423001172021, -0.00105399265885, -0.000553573016077, -0.00546799693257, 0.0103667993098, -0.00511211389676, 0.00200789957307, -0.0035459427163, 0.00451073935255, -0.00239032600075, 0.0042245099321, 0.000773816544097], [4.20019277954e-05, -0.00538544543087, 0.00309229781851, -0.00155719579197, 0.00227179354988, -0.00511211389676, 0.0151511132717, -0.00647574895993, 0.00126914074644, -0.00353142782114, 0.00111159798689, -0.00203005503863, 0.00187250110321], [-0.000415544549469, 0.00701666530222, -0.00542086362839, 0.00307441968471, -0.00595846446231, 0.00200789957307, -0.00647574895993, 0.0246491450816, -0.0141340270638, 0.00804932322353, -0.00639992812648, 0.00470894901082, -0.00174892204814], [0.00111206388101, -0.00529674533755, 0.00464434549212, -0.00308239343576, 0.00694244075567, -0.0035459427163, 0.00126914074644, -0.0141340270638, 0.0294097587466, -0.00974629074335, 0.00475205155089, -0.000276392675005, -0.00199387618341], [-0.00067881308496, 0.00506735825911, -0.00321562541649, 0.00117012916598, -0.00543292425573, 0.00451073935255, -0.00353142782114, 0.00804932322353, -0.00974629074335, 0.0200060103089, -0.0101916892454, 0.00281175412238, 0.00144880951848], [0.000938936078455, -0.00515022315085, 0.00104593264405, -0.00253580743447, 0.00640864204615, -0.00239032600075, 0.00111159798689, -0.00639992812648, 0.00475205155089, -0.0101916892454, 0.0269976221025, -0.0113945184276, 0.00158704421483], [0.00108361616731, 0.00543656526133, -0.00380334514193, -0.000471981009468, -0.0043541775085, 0.0042245099321, -0.00203005503863, 0.00470894901082, -0.000276392675005, 0.00281175412238, -0.0113945184276, 0.0269611552358, -0.0115362871438], [-0.000955932249781, -0.00264825928025, 0.00247404747643, 0.00142793997657, 0.00158634840045, 0.000773816544097, 0.00187250110321, -0.00174892204814, -0.00199387618341, 0.00144880951848, 0.00158704421483, -0.0115362871438, 0.024498520419]]
    },
    "melbands": {
        "max": [0.00257105869241, 0.00742461811751, 0.00534292170778, 0.00476882373914, 0.00465174019337, 0.0112653477117, 0.00643000705168, 0.00178363977466, 0.00745855458081, 0.00402485625818, 0.00205297744833, 0.00419743405655, 0.00345137016848, 0.000247446354479, 0.000273580517387, 0.00017031331663, 8.25945826364e-05, 8.48361523822e-05, 0.000118669049698, 8.88834983925e-05, 5.60779844818e-05, 4.52255080745e-05, 7.98888795543e-05, 6.66567866574e-05, 2.4190874683e-05, 1.11265499072e-05, 2.40624012804e-05, 1.63434615388e-05, 2.51397214015e-05, 1.67284415511e-05, 2.10679518204e-05, 2.47661664616e-05, 6.79492441122e-05, 0.000159636329045, 0.000243546965066, 0.000212989980355, 0.000300175015582, 0.000785587937571, 0.000394158618292, 0.000122273369925],
        "mean": [0.000108861851913, 0.000272371078609, 0.00022176602215, 0.000427751103416, 0.000286949478323, 0.000633854302578, 0.000235271916608, 0.000138394403621, 0.000864617351908, 0.000510942540132, 0.000183418640518, 0.0003238095087, 0.000198413254111, 3.08206617774e-05, 2.15577147173e-05, 1.94385847863e-05, 9.92165587377e-06, 7.1594658948e-06, 1.1996556168e-05, 7.53503900341e-06, 5.24919732925e-06, 2.54635210695e-06, 2.45652586273e-06, 2.20008178076e-06, 1.38007919759e-06, 1.00962449778e-06, 1.57762690378e-06, 8.7336360366e-07, 8.26999325909e-07, 6.23089306373e-07, 5.98853830525e-07, 3.35113298888e-07, 3.41115082847e-07, 6.86424129981e-07, 8.6634992158e-07, 8.76578837961e-07, 1.23104132399e-06, 2.67918426289e-06, 1.1794789998e-06, 6.03817056799e-07],
        "min": [1.66949543079e-09, 3.19629567258e-09, 4.60772797695e-09, 1.32411868137e-08, 3.75138000663e-08, 4.43512035986e-08, 2.17626077159e-08, 3.46179618305e-08, 5.18501053648e-07, 1.4319116417e-06, 1.17035619951e-06, 5.43430871858e-07, 2.02731811783e-07, 8.61488302917e-08, 1.46709012938e-07, 3.65766453569e-07, 1.70269231603e-07, 2.28585825823e-08, 1.63979070322e-08, 1.52719259461e-08, 4.00068955742e-08, 2.14128750287e-08, 2.6484562099e-08, 6.65996608973e-08, 1.15733822525e-08, 4.10354150659e-09, 1.3575398583e-09, 1.12382803064e-09, 6.39152009096e-10, 6.79799883052e-10, 1.38887668033e-09, 7.2821881858e-10, 2.96373009467e-10, 1.20163864969e-10, 1.44531525637e-10, 1.71711547758e-10, 2.5302598905e-10, 1.28957594603e-10, 3.89869317385e-11, 1.62801300219e-11],
        "stdev": [0.000408452033298, 0.000731255742721, 0.000563180481549, 0.000871002674103, 0.000668628956191, 0.00172433594707, 0.000492299383041, 0.000257436186075, 0.00138872559182, 0.000658846867736, 0.000252903846558, 0.000493078143336, 0.00038756779395, 3.55911470251e-05, 3.33649586537e-05, 2.30775367527e-05, 1.18485249914e-05, 7.88252873463e-06, 1.5517391148e-05, 1.15446773634e-05, 7.05776437826e-06, 3.09917845698e-06, 4.33491504737e-06, 4.06884146287e-06, 2.20148194785e-06, 1.20353433886e-06, 2.51538745033e-06, 1.61572063462e-06, 1.97714120986e-06, 1.23562062981e-06, 1.50138123445e-06, 1.25433848552e-06, 3.01206182485e-06, 8.87281385076e-06, 1.24877578855e-05, 1.23047102534e-05, 1.80498627742e-05, 4.26183069067e-05, 1.84419513971e-05, 7.03626301402e-06]
    },
    "melbands128": {
        "max": [3.89357228414e-05, 0.000280849868432, 0.00408387929201, 0.0076791420579, 0.00848075654358, 0.00698562106118, 0.00789008848369, 0.0070065963082, 0.00634036539122, 0.00842581689358, 0.004554531537, 0.00599183095619, 0.00638731569052, 0.00626590009779, 0.0218689851463, 0.0112834805623, 0.0122336167842, 0.00681513827294, 0.00635031051934, 0.00279489322565, 0.00173649413045, 0.00282291392796, 0.0104535892606, 0.0138253299519, 0.00365687487647, 0.00743874115869, 0.00531723210588, 0.00176337093581, 0.00193543941714, 0.000801970832981, 0.00927021726966, 0.00588009273633, 0.0050655035302, 0.000340649858117, 0.00022433239792, 0.000475842796732, 0.000366400839994, 0.00058713182807, 0.000143481258419, 0.000258584768744, 0.000267547991825, 0.000250147219049, 0.000129490319523, 7.0074609539e-05, 0.000143352110172, 8.21928406367e-05, 0.000139913754538, 0.000262841698714, 0.00016203247651, 0.000218368848437, 9.55194263952e-05, 9.80642362265e-05, 0.000134413712658, 6.45008331048e-05, 0.000109656415589, 3.09212628054e-05, 3.081986506e-05, 3.76098432753e-05, 0.000147894126712, 9.14827833185e-05, 5.54349426238e-05, 6.46412372589e-05, 5.22132468177e-05, 1.82590938493e-05, 1.8181211999e-05, 1.70482908288e-05, 1.51291133079e-05, 2.44540660788e-05, 3.89821725548e-05, 2.03180643439e-05, 2.48824198934e-05, 4.29440369771e-05, 4.84346710437e-05, 1.99296046048e-05, 1.67736634467e-05, 3.60781159543e-05, 1.18253110486e-05, 1.20053800856e-05, 2.34041926888e-05, 3.8884129026e-05, 3.03032174997e-05, 1.70087205333e-05, 2.19439789362e-05, 5.29770695721e-05, 0.000138066068757, 9.99920521281e-05, 0.000198437686777, 0.000307236856315, 0.000263835594524, 0.000207466946449, 0.00016021807096, 0.000336515280651, 0.000262946152361, 0.000256491999608, 0.000311616517138, 0.000801503600087, 0.00109302531928, 0.000486775912577, 0.000411749439081, 0.000363516650395, 0.000162708558491, 0.000125820923131, 5.84071458434e-05, 8.27722105896e-05, 4.99143134221e-05, 3.75788622478e-05, 2.08453329833e-05, 1.78536975e-05, 1.22183446365e-05, 1.09660313683e-05, 6.5521835495e-06, 3.32933109348e-06, 1.97951521841e-06, 8.57391739828e-07, 1.84080329291e-06, 7.71805787281e-07, 6.26266171366e-07, 3.75932756924e-07, 2.34782397968e-08, 1.9626700265e-08, 1.70591629711e-08, 1.51904604451e-08, 1.36052920041e-08, 1.24945254143e-08, 1.16480478596e-08, 1.09970876849e-08, 1.05752135937e-08, 1.03177919542e-08],
        "mean": [1.18045716135e-06, 1.10677174234e-05, 0.000159743867698, 0.000283894798486, 0.000308459886583, 0.000247055577347, 0.000196996857994, 0.000138536852319, 0.000340691651218, 0.000579185434617, 0.000389233377064, 0.000261349458015, 0.000179638314876, 0.000327567016939, 0.00102370232344, 0.00058921443997, 0.00017985253362, 0.000165552541148, 0.000325328233885, 0.000127023886307, 6.8421868491e-05, 9.49828390731e-05, 0.00115739891771, 0.00158069166355, 0.000253156787949, 0.00033238742617, 0.000334480719175, 0.000134819623781, 0.000103835642221, 9.56204603426e-05, 0.00059959909413, 0.000424579513492, 0.000156751091708, 3.15274810418e-05, 2.64240570687e-05, 3.66329913959e-05, 2.96975158562e-05, 2.3441922167e-05, 1.01927425931e-05, 2.31933845498e-05, 2.06310232898e-05, 1.75158220372e-05, 8.73789304023e-06, 6.68197753839e-06, 8.1531206888e-06, 5.56282975595e-06, 6.87839474267e-06, 1.77174588316e-05, 9.20544334804e-06, 1.05631033875e-05, 6.28443649475e-06, 6.01075271334e-06, 7.72329349275e-06, 3.521695362e-06, 2.99850989904e-06, 2.18290961129e-06, 2.4704218049e-06, 2.53245093518e-06, 2.32500133279e-06, 2.8027825465e-06, 1.96507244254e-06, 2.14631381823e-06, 1.51974268192e-06, 1.10636381123e-06, 1.2284534705e-06, 8.60842874317e-07, 8.53180097238e-07, 1.74884155513e-06, 1.93161713469e-06, 9.89942236629e-07, 7.07412027623e-07, 8.96287815522e-07, 1.10223550109e-06, 7.35028038434e-07, 5.9483448922e-07, 7.12860639851e-07, 5.5439886637e-07, 6.28206464626e-07, 7.08751713319e-07, 4.38347001364e-07, 3.59978457709e-07, 2.79453928442e-07, 2.82218337588e-07, 3.08780954583e-07, 4.46145264732e-07, 4.7581741569e-07, 8.43372788495e-07, 9.73257556325e-07, 8.67520100201e-07, 8.4842497472e-07, 5.43930639196e-07, 1.09245388558e-06, 1.0779248214e-06, 1.03156276055e-06, 1.09636573598e-06, 3.00882425108e-06, 3.48840808329e-06, 1.5091872001e-06, 1.13478267849e-06, 1.08018582523e-06, 7.37876177936e-07, 5.49681658413e-07, 3.55849039124e-07, 3.14339501983e-07, 1.99394463607e-07, 1.49366655933e-07, 1.09477653609e-07, 7.40724956927e-08, 5.47060281519e-08, 4.59220466098e-08, 3.81510254499e-08, 2.41614994678e-08, 1.56820494368e-08, 1.2454829168e-08, 1.48596273064e-08, 1.20592904551e-08, 8.18000334135e-09, 2.14401185694e-09, 2.19578008553e-10, 2.09574996246e-10, 2.20944554319e-10, 1.51058637821e-10, 8.10252351324e-11, 2.74493570235e-11, 2.37311541945e-11, 2.19788267447e-11, 2.09034716619e-11, 2.03850703678e-11],
        "min": [1.239104791e-10, 1.16532850036e-09, 2.07034500654e-09, 2.80535017438e-09, 1.0288978558e-09, 3.46549766661e-09, 3.81675624439e-09, 4.4764516538e-09, 6.16801143494e-09, 1.03967021658e-08, 1.8468691465e-08, 2.97105344771e-08, 4.14166585472e-08, 4.93183947015e-08, 4.91705733907e-08, 3.27515650156e-08, 2.58115981921e-08, 1.39983580283e-08, 2.109772268e-08, 2.3405128502e-08, 3.27429177105e-08, 7.71776313968e-08, 3.2490902413e-07, 3.46877556012e-07, 6.46612761557e-07, 3.1445051718e-07, 3.83298868201e-07, 1.01226032712e-06, 7.49682044443e-07, 1.48091274355e-07, 2.29207159919e-07, 3.11112415829e-07, 2.06566767247e-07, 1.05743815482e-07, 3.59758018931e-08, 8.2394606693e-08, 1.61034350299e-07, 1.58944899908e-07, 1.08452702818e-07, 2.14815429445e-07, 3.37286962804e-07, 1.41294222544e-07, 8.33289988122e-08, 5.0163357912e-08, 1.85058404156e-08, 2.09896704462e-08, 2.17722764262e-08, 1.63092757077e-08, 1.70527201249e-08, 7.19200032862e-09, 7.47552952873e-09, 2.85754371276e-08, 4.12039256048e-08, 4.31405631218e-08, 2.40594975054e-08, 2.23725695747e-08, 1.25199042245e-08, 1.32566633226e-08, 2.37292976379e-08, 6.45051656534e-08, 2.20499423165e-08, 1.74049468171e-08, 8.68330030102e-09, 1.20175993601e-08, 3.64445384982e-09, 5.7829652178e-09, 2.36429920086e-09, 1.60710789121e-09, 9.00386376568e-10, 1.4735727083e-09, 9.1804280844e-10, 1.33799205049e-09, 7.76638031663e-10, 6.68835320461e-10, 1.25949972674e-10, 4.09865280604e-10, 1.29937449689e-09, 6.87342793793e-10, 1.75415859616e-09, 1.6407374348e-09, 9.50022838175e-10, 2.24839910579e-10, 2.79523598712e-10, 4.25281615479e-10, 2.10593473216e-10, 7.09455341696e-11, 9.76274547315e-11, 1.85129203634e-10, 2.11518649817e-10, 5.21550372334e-11, 8.00829402792e-11, 3.32952221349e-10, 9.58789575511e-11, 2.15354054034e-10, 4.45207815059e-10, 9.93361018442e-11, 6.61689036896e-11, 1.35969763226e-10, 1.94157502575e-11, 9.9444731963e-12, 5.07822950357e-12, 8.69807437881e-12, 4.85396618732e-11, 7.28317753329e-12, 1.37712616918e-12, 1.79300216167e-12, 1.86560597699e-12, 1.49374794218e-12, 1.277194496e-12, 1.91316277057e-12, 1.77493122196e-12, 2.35814189356e-12, 1.67050845813e-12, 2.4670473997e-12, 1.57564358696e-12, 2.00491207837e-12, 1.82803750436e-12, 1.01755409654e-12, 7.91730775992e-13, 7.36656937707e-13, 5.47819439551e-13, 7.47240268793e-13, 7.51462152053e-13, 6.96987118628e-13, 4.60467005237e-13, 1.732986042e-13, 2.68555522872e-14, 5.0584087632e-16],
        "stdev": [3.17772423841e-06, 4.06359722547e-05, 0.00062763056485, 0.00103637785651, 0.000794651685283, 0.000645186984912, 0.000765095988754, 0.00060773070436, 0.000978748663329, 0.00136242748704, 0.000748323102016, 0.000814048340544, 0.000689411885105, 0.000988272600807, 0.0032732123509, 0.00140628218651, 0.000752608175389, 0.000440159928985, 0.000805342278909, 0.000298582483083, 0.00017836043844, 0.000274751073448, 0.00190893746912, 0.0025991294533, 0.000404290767619, 0.00074400822632, 0.000698429881595, 0.000201665141503, 0.000174665576196, 0.000106500017864, 0.00104839925189, 0.000746356963646, 0.000569709693082, 4.70214909001e-05, 3.35904478561e-05, 6.09141134191e-05, 5.3270967328e-05, 6.22508232482e-05, 1.47865366671e-05, 3.86446481571e-05, 3.09439492412e-05, 2.88914798148e-05, 1.37092465593e-05, 9.46622094489e-06, 1.39336980283e-05, 7.6239793998e-06, 9.95457230601e-06, 2.89023319056e-05, 1.47337468661e-05, 2.42472142418e-05, 1.20572667583e-05, 1.10397431854e-05, 1.51741496666e-05, 5.40687187822e-06, 6.07325000601e-06, 3.08526841764e-06, 3.69475287698e-06, 4.66908704766e-06, 7.18581168258e-06, 7.92318132881e-06, 3.67669235857e-06, 5.04360468767e-06, 4.23525534643e-06, 1.76125956841e-06, 2.29895499615e-06, 1.41414489008e-06, 1.38251778026e-06, 2.6042735044e-06, 3.83881342714e-06, 1.95958682525e-06, 1.49261518345e-06, 2.87190073323e-06, 4.02823206969e-06, 1.74098795469e-06, 1.45449666888e-06, 2.09018162423e-06, 1.03207753455e-06, 1.0912505104e-06, 2.22623862101e-06, 1.89142349427e-06, 1.47733021549e-06, 9.78629941528e-07, 1.30810838073e-06, 2.38843495026e-06, 5.93608865529e-06, 5.6821322687e-06, 1.09947686724e-05, 1.46724014485e-05, 1.29926311274e-05, 1.20626518765e-05, 7.19496892998e-06, 1.66293375514e-05, 1.57000504259e-05, 1.41786786116e-05, 1.64780740306e-05, 4.80011403852e-05, 5.66592825635e-05, 2.35378302023e-05, 1.85638236871e-05, 1.68454862433e-05, 9.49274362938e-06, 6.11545647189e-06, 3.65295204574e-06, 4.24535528509e-06, 2.55270242633e-06, 1.87770933735e-06, 1.22450660456e-06, 8.64396099587e-07, 6.16668671682e-07, 4.97471432936e-07, 3.25404215573e-07, 1.67678464891e-07, 9.16205209478e-08, 5.39131903565e-08, 8.6079936068e-08, 4.63401157447e-08, 4.14532728144e-08, 1.7917304973e-08, 1.1142132772e-09, 1.07452835518e-09, 1.03449149247e-09, 7.70387975635e-10, 6.10420269886e-10, 5.32381083662e-10, 4.96125418525e-10, 4.68418304145e-10, 4.50459280987e-10, 4.39495051463e-10]
    },
    "mfcc": {
        "mean": [-724.272216797, 131.514877319, -38.9952278137, -17.0017032623, -29.5790557861, -13.4974327087, -4.19335651398, 0.930597007275, 4.32173395157, -1.34680879116, -11.0394363403, -9.83490371704, -10.2682638168],
        "cov": [[2600.76879883, 1200.42370605, 1105.25500488, 585.998046875, -46.6086425781, -51.2337722778, 145.551803589, -198.134338379, -14.6681261063, -20.5096950531, -97.9944610596, 28.0057182312, 96.4435195923], [1200.42370605, 2896.85058594, 955.534057617, 577.303649902, -272.484863281, -224.033737183, 118.327537537, -284.427032471, -66.7372436523, -70.2802505493, -119.806137085, -58.6226501465, 73.1747283936], [1105.25500488, 955.534057617, 1010.63330078, 479.368621826, 49.6105613708, -68.9883041382, 125.233879089, -129.949035645, -55.605342865, -59.8276405334, -49.4669075012, 63.4086418152, 123.487915039], [585.998046875, 577.303649902, 479.368621826, 492.257110596, 121.984046936, 61.4202232361, 124.479110718, -62.8915786743, -14.0958690643, -35.4612541199, -8.65446090698, 69.2875518799, 106.237495422], [-46.6086425781, -272.484863281, 49.6105613708, 121.984046936, 286.535400391, 154.733840942, 98.5602722168, 78.7423324585, 18.0225315094, 24.8253479004, 27.0477828979, 57.7530288696, 49.5544052124], [-51.2337722778, -224.033737183, -68.9883041382, 61.4202232361, 154.733840942, 251.265228271, 110.295875549, 82.6260070801, 36.6346893311, 44.61277771, 52.9904441833, 49.5458450317, 27.266708374], [145.551803589, 118.327537537, 125.233879089, 124.479110718, 98.5602722168, 110.295875549, 149.823577881, 46.6615447998, 15.7640485764, 27.5401535034, 31.325510025, 41.5629425049, 35.9413108826], [-198.134338379, -284.427032471, -129.949035645, -62.8915786743, 78.7423324585, 82.6260070801, 46.6615447998, 150.775909424, 47.2215995789, 32.8491706848, 32.291305542, 14.0962524414, -9.19770622253], [-14.6681261063, -66.7372436523, -55.605342865, -14.0958690643, 18.0225315094, 36.6346893311, 15.7640485764, 47.2215995789, 76.3575973511, 37.6552314758, 8.46133708954, -0.241557747126, -0.656407654285], [-20.5096950531, -70.2802505493, -59.8276405334, -35.4612541199, 24.8253479004, 44.61277771, 27.5401535034, 32.8491706848, 37.6552314758, 87.9370040894, 23.7644996643, 11.8626174927, -1.79942297935], [-97.9944610596, -119.806137085, -49.4669075012, -8.65446090698, 27.0477828979, 52.9904441833, 31.325510025, 32.291305542, 8.46133708954, 23.7644996643, 72.888053894, 38.2095146179, -5.5130944252], [28.0057182312, -58.6226501465, 63.4086418152, 69.2875518799, 57.7530288696, 49.5458450317, 41.5629425049, 14.0962524414, -0.241557747126, 11.8626174927, 38.2095146179, 91.0066986084, 34.9016876221], [96.4435195923, 73.1747283936, 123.487915039, 106.237495422, 49.5544052124, 27.266708374, 35.9413108826, -9.19770622253, -0.656407654285, -1.79942297935, -5.5130944252, 34.9016876221, 81.0124053955]],
        "icov": [[0.000898081983905, 0.00012764512212, -0.000944920931943, -0.000511975493282, 0.000671685731504, -0.000398452597437, -0.000317146244925, 0.000490355130751, -0.000480492017232, -0.000658494769596, 0.000985553022474, 4.90294987685e-05, 0.000874346937053], [0.00012764512212, 0.000883310451172, -0.000451883854112, -0.000922196661122, 0.00118900323287, 0.000283396831946, -0.00119771191385, 0.000608593050856, -6.22437510174e-05, -0.000508079654537, 0.000635724922176, 0.000717769435141, 0.000448365870398], [-0.000944920931943, -0.000451883854112, 0.00359021150507, -0.000879115716089, -0.00106284639332, 0.00191584276035, -0.00125362887047, 4.02659388783e-05, 0.000979558215477, 0.000942609331105, -0.000194092761376, -0.000991718261503, -0.00177769747097], [-0.000511975493282, -0.000922196661122, -0.000879115716089, 0.00688606174663, -0.00270437798463, -0.000849717645906, -0.0010017871391, 0.00190704478882, -0.00174125935882, 0.00329888891429, -0.00104761286639, -0.00157812284306, -0.0029787295498], [0.000671685731504, 0.00118900323287, -0.00106284639332, -0.00270437798463, 0.00856841634959, -0.00265410612337, -0.00177577952854, -0.00198962097056, 0.00128599954769, -0.00174373865593, 0.00283688609488, -0.00041828857502, -0.000148056700709], [-0.000398452597437, 0.000283396831946, 0.00191584276035, -0.000849717645906, -0.00265410612337, 0.00967327132821, -0.00506930425763, -0.000177061505383, -0.00103406433482, -0.000308672111714, -0.00246193585917, -0.000120842822071, -0.0011217672145], [-0.000317146244925, -0.00119771191385, -0.00125362887047, -0.0010017871391, -0.00177577952854, -0.00506930425763, 0.0177242942154, -0.00525982864201, 0.00194877653848, -0.00264327228069, -0.00376285542734, -1.12142042781e-05, -0.0012783005368], [0.000490355130751, 0.000608593050856, 4.02659388783e-05, 0.00190704478882, -0.00198962097056, -0.000177061505383, -0.00525982864201, 0.0140402605757, -0.00671884277835, 0.00157383200713, -0.000719833537005, -0.000150232357555, 0.00150476966519], [-0.000480492017232, -6.22437510174e-05, 0.000979558215477, -0.00174125935882, 0.00128599954769, -0.00103406433482, 0.00194877653848, -0.00671884277835, 0.0209360383451, -0.00768406223506, 0.00121256813873, 0.00169345131144, -0.00129555608146], [-0.000658494769596, -0.000508079654537, 0.000942609331105, 0.00329888891429, -0.00174373865593, -0.000308672111714, -0.00264327228069, 0.00157383200713, -0.00768406223506, 0.018143588677, -0.0038097302895, -0.00132461416069, -0.001346012461], [0.000985553022474, 0.000635724922176, -0.000194092761376, -0.00104761286639, 0.00283688609488, -0.00246193585917, -0.00376285542734, -0.000719833537005, 0.00121256813873, -0.0038097302895, 0.0255851019174, -0.0104261022061, 0.00676127057523], [4.90294987685e-05, 0.000717769435141, -0.000991718261503, -0.00157812284306, -0.00041828857502, -0.000120842822071, -1.12142042781e-05, -0.000150232357555, 0.00169345131144, -0.00132461416069, -0.0104261022061, 0.020734636113, -0.00649914843962], [0.000874346937053, 0.000448365870398, -0.00177769747097, -0.0029787295498, -0.000148056700709, -0.0011217672145, -0.0012783005368, 0.00150476966519, -0.00129555608146, -0.001346012461, 0.00676127057523, -0.00649914843962, 0.0219396650791]]
    },
    "spectral_contrast_coeffs": {
        "max": [-0.425577968359, -0.50972110033, -0.528105556965, -0.689607739449, -0.726577877998, -0.624586939812],
        "mean": [-0.687379181385, -0.720411658287, -0.733096301556, -0.812583804131, -0.818829059601, -0.772730529308],
        "min": [-0.869001448154, -0.932447195053, -0.903725087643, -0.898280024529, -0.884224891663, -0.870202302933],
        "stdev": [0.0896439105272, 0.097183085978, 0.0843126177788, 0.0416009053588, 0.029523473233, 0.0380839705467]
    },
    "spectral_contrast_valleys": {
        "max": [-5.44578027725, -4.8303809166, -6.10022115707, -6.3533949852, -6.53466796875, -6.85969924927],
        "mean": [-8.64420032501, -7.15723133087, -7.18778467178, -7.88958644867, -8.30888462067, -11.3292827606],
        "min": [-12.0785036087, -9.71633815765, -9.07067775726, -9.8753452301, -10.8856830597, -14.2934579849],
        "stdev": [1.38545143604, 0.927251935005, 0.416518807411, 0.458986997604, 0.428174048662, 0.740113437176]
    }
},
"rhythm": {
    "beats_count": 30,
    "beats_loudness": {
        "max": 0.078172557056,
        "mean": 0.022686643526,
        "min": 0.000696063856594,
        "stdev": 0.0223941821605
    },
    "bpm": 144.544723511,
    "bpm_histogram_first_peak_bpm": 144,
    "bpm_histogram_first_peak_weight": 0.241379320621,
    "bpm_histogram_second_peak_bpm": 0,
    "bpm_histogram_second_peak_spread": 0,
    "bpm_histogram_second_peak_weight": 0,
    "danceability": 0.697328150272,
    "onset_rate": 3.60519504547,
    "beats_loudness_band_ratio": {
        "max": [0.736419677734, 0.659492254257, 0.775676369667, 0.730976104736, 0.384415209293, 0.217399805784],
        "mean": [0.0924671366811, 0.140388056636, 0.395155072212, 0.286574482918, 0.0857432931662, 0.0379060655832],
        "min": [0.000359053432476, 0.00269512156956, 0.0769457295537, 0.0341131612659, 0.00286256871186, 0.000737009046134],
        "stdev": [0.178452149034, 0.176258936524, 0.197096645832, 0.183146297932, 0.10628323257, 0.0532529428601]
    },
    "beats_position": [0.406349211931, 0.812698423862, 1.21904754639, 1.62539684772, 2.03174591064, 2.4497051239, 2.85605430603, 3.27401351929, 3.69197273254, 4.1099319458, 4.52789115906, 4.94585037231, 5.36380958557, 5.78176879883, 6.19972801208, 6.6176867485, 7.03564596176, 7.45360517502, 7.87156438828, 8.28952407837, 8.70748329163, 9.12544155121, 9.54340076447, 9.94974994659, 10.3677091599, 10.774058342, 11.1920175552, 11.6099767685, 12.0279359818, 12.445895195],
