{
"metadata": {
    "version": {
        "essentia": "2.1-beta5",
        "essentia_git_sha": "Undefined",
        "extractor": "music 2.0"
    },
    "audio_properties": {
        "analysis": {
            "equal_loudness": 0,
            "length": 52.2448997498,
            "sample_rate": 44100,
            "start_time": 12.7477550507,
            "downmix": "mix"
        },
        "bit_rate": 192000,
        "length": 190.484909058,
        "lossless": 0,
        "number_channels": 2,
        "replay_gain": -10.1710510254,
        "sample_rate": 48000,
        "codec": "mp3",
        "md5_encoded": "08dd0c6cb5eecddc941d177393a3d3c7"
    },
    "tags": {
        "file_name": "Malta_What If We_Chiara.mp3",
        "encoding": ["Lavf58.29.100"]
    }
},
"lowlevel": {
    "average_loudness": 0.803060412407,
    "barkbands_crest": {
        "max": 25.1808319092,
        "mean": 11.349193573,
        "min": 3.21250700951,
        "stdev": 4.43713665009
    },
    "barkbands_flatness_db": {
        "max": 0.32842579484,
        "mean": 0.150668218732,
        "min": 0.0366635322571,
        "stdev": 0.0458301268518
    },
    "barkbands_kurtosis": {
        "max": 148.147125244,
        "mean": 3.69603228569,
        "min": -1.90645706654,
        "stdev": 8.63801860809
    },
    "barkbands_skewness": {
        "max": 10.0814590454,
        "mean": 1.13026046753,
        "min": -1.59257793427,
        "stdev": 1.460927248
    },
    "barkbands_spread": {
        "max": 93.2698974609,
        "mean": 18.217962265,
        "min": 0.934557676315,
        "stdev": 11.169834137
    },
    "dissonance": {
        "max": 0.499095201492,
        "mean": 0.451092869043,
        "min": 0.282788842916,
        "stdev": 0.0347201824188
    },
    "dynamic_complexity": 4.44581413269,
    "erbbands_crest": {
        "max": 25.5322380066,
        "mean": 10.8607168198,
        "min": 2.954174757,
        "stdev": 4.21064567566
    },
    "erbbands_flatness_db": {
        "max": 0.316856771708,
        "mean": 0.198278069496,
        "min": 0.0585500374436,
        "stdev": 0.0480228997767
    },
    "erbbands_kurtosis": {
        "max": 20.2270088196,
        "mean": 0.926604747772,
        "min": -1.7603533268,
        "stdev": 2.09623193741
    },
    "erbbands_skewness": {
        "max": 3.85048484802,
        "mean": 0.208657249808,
        "min": -2.48916053772,
        "stdev": 0.917359769344
    },
    "erbbands_spread": {
        "max": 139.667816162,
        "mean": 30.0148677826,
        "min": 4.90741014481,
        "stdev": 17.3356990814
    },
    "hfc": {
        "max": 92.2624969482,
        "mean": 16.1261081696,
        "min": 0.21587665379,
        "stdev": 18.1429805756
    },
    "loudness_ebu128": {
        "integrated": -15.5813064575,
        "loudness_range": 5.14542961121,
        "momentary": {
            "max": -10.570526123,
            "mean": -17.0498561859,
            "min": -27.7601509094,
            "stdev": 3.86397314072
        },
        "short_term": {
            "max": -12.5108089447,
            "mean": -16.0527057648,
            "min": -19.9458427429,
            "stdev": 1.80596554279
        }
    },
    "melbands_crest": {
        "max": 31.2073078156,
        "mean": 13.8703584671,
        "min": 4.12165307999,
        "stdev": 5.31878614426
    },
    "melbands_flatness_db": {
        "max": 0.40476590395,
        "mean": 0.197321951389,
        "min": 0.0562144331634,
        "stdev": 0.0557090565562
    },
    "melbands_kurtosis": {
        "max": 169.769454956,
        "mean": 8.81252765656,
        "min": -1.67086589336,
        "stdev": 15.6836490631
    },
    "melbands_skewness": {
        "max": 10.1995000839,
        "mean": 1.87652599812,
        "min": -0.927287340164,
        "stdev": 1.74987590313
    },
    "melbands_spread": {
        "max": 161.853469849,
        "mean": 27.3285579681,
        "min": 1.24111557007,
        "stdev": 20.5459041595
    },
    "pitch_salience": {
        "max": 0.826846241951,
        "mean": 0.570792257786,
        "min": 0.165380597115,
        "stdev": 0.116724230349
    },
    "silence_rate_20dB": {
        "max": 1,
        "mean": 1,
        "min": 1,
        "stdev": 0
    },
    "silence_rate_30dB": {
        "max": 1,
        "mean": 1,
        "min": 1,
        "stdev": 0
    },
    "silence_rate_60dB": {
        "max": 1,
        "mean": 0.275433152914,
        "min": 0,
        "stdev": 0.446733742952
    },
    "spectral_centroid": {
        "max": 3623.87231445,
        "mean": 1474.78076172,
        "min": 272.533721924,
        "stdev": 766.461975098
    },
    "spectral_complexity": {
        "max": 30,
        "mean": 9.78898239136,
        "min": 0,
        "stdev": 4.63308286667
    },
    "spectral_decrease": {
        "max": -5.72652654462e-11,
        "mean": -2.72942646262e-09,
        "min": -1.44442600103e-08,
        "stdev": 2.30237007237e-09
    },
    "spectral_energy": {
        "max": 0.0624324046075,
        "mean": 0.0117641771212,
        "min": 0.000247861578828,
        "stdev": 0.0101367328316
    },
    "spectral_energyband_high": {
        "max": 0.00196046778001,
        "mean": 0.000262371904682,
        "min": 7.68502502524e-07,
        "stdev": 0.000341970619047
    },
    "spectral_energyband_low": {
        "max": 0.00576067436486,
        "mean": 0.000216129992623,
        "min": 1.09185873498e-06,
        "stdev": 0.000479722570162
    },
    "spectral_energyband_middle_high": {
        "max": 0.0600710362196,
        "mean": 0.00702608656138,
        "min": 4.02245350415e-05,
        "stdev": 0.0091693457216
    },
    "spectral_energyband_middle_low": {
        "max": 0.0285601094365,
        "mean": 0.00440629664809,
        "min": 0.000133780573378,
        "stdev": 0.00393406953663
    },
    "spectral_entropy": {
        "max": 8.73903369904,
        "mean": 7.08714342117,
        "min": 5.83975505829,
        "stdev": 0.468306273222
    },
    "spectral_flux": {
        "max": 0.199577823281,
        "mean": 0.0465476028621,
        "min": 0.0054695806466,
        "stdev": 0.0311738010496
    },
    "spectral_kurtosis": {
        "max": 26.7174015045,
        "mean": 6.62552213669,
        "min": -0.718819141388,
        "stdev": 3.35800552368
    },
    "spectral_rms": {
        "max": 0.00780446454883,
        "mean": 0.00303523032926,
        "min": 0.000491748098284,
        "stdev": 0.0015048693167
    },
    "spectral_rolloff": {
        "max": 11046.5332031,
        "mean": 1788.88500977,
        "min": 236.865234375,
        "stdev": 1297.17529297
    },
    "spectral_skewness": {
        "max": 3.925385952,
        "mean": 1.9112547636,
        "min": 0.25097489357,
        "stdev": 0.467658102512
    },
    "spectral_spread": {
        "max": 14048551,
        "mean": 4214434.5,
        "min": 2018620.75,
        "stdev": 1388712.625
    },
    "spectral_strongpeak": {
        "max": 12.1863451004,
        "mean": 2.01524877548,
        "min": 0.0241007134318,
        "stdev": 2.37371277809
    },
    "zerocrossingrate": {
        "max": 0.32666015625,
        "mean": 0.0648995414376,
        "min": 0.00732421875,
        "stdev": 0.033474046737
    },
    "barkbands": {
        "max": [0.00193653418683, 0.00500896340236, 0.000583101587836, 0.00157358322758, 0.0269726626575, 0.0180114097893, 0.014240196906, 0.00915473233908, 0.0155612146482, 0.028536753729, 0.0219363477081, 0.0366368480027, 0.0224910508841, 0.0190372560173, 0.0141386259347, 0.0159563012421, 0.0185952354223, 0.00702521577477, 0.00763708772138, 0.00724009145051, 0.000623412663117, 0.000136292248499, 0.000397732888814, 0.000521771784406, 0.000585553527344, 0.000328765541781, 5.61282031413e-05],
        "mean": [2.57852334471e-05, 0.000112433226604, 4.36384943896e-05, 0.000178584188689, 0.00165527244098, 0.000860222266056, 0.000699823896866, 0.000350171554601, 0.000502757553477, 0.00120457657613, 0.000883037864696, 0.000823980255518, 0.000479724549223, 0.000679293181747, 0.000336652447004, 0.000380030251108, 0.000908473390155, 0.000611544121057, 0.000430045300163, 0.000445356010459, 1.1074906979e-05, 9.23841253098e-06, 2.53861926467e-05, 3.99808268412e-05, 5.72842473048e-05, 7.91503134678e-06, 1.89548222806e-06],
        "min": [2.95524960059e-09, 9.08557353796e-08, 6.1631531878e-08, 4.66826634238e-07, 9.26967823034e-06, 1.22025085147e-06, 1.25750375446e-07, 5.51510765945e-07, 9.24962535009e-07, 1.03708782717e-06, 6.30811427982e-07, 1.32312038659e-06, 1.11515657863e-06, 7.84564463174e-07, 1.00644740542e-06, 9.28720339743e-07, 7.74046725383e-07, 7.70356166413e-07, 5.87007662034e-07, 3.49283340029e-07, 1.31518703483e-07, 5.31309609642e-08, 8.09841154137e-08, 4.72757442083e-08, 2.30339303187e-08, 4.87014917283e-09, 9.97800314595e-11],
        "stdev": [0.000117859519378, 0.000368130393326, 6.95430062478e-05, 0.000201327202376, 0.00271114637144, 0.00177690421697, 0.00149055756629, 0.000783693394624, 0.00124993931968, 0.00318249082193, 0.00246206554584, 0.00263062748127, 0.00166452710982, 0.00209918734618, 0.00113663636148, 0.0011208873475, 0.0022128932178, 0.00109251239337, 0.000845519709401, 0.000724619661923, 3.25308938045e-05, 1.48789158629e-05, 4.10052198276e-05, 6.46351545583e-05, 9.1504494776e-05, 1.95128395717e-05, 4.13322823078e-06]
    },
    "erbbands": {
        "max": [0.265212595463, 0.69681507349, 0.573018610477, 2.04284524918, 23.1867656708, 167.704956055, 165.943817139, 170.141113281, 138.061798096, 195.551696777, 188.10295105, 247.199554443, 797.322753906, 645.796142578, 703.086853027, 1301.99194336, 975.587036133, 895.714477539, 608.843261719, 879.648193359, 1077.63244629, 675.878723145, 502.973693848, 356.918518066, 325.935333252, 139.923736572, 38.6500320435, 7.64290618896, 5.19511938095, 8.32552051544, 10.7123203278, 11.1967525482, 9.40733623505, 9.16231918335, 5.04417419434, 1.8523286581, 1.28601789474, 0.089303150773, 0.0144293345511, 0.000604713626672],
        "mean": [0.00433690426871, 0.0210269670933, 0.0499614179134, 0.290754258633, 1.62926793098, 5.94886493683, 10.9127588272, 6.24094009399, 8.80124664307, 8.64647960663, 8.50245571136, 9.47700500488, 34.7310791016, 38.6772079468, 26.9062137604, 27.441110611, 25.4797515869, 25.0933456421, 24.5179405212, 19.2123699188, 40.2198791504, 42.8676872253, 38.7025260925, 24.1283378601, 24.4703292847, 15.7856473923, 2.11028122902, 0.330172896385, 0.323928713799, 0.47226575017, 0.776449143887, 0.689260423183, 0.751183986664, 0.906373560429, 0.256942719221, 0.0439236611128, 0.0140525046736, 0.00306162540801, 0.000376993848477, 2.66541173914e-05],
        "min": [4.94162895848e-06, 6.87414503773e-05, 0.000355357915396, 0.00160111312289, 0.0100488616154, 0.0288422163576, 0.00999744422734, 0.0325428023934, 0.0183048211038, 0.0181883350015, 0.0415500961244, 0.0419000089169, 0.0850027874112, 0.105740532279, 0.0850591510534, 0.0887967720628, 0.0879992470145, 0.060343965888, 0.0414441749454, 0.0599270835519, 0.0404926650226, 0.054878436029, 0.0436527505517, 0.0375724956393, 0.0413073413074, 0.0185027103871, 0.0071408119984, 0.00448845280334, 0.00235784635879, 0.00232100696303, 0.00236066523939, 0.00133284227923, 0.000735312816687, 0.000337251171004, 0.000138792369398, 3.18612837873e-05, 7.43172358852e-06, 8.60272848513e-07, 2.73251771432e-07, 3.80256977905e-07],
        "stdev": [0.0176735147834, 0.0631064251065, 0.0710558742285, 0.297445803881, 1.98030340672, 13.224773407, 18.9257659912, 11.4772911072, 16.0894851685, 18.2783069611, 18.0090484619, 23.161605835, 83.8868484497, 80.0305938721, 71.8901596069, 86.1926879883, 79.3962936401, 72.3733673096, 67.4241104126, 60.9525566101, 103.539550781, 91.0046691895, 71.9004974365, 43.3030090332, 38.9682388306, 23.6672229767, 3.3540251255, 0.485946327448, 0.5221118927, 0.702808260918, 1.21476066113, 1.13367640972, 1.20824086666, 1.47482228279, 0.442796736956, 0.0896753594279, 0.0534913390875, 0.0064281783998, 0.00091467454331, 3.44677500834e-05]
    },
    "gfcc": {
        "mean": [-61.7037010193, 72.4867477417, -136.878890991, 4.4342455864, -62.0485877991, -7.15972566605, -55.9325447083, 9.95813560486, -42.484210968, -12.1770153046, -8.31813144684, -4.81238603592, -6.14774560928],
        "cov": [[3925.23510742, -1331.24816895, -704.090637207, -21.8736209869, 387.161346436, -91.446395874, -163.196929932, 692.9921875, 53.398109436, 96.5498886108, 444.295196533, -32.787361145, 124.172225952], [-1331.24816895, 1214.18933105, 137.971405029, -181.042480469, -26.4156627655, 104.596786499, 225.423080444, -262.4324646, -73.6562194824, -12.4543371201, -65.291305542, -96.0893936157, -23.1853675842], [-704.090637207, 137.971405029, 739.267883301, 53.9356956482, -139.145874023, -14.4942035675, -52.5855026245, -150.243972778, 58.2327041626, -3.59988737106, -235.001312256, 94.1291503906, -68.0516738892], [-21.8736209869, -181.042480469, 53.9356956482, 540.241760254, -21.5401859283, -74.3274841309, -140.520889282, 92.785774231, 194.51499939, -4.13516569138, -3.30230474472, 87.6185455322, 56.1585884094], [387.161346436, -26.4156627655, -139.145874023, -21.5401859283, 212.138198853, 51.7331924438, 56.7322998047, 114.606361389, -14.4472608566, 39.8439750671, 84.4677200317, -35.120349884, 7.15884637833], [-91.446395874, 104.596786499, -14.4942035675, -74.3274841309, 51.7331924438, 240.747360229, 148.719726562, -51.7109718323, -49.5288352966, 46.4416503906, 37.6809768677, -38.3547554016, -36.5914878845], [-163.196929932, 225.423080444, -52.5855026245, -140.520889282, 56.7322998047, 148.719726562, 263.903686523, -55.3248558044, -64.8485870361, 48.0085105896, 30.7121181488, -28.5854892731, -54.3413848877], [692.9921875, -262.4324646, -150.243972778, 92.785774231, 114.606361389, -51.7109718323, -55.3248558044, 306.16003418, 70.3054733276, 13.925617218, 111.708297729, -3.37814688683, 62.705116272], [53.398109436, -73.6562194824, 58.2327041626, 194.51499939, -14.4472608566, -49.5288352966, -64.8485870361, 70.3054733276, 177.323852539, 17.9337234497, -23.0246753693, 59.1488876343, 18.0640945435], [96.5498886108, -12.4543371201, -3.59988737106, -4.13516569138, 39.8439750671, 46.4416503906, 48.0085105896, 13.925617218, 17.9337234497, 92.4598922729, 32.8436698914, 9.7607717514, -9.57019805908], [444.295196533, -65.291305542, -235.001312256, -3.30230474472, 84.4677200317, 37.6809768677, 30.7121181488, 111.708297729, -23.0246753693, 32.8436698914, 198.594680786, -29.5126571655, 49.6783905029], [-32.787361145, -96.0893936157, 94.1291503906, 87.6185455322, -35.120349884, -38.3547554016, -28.5854892731, -3.37814688683, 59.1488876343, 9.7607717514, -29.5126571655, 116.160614014, 5.72298622131], [124.172225952, -23.1853675842, -68.0516738892, 56.1585884094, 7.15884637833, -36.5914878845, -54.3413848877, 62.705116272, 18.0640945435, -9.57019805908, 49.6783905029, 5.72298622131, 104.147949219]],
        "icov": [[0.000804067531135, 0.000709555926733, 8.25123861432e-05, 0.000506654381752, -0.000641075428575, 0.00021546932112, 0.000123754696688, -0.000586905167438, -0.000432423810707, -0.000149456784129, -0.000902418396436, 0.000259298656601, -4.81067672808e-06], [0.000709555926733, 0.0021707888227, -0.000456337060314, 0.000604540051427, -0.00100512837525, 0.000782041810453, -0.00158076907974, 0.00107831123751, -0.00140744377859, 0.000571047421545, -0.00110133702401, 0.00196444708854, -0.00140307145193], [8.25123861432e-05, -0.000456337060314, 0.00270471908152, -3.62113169103e-05, 0.000661148456857, -0.000892566633411, 0.00116110255476, -0.000646751956083, 0.000404185324442, -0.00113674614113, 0.00268554454669, -0.00181722745765, 0.000867339433171], [0.000506654381752, 0.000604540051427, -3.62113169103e-05, 0.00381780252792, -0.000691557652317, -0.000331867515342, 0.000979744247161, -3.88319676858e-06, -0.00379944755696, 0.000833355006762, -0.00119561864994, -0.000686458777636, -0.000763694639318], [-0.000641075428575, -0.00100512837525, 0.000661148456857, -0.000691557652317, 0.00859135575593, -0.00125283817761, -0.000538927677553, -0.00319868721999, 0.0018534201663, -0.00232069427148, 0.000719834235497, 0.00031340130954, 0.0010641166009], [0.00021546932112, 0.000782041810453, -0.000892566633411, -0.000331867515342, -0.00125283817761, 0.00775275053456, -0.00390961626545, 0.00179657479748, -0.000165472127264, -0.00129682896659, -0.00202727504075, 0.00263401237316, -6.68866341584e-05], [0.000123754696688, -0.00158076907974, 0.00116110255476, 0.000979744247161, -0.000538927677553, -0.00390961626545, 0.00923425145447, -0.00111647683661, 0.00133795803413, -0.00225583021529, -3.51658891304e-05, -0.00284543284215, 0.00361850787885], [-0.000586905167438, 0.00107831123751, -0.000646751956083, -3.88319676858e-06, -0.00319868721999, 0.00179657479748, -0.00111647683661, 0.00878696609288, -0.00374845531769, 0.00162440526765, -0.00259347073734, 0.00210072752088, -0.0025815309491], [-0.000432423810707, -0.00140744377859, 0.000404185324442, -0.00379944755696, 0.0018534201663, -0.000165472127264, 0.00133795803413, -0.00374845531769, 0.0132367536426, -0.00402134470642, 0.00343239028007, -0.00361031154171, 0.00118026067503], [-0.000149456784129, 0.000571047421545, -0.00113674614113, 0.000833355006762, -0.00232069427148, -0.00129682896659, -0.00225583021529, 0.00162440526765, -0.00402134470642, 0.0158309508115, -0.00353241944686, -0.00112267001532, 0.000560886459425], [-0.000902418396436, -0.00110133702401, 0.00268554454669, -0.00119561864994, 0.000719834235497, -0.00202727504075, -3.51658891304e-05, -0.00259347073734, 0.00343239028007, -0.00353241944686, 0.0129937678576, -0.000975175586063, -0.00305275665596], [0.000259298656601, 0.00196444708854, -0.00181722745765, -0.000686458777636, 0.00031340130954, 0.00263401237316, -0.00284543284215, 0.00210072752088, -0.00361031154171, -0.00112267001532, -0.000975175586063, 0.014422849752, -0.00233900104649], [-4.81067672808e-06, -0.00140307145193, 0.000867339433171, -0.000763694639318, 0.0010641166009, -6.68866341584e-05, 0.00361850787885, -0.0025815309491, 0.00118026067503, 0.000560886459425, -0.00305275665596, -0.00233900104649, 0.0150508265942]]
    },
    "melbands": {
        "max": [0.00180911517236, 0.00042006894364, 0.000738852832001, 0.00608718860894, 0.00609184382483, 0.00341984932311, 0.00210318947211, 0.00172441219911, 0.0018073450774, 0.00178944459185, 0.00432274024934, 0.00237206020392, 0.00328010669909, 0.00313604692928, 0.00533125828952, 0.00310821202584, 0.00162743625697, 0.00145444332156, 0.00153253611643, 0.00100369541906, 0.00155477167573, 0.000981417717412, 0.000363191968063, 0.000492096471135, 0.000323578686221, 0.000201473580091, 0.000457663176348, 8.82740350789e-05, 3.63963190466e-05, 6.57691680317e-06, 3.27151201418e-06, 3.50010714101e-06, 3.91533922084e-06, 6.13019028606e-06, 5.84332019571e-06, 9.44849307416e-06, 7.22405775377e-06, 6.67011045152e-06, 1.04128357634e-05, 9.35669322644e-06],
        "mean": [3.58983088518e-05, 2.70167711278e-05, 9.06857239897e-05, 0.000246985349804, 0.000389572669519, 0.000146623526234, 0.000138501141919, 9.36364813242e-05, 6.61729864078e-05, 6.30869399174e-05, 0.000183883865247, 0.000166644633282, 0.000105194834759, 7.32686166884e-05, 7.57240486564e-05, 5.18947963428e-05, 4.83376788907e-05, 4.68221041956e-05, 3.03489614453e-05, 1.86735305761e-05, 5.8429861383e-05, 5.47286763322e-05, 2.65509534074e-05, 3.09023489535e-05, 1.85608732863e-05, 1.55981852004e-05, 2.25174462685e-05, 7.9477649706e-06, 1.52320762936e-06, 1.8877638297e-07, 1.52475195137e-07, 1.80508095582e-07, 1.85729206237e-07, 2.95097265735e-07, 4.3253882609e-07, 5.37759262897e-07, 3.38755285156e-07, 4.18838538963e-07, 7.31398927201e-07, 8.24923290565e-07],
        "min": [3.55887230796e-08, 1.35888498676e-07, 2.02147660389e-07, 1.61835760082e-06, 2.51843147225e-07, 2.63048178795e-07, 1.10763949124e-07, 1.81520817932e-07, 2.47676553045e-07, 1.53899193833e-07, 3.65504973843e-07, 4.0128830392e-07, 2.20456399802e-07, 1.15736256134e-07, 1.02283607362e-07, 1.35701739623e-07, 8.59224229544e-08, 6.17163067318e-08, 8.05806834592e-08, 4.65189984311e-08, 3.26076587953e-08, 4.66600091897e-08, 3.99712725141e-08, 4.30304467613e-08, 2.27981971079e-08, 1.76305814392e-08, 1.7543404951e-08, 9.39849531534e-09, 4.12683043294e-09, 3.01730906926e-09, 1.5819573429e-09, 1.0723884003e-09, 1.14916376415e-09, 1.08926934139e-09, 9.66670743452e-10, 1.08157127698e-09, 6.2907729026e-10, 4.66825855749e-10, 3.35907773819e-10, 2.42888875679e-10],
        "stdev": [0.000130274478579, 4.59233742731e-05, 9.11626702873e-05, 0.000486557779368, 0.00062651571352, 0.000267505994998, 0.000261538807536, 0.000177983165486, 0.000147496291902, 0.00016259138647, 0.000457824004116, 0.000336470257025, 0.000291156495223, 0.000259783410002, 0.000297018850688, 0.000205192889553, 0.000146448262967, 0.000156091438839, 0.000102464749943, 6.00433522777e-05, 0.000169900726178, 0.000126845829072, 5.57024286536e-05, 5.6313296227e-05, 3.79003722628e-05, 2.85717833322e-05, 3.87844665966e-05, 1.2866353245e-05, 3.04061427414e-06, 3.37150027008e-07, 2.59341447872e-07, 3.23778351685e-07, 3.28053431531e-07, 4.69037388484e-07, 6.67922790853e-07, 1.01423734122e-06, 5.84220686051e-07, 7.04588501321e-07, 1.22749861475e-06, 1.44854448081e-06]
    },
    "melbands128": {
        "max": [0.0015635441523, 0.0025750673376, 0.00212011346593, 0.00102837290615, 0.000400534190703, 0.000322681269608, 0.000380763609428, 0.00117358018178, 0.00183849490713, 0.00506828166544, 0.0134768309072, 0.0107406415045, 0.00713223870844, 0.00742724305019, 0.00409010797739, 0.00592679344118, 0.00399274053052, 0.00225325417705, 0.0060758353211, 0.00185124389827, 0.00249833799899, 0.00366474594921, 0.00333804497495, 0.00231577106752, 0.00293732434511, 0.003783905413, 0.00665330747142, 0.00545802060515, 0.00970827136189, 0.00270797451958, 0.00537137687206, 0.0047268033959, 0.00659792870283, 0.00412944238633, 0.00734993349761, 0.00540658459067, 0.00437051011249, 0.0119639923796, 0.00265333917923, 0.00471330946311, 0.00583239691332, 0.00532500026748, 0.00390817411244, 0.00274544861168, 0.00487147457898, 0.00158974225633, 0.0010552557651, 0.00309930020012, 0.00222803815268, 0.00300248456188, 0.0019554879982, 0.000614370277617, 0.0031438942533, 0.00300990231335, 0.0027419088874, 0.00221804343164, 0.0010956445476, 0.000605201872531, 0.000844703929033, 0.00119800807443, 0.00112109247129, 0.000633022689726, 0.000320850551361, 0.000795282423496, 0.000564075366128, 0.000434025598224, 0.000227987504331, 0.000741066993214, 0.000630619761068, 0.000292998942314, 0.000186811594176, 0.000178178961505, 2.85951155092e-05, 6.96682400303e-05, 5.40804103366e-06, 1.03792817754e-05, 7.6714431998e-06, 5.25312907484e-06, 5.24199049323e-06, 4.32547994933e-06, 7.70154201746e-06, 4.68958705824e-06, 3.77395554096e-06, 5.7906299844e-06, 3.92597803511e-06, 6.52151175018e-06, 8.7927101049e-06, 8.5779283836e-06, 9.02234842215e-06, 1.41019927469e-05, 1.12358111437e-05, 1.91194121726e-05, 1.23710897242e-05, 7.31528734832e-06, 1.33431967697e-05, 7.60869033911e-06, 8.32338173495e-06, 1.42231283462e-05, 1.93957912415e-05, 1.66408899531e-05, 1.58811944857e-05, 1.73939370143e-05, 8.71212978382e-06, 7.86665623309e-06, 1.04641030703e-05, 5.62149625694e-06, 2.01578154702e-06, 1.34717924993e-06, 4.83094981973e-06, 8.13984206616e-06, 2.07189555113e-06, 5.50385311726e-06, 1.36627040774e-05, 6.01247438681e-06, 9.01474834336e-07, 2.43057138505e-06, 5.94898779127e-07, 4.38394863522e-07, 5.68783605104e-07, 9.86124746305e-07, 6.49212381632e-07, 3.25036438653e-07, 7.64806770803e-07, 9.84526806747e-08, 9.85240689033e-09, 9.73451097508e-09, 9.64457935737e-09, 9.59082946395e-09],
        "mean": [2.0947007215e-05, 3.92141009797e-05, 4.05077589676e-05, 3.30355724145e-05, 2.3651506126e-05, 2.22441831284e-05, 3.48293797288e-05, 0.000118300733448, 0.000168640443007, 0.000165017903782, 0.000346359563991, 0.000515899795573, 0.000427875871537, 0.000208216079045, 0.00011476752843, 0.00012251190492, 0.000148449107655, 0.000123354882817, 0.000168119877344, 7.10082313162e-05, 7.61694973335e-05, 0.000104520011519, 4.66084529762e-05, 5.84428635193e-05, 4.26605547545e-05, 6.62468009978e-05, 0.000110852502985, 0.000150182720972, 0.000357951590559, 8.92439420568e-05, 0.000160254436196, 0.000178133166628, 9.27909059101e-05, 4.427767999e-05, 0.000111732188088, 5.35550498171e-05, 5.41459849046e-05, 0.000128812607727, 3.71528403775e-05, 5.11148391524e-05, 5.62702407478e-05, 5.06825490447e-05, 3.06263355014e-05, 3.82569160138e-05, 0.000121622215374, 1.52885149873e-05, 1.25178685266e-05, 4.65783341497e-05, 2.67430477834e-05, 2.22781873163e-05, 1.61516127264e-05, 1.52856155182e-05, 2.8529928386e-05, 0.00011117260874, 6.70015942887e-05, 6.15234821453e-05, 2.48283995461e-05, 7.34029481464e-06, 3.39122307196e-05, 5.16962791153e-05, 3.56889977411e-05, 1.27574821818e-05, 4.192027518e-06, 2.90997195407e-05, 2.87518669211e-05, 1.05534109025e-05, 4.00878980145e-06, 3.4309035982e-05, 2.64050522674e-05, 8.34820366435e-06, 7.89188743511e-06, 9.38519951887e-06, 1.41531745612e-06, 6.47508556995e-07, 2.58480582715e-07, 1.99515469035e-07, 1.52460316372e-07, 1.39022887424e-07, 1.46948323732e-07, 1.55791994416e-07, 2.2400627131e-07, 1.58388544946e-07, 1.6100311484e-07, 1.96339357217e-07, 1.90827094571e-07, 2.54683698131e-07, 3.27826143121e-07, 3.68501076764e-07, 5.12665451424e-07, 3.41270663284e-07, 5.68924747313e-07, 5.60179103104e-07, 6.2284584601e-07, 2.45351458261e-07, 2.54737841487e-07, 2.69668788633e-07, 4.30201708923e-07, 6.21059768946e-07, 8.19518845674e-07, 7.61425326345e-07, 7.17978480225e-07, 1.04455057226e-06, 6.51638458748e-07, 3.5475645177e-07, 2.51143490004e-07, 1.48561639435e-07, 9.38504953751e-08, 8.40869418539e-08, 5.82554662287e-08, 5.92957647427e-08, 3.78277249524e-08, 3.86425043075e-08, 5.28722985393e-08, 4.71323922113e-08, 2.5376632351e-08, 2.84553269836e-08, 2.04337418097e-08, 1.73567347161e-08, 1.40162059736e-08, 1.45950007635e-08, 8.12925193827e-09, 5.94825078082e-09, 5.2421267327e-09, 3.61899010759e-10, 1.00088271004e-11, 9.84496251882e-12, 9.73193574338e-12, 9.67070434149e-12],
        "min": [1.62346247556e-10, 3.32478622411e-09, 1.41790117425e-08, 3.08121994586e-09, 2.78053171598e-08, 2.26849827811e-08, 1.97203036123e-08, 1.42333675512e-07, 1.34545899755e-07, 2.6509297868e-07, 3.76921718725e-07, 1.4230519696e-07, 2.60369290572e-07, 1.69713487708e-07, 2.03182779046e-07, 1.39817800004e-07, 4.83363500337e-08, 7.69350005925e-09, 1.00921884183e-08, 2.83253474009e-08, 6.37032826489e-08, 5.05400663542e-08, 6.95907473869e-08, 2.59336641051e-08, 1.79039645332e-08, 3.82402980392e-08, 3.92318426634e-08, 1.59039416303e-07, 7.48426813857e-08, 8.43004670514e-08, 5.68192461969e-08, 6.89804480203e-08, 9.50611855899e-09, 2.03854408909e-08, 5.69221327851e-08, 4.86615974182e-08, 1.87116082628e-08, 1.71122920278e-08, 4.0222886355e-08, 2.13213287026e-08, 3.68120254279e-08, 4.21477324153e-08, 1.70717928683e-08, 2.5380634483e-08, 2.16916582474e-08, 1.94569143019e-08, 2.1146288276e-08, 1.00412043125e-08, 2.73218265789e-08, 7.7293416112e-09, 7.11559788868e-09, 1.84448758489e-08, 2.58981600609e-08, 7.91921728194e-09, 6.34349328621e-09, 1.20089085343e-08, 2.88609900423e-08, 1.40838372076e-08, 2.51486600433e-08, 2.17234568112e-08, 1.66107021471e-08, 1.79186674387e-08, 2.07770991523e-08, 1.41434339795e-08, 1.63719686697e-08, 9.50023881785e-09, 9.77252234691e-09, 1.71362533052e-08, 9.96409621479e-09, 4.13125489374e-09, 5.24476773123e-09, 4.56132243087e-09, 3.91255028376e-09, 3.0202234047e-09, 2.04959205163e-09, 1.74049419321e-09, 6.57098708778e-10, 8.305577337e-10, 6.36807606647e-10, 7.02045643841e-10, 5.7839633083e-10, 7.32815919058e-10, 9.08697062041e-10, 8.37203861792e-10, 4.67019201089e-10, 4.50141729447e-10, 5.76997560842e-10, 7.1455791284e-10, 4.07057498819e-10, 6.76836198199e-10, 5.36277633412e-10, 5.94788607255e-10, 5.16060694178e-10, 3.28489152546e-10, 3.63531676983e-10, 2.70960476279e-10, 3.58185370253e-10, 3.23578386308e-10, 3.36292049763e-10, 2.85989676385e-10, 2.64294336416e-10, 1.76688830233e-10, 1.84287404781e-10, 2.17347334575e-10, 2.54997516158e-11, 8.40568101235e-11, 5.85835963074e-11, 4.14741609112e-11, 2.24637426716e-11, 3.24587405565e-11, 1.63633245408e-12, 1.04257149788e-11, 8.32989406618e-12, 5.1807607683e-12, 6.50936943236e-12, 7.44427436361e-12, 2.91966429332e-12, 2.63872989214e-13, 4.49853912801e-14, 5.1363217336e-14, 5.03718160932e-14, 5.81150592601e-14, 4.92773038357e-14, 4.62269247404e-14, 2.98145636326e-14, 1.13706160237e-14, 1.6789463564e-15, 6.27013823099e-17],
        "stdev": [0.00010140651284, 0.000176384084625, 0.000153174914885, 9.25536151044e-05, 4.05557366321e-05, 3.70221641788e-05, 5.03365736222e-05, 0.000137896873639, 0.000212082450162, 0.000441709387815, 0.000990064349025, 0.000935807183851, 0.000812010257505, 0.000661685422529, 0.000298258673865, 0.000298770493828, 0.000346326531144, 0.000270840857411, 0.000558050349355, 0.000177862733835, 0.000173044303665, 0.000274074147455, 0.000188127247384, 0.000220626199734, 0.000217393273488, 0.0002237384615, 0.000412583205616, 0.000470316474093, 0.00107610761188, 0.000253279955359, 0.000566333183087, 0.000541151734069, 0.000453612621641, 0.000247885676799, 0.000494958716445, 0.000311775656883, 0.000256543717114, 0.000625802611466, 0.000171877953107, 0.000281762535451, 0.000312056712573, 0.000296974903904, 0.000173223335878, 0.000178218178917, 0.000475016859127, 7.14267443982e-05, 6.85121412971e-05, 0.000190235936316, 0.000127925522975, 0.00014318828471, 7.19510499039e-05, 5.85049056099e-05, 0.000160844661877, 0.000387156731449, 0.000247559335548, 0.000213339750189, 9.77410236374e-05, 3.65350388165e-05, 0.000102492784208, 0.00013577498612, 9.76728988462e-05, 4.84942975163e-05, 1.95501779672e-05, 7.89016921772e-05, 6.55431649648e-05, 4.24748213845e-05, 1.35775362651e-05, 6.78916549077e-05, 6.12633812125e-05, 2.95731279039e-05, 1.86796114576e-05, 1.94146286958e-05, 3.45873422702e-06, 3.46882893609e-06, 4.01323916321e-07, 4.40903306753e-07, 4.19409758479e-07, 2.8650964623e-07, 2.83100490606e-07, 3.23180273654e-07, 5.41531562703e-07, 3.22986039691e-07, 3.01847336459e-07, 4.30329038181e-07, 3.60834661706e-07, 4.78966740047e-07, 6.88232034918e-07, 7.39637982861e-07, 9.40136715144e-07, 6.9834493388e-07, 1.14902650239e-06, 1.62313324381e-06, 1.30643070406e-06, 5.07552215367e-07, 6.92071466801e-07, 6.1113735228e-07, 8.15456075998e-07, 1.3419919469e-06, 1.85984424661e-06, 1.43682916587e-06, 1.34357844672e-06, 2.13857560993e-06, 1.22833512251e-06, 7.41711005503e-07, 6.23149958301e-07, 3.66991685041e-07, 1.76112223471e-07, 1.54473667635e-07, 2.07984257372e-07, 2.64089209168e-07, 1.10021915134e-07, 1.97608372332e-07, 4.3896127977e-07, 2.25516188834e-07, 6.01728586958e-08, 9.2963873044e-08, 4.80125734725e-08, 3.78929172484e-08, 3.51188518266e-08, 5.25527639184e-08, 2.82288272757e-08, 1.64526134938e-08, 2.81673795399e-08, 3.56884055641e-09, 2.83807893853e-10, 2.80360984428e-10, 2.7775051703e-10, 2.76091011164e-10]
    },
    "mfcc": {
        "mean": [-707.784606934, 115.779655457, -19.7415046692, 6.69425678253, 6.4122467041, -28.4463996887, 3.94151520729, -3.46683835983, -20.5866165161, -5.35958623886, -14.342092514, -14.0020065308, -1.39915907383],
        "cov": [[3780.5703125, -1242.50537109, -737.28918457, 43.9047393799, 523.938659668, -746.484680176, 269.930206299, 99.4073257446, -136.790161133, 276.700073242, -70.7706069946, 173.522506714, 462.745880127], [-1242.50537109, 1224.93688965, 64.1294250488, -214.764175415, -259.763183594, 315.609527588, 130.624038696, -77.2482299805, 7.35929870605, -4.31602239609, 87.1754379272, -104.530471802, -225.292526245], [-737.28918457, 64.1294250488, 607.428649902, 80.3597946167, -72.0263824463, 177.66583252, -242.714691162, -12.7958183289, 121.046401978, -138.255126953, -3.03934979439, 26.8729896545, -82.807975769], [43.9047393799, -214.764175415, 80.3597946167, 331.983947754, 99.4098739624, -70.6153182983, -157.141647339, 47.914100647, 80.4036331177, -36.0683517456, -34.090297699, 101.567863464, 89.537399292], [523.938659668, -259.763183594, -72.0263824463, 99.4098739624, 290.519714355, -213.61807251, 14.5164260864, 26.3626022339, 18.5221233368, 51.6776199341, -49.5343093872, 59.3987007141, 109.664802551], [-746.484680176, 315.609527588, 177.66583252, -70.6153182983, -213.61807251, 452.782470703, 1.09795844555, -13.8044013977, 20.3659591675, -32.4360122681, 91.0938491821, -50.8119049072, -118.646095276], [269.930206299, 130.624038696, -242.714691162, -157.141647339, 14.5164260864, 1.09795844555, 370.610595703, 9.12360668182, -100.253479004, 111.306526184, 59.6605911255, -34.6454582214, -2.6925265789], [99.4073257446, -77.2482299805, -12.7958183289, 47.914100647, 26.3626022339, -13.8044013977, 9.12360668182, 106.967071533, 30.038816452, 12.9126968384, 8.37944793701, 41.54088974, 35.9705734253], [-136.790161133, 7.35929870605, 121.046401978, 80.4036331177, 18.5221233368, 20.3659591675, -100.253479004, 30.038816452, 127.29675293, -10.0888547897, 2.64838576317, 28.1555366516, 8.60638237], [276.700073242, -4.31602239609, -138.255126953, -36.0683517456, 51.6776199341, -32.4360122681, 111.306526184, 12.9126968384, -10.0888547897, 143.469970703, 37.0610084534, -13.6931171417, 34.2230606079], [-70.7706069946, 87.1754379272, -3.03934979439, -34.090297699, -49.5343093872, 91.0938491821, 59.6605911255, 8.37944793701, 2.64838576317, 37.0610084534, 102.027313232, 7.95184612274, -14.5371923447], [173.522506714, -104.530471802, 26.8729896545, 101.567863464, 59.3987007141, -50.8119049072, -34.6454582214, 41.54088974, 28.1555366516, -13.6931171417, 7.95184612274, 133.794555664, 74.0399017334], [462.745880127, -225.292526245, -82.807975769, 89.537399292, 109.664802551, -118.646095276, -2.6925265789, 35.9705734253, 8.60638237, 34.2230606079, -14.5371923447, 74.0399017334, 167.639968872]],
        "icov": [[0.000826764851809, 0.000578806560952, 0.000415342423366, 0.000528936740011, -0.000185429526027, 0.000487014389364, -0.000169137842022, 0.00012799014803, 4.02952864533e-05, -0.000608626171015, -1.54052195285e-05, -0.00056101573864, -0.000777220178861], [0.000578806560952, 0.00179254321847, 0.00044655991951, 0.000612379226368, 0.000463085394586, -4.2910760385e-05, -0.000782427028753, 0.000928195542656, -0.00109327444807, -0.000473046180559, 9.34731360758e-05, -0.000818902102765, 0.000682252633851], [0.000415342423366, 0.00044655991951, 0.00359799829312, 0.000547121046111, -0.000737476511858, -0.000891410163604, 0.00104043690953, 0.000659794081002, -0.00210367841646, 0.00162494997494, -0.000342408282449, -0.00115536211524, 0.000922240840737], [0.000528936740011, 0.000612379226368, 0.000547121046111, 0.0060241878964, -0.00117397180293, -0.000124679863802, 0.00158142868895, -0.000635582196992, -0.00151105097029, 9.91992783383e-05, 0.000552107580006, -0.00271967961453, -0.00143647927325], [-0.000185429526027, 0.000463085394586, -0.000737476511858, -0.00117397180293, 0.00744799850509, 0.00203116913326, -0.00154570303857, 0.000757078640163, -0.00152744213119, -0.00236045545898, 0.00254638236947, -0.00106052134652, -0.000975540606305], [0.000487014389364, -4.2910760385e-05, -0.000891410163604, -0.000124679863802, 0.00203116913326, 0.00493169436231, -0.000488464545924, -0.000367195083527, -5.40419641766e-05, -0.000233267142903, -0.00277764420025, 0.000757582020015, -6.82083991705e-05], [-0.000169137842022, -0.000782427028753, 0.00104043690953, 0.00158142868895, -0.00154570303857, -0.000488464545924, 0.00646991236135, -0.00192345888354, 0.00360274803825, -0.00196052342653, -0.00216451473534, -2.80307049252e-05, 0.000306689355057], [0.00012799014803, 0.000928195542656, 0.000659794081002, -0.000635582196992, 0.000757078640163, -0.000367195083527, -0.00192345888354, 0.0126130096614, -0.00402865512297, -0.000317305035423, 0.00029875835753, -0.00301490165293, -0.000303845736198], [4.02952864533e-05, -0.00109327444807, -0.00210367841646, -0.00151105097029, -0.00152744213119, -5.40419641766e-05, 0.00360274803825, -0.00402865512297, 0.0146705247462, -0.00283900438808, -0.00152239960153, 0.000459541421151, -0.000437885173596], [-0.000608626171015, -0.000473046180559, 0.00162494997494, 9.91992783383e-05, -0.00236045545898, -0.000233267142903, -0.00196052342653, -0.000317305035423, -0.00283900438808, 0.0139735648409, -0.00523377256468, 0.00381138990633, -0.00163447961677], [-1.54052195285e-05, 9.34731360758e-05, -0.000342408282449, 0.000552107580006, 0.00254638236947, -0.00277764420025, -0.00216451473534, 0.00029875835753, -0.00152239960153, -0.00523377256468, 0.0172516610473, -0.00472583482042, 0.00070346321445], [-0.00056101573864, -0.000818902102765, -0.00115536211524, -0.00271967961453, -0.00106052134652, 0.000757582020015, -2.80307049252e-05, -0.00301490165293, 0.000459541421151, 0.00381138990633, -0.00472583482042, 0.0145796583965, -0.00444438122213], [-0.000777220178861, 0.000682252633851, 0.000922240840737, -0.00143647927325, -0.000975540606305, -6.82083991705e-05, 0.000306689355057, -0.000303845736198, -0.000437885173596, -0.00163447961677, 0.00070346321445, -0.00444438122213, 0.0132903149351]]
    },
    "spectral_contrast_coeffs": {
        "max": [-0.297403723001, -0.43642115593, -0.406242221594, -0.496008187532, -0.503360450268, -0.672510266304],
        "mean": [-0.622985064983, -0.699602663517, -0.694106280804, -0.737378656864, -0.731092095375, -0.818789899349],
        "min": [-0.866954922676, -0.894550740719, -0.901248514652, -0.908343493938, -0.915732562542, -0.890401601791],
        "stdev": [0.091758787632, 0.0759820714593, 0.0955842137337, 0.0834477841854, 0.0957760810852, 0.0325362198055]
    },
    "spectral_contrast_valleys": {
        "max": [-6.26275348663, -6.05900478363, -6.60411548615, -6.61917877197, -6.78326702118, -8.70320510864],
        "mean": [-8.2218875885, -7.82725477219, -8.20363712311, -8.57638835907, -8.40519714355, -10.8564577103],
        "min": [-10.3567485809, -9.81649112701, -9.65459918976, -9.78886795044, -10.0633802414, -13.0476293564],
        "stdev": [0.665277898312, 0.540000081062, 0.431841254234, 0.425826132298, 0.533358335495, 0.710227668285]
    }
},
"rhythm": {
    "beats_count": 108,
    "beats_loudness": {
        "max": 0.0532433316112,
        "mean": 0.0155113656074,
        "min": 0.000647672335617,
        "stdev": 0.0110272197053
    },
    "bpm": 123.838371277,
    "bpm_histogram_first_peak_bpm": 123,
    "bpm_histogram_first_peak_weight": 0.470588207245,
    "bpm_histogram_second_peak_bpm": 133,
    "bpm_histogram_second_peak_spread": 0.600000023842,
    "bpm_histogram_second_peak_weight": 0.0560747645795,
    "danceability": 0.976894319057,
    "onset_rate": 2.85131955147,
    "beats_loudness_band_ratio": {
        "max": [0.572395026684, 0.919700503349, 0.561824023724, 0.841912150383, 0.669087529182, 0.363507032394],
        "mean": [0.0788575485349, 0.314369261265, 0.159519612789, 0.227621823549, 0.186544328928, 0.0699728801847],
        "min": [0.00176765583456, 0.0109531888738, 0.0255118329078, 0.0115997865796, 0.00807925965637, 0.00238216063008],
        "stdev": [0.100512936711, 0.276609450579, 0.114626280963, 0.234097480774, 0.193085178733, 0.0751943439245]
    },
