{
"metadata": {
    "version": {
        "essentia": "2.1-beta5",
        "essentia_git_sha": "Undefined",
        "extractor": "music 2.0"
    },
    "audio_properties": {
        "analysis": {
            "equal_loudness": 0,
            "length": 12.7477550507,
            "sample_rate": 44100,
            "start_time": 0,
            "downmix": "mix"
        },
        "bit_rate": 192000,
        "length": 186.398193359,
        "lossless": 0,
        "number_channels": 2,
        "replay_gain": -1.79719161987,
        "sample_rate": 48000,
        "codec": "mp3",
        "md5_encoded": "7cf1086c8e3b2b74701afd0344af0c35"
    },
    "tags": {
        "file_name": "Montenegro_Just Get Out of My Life_Andrea Demirović.mp3",
        "encoding": ["Lavf58.29.100"]
    }
},
"lowlevel": {
    "average_loudness": 0.940155506134,
    "barkbands_crest": {
        "max": 23.3913269043,
        "mean": 10.2463855743,
        "min": 3.16639757156,
        "stdev": 4.35619974136
    },
    "barkbands_flatness_db": {
        "max": 0.347162723541,
        "mean": 0.207864031196,
        "min": 0.0603387095034,
        "stdev": 0.0544868335128
    },
    "barkbands_kurtosis": {
        "max": 26.1421031952,
        "mean": 2.75176095963,
        "min": -1.50121760368,
        "stdev": 3.60301184654
    },
    "barkbands_skewness": {
        "max": 4.91000556946,
        "mean": 1.36716771126,
        "min": -2.02612924576,
        "stdev": 0.894419312477
    },
    "barkbands_spread": {
        "max": 40.630443573,
        "mean": 12.6364479065,
        "min": 3.34594607353,
        "stdev": 7.18244218826
    },
    "dissonance": {
        "max": 0.499999970198,
        "mean": 0.474942028522,
        "min": 0.373354166746,
        "stdev": 0.0217079855502
    },
    "dynamic_complexity": 1.778195858,
    "erbbands_crest": {
        "max": 28.2357807159,
        "mean": 10.325343132,
        "min": 2.69540739059,
        "stdev": 3.86545348167
    },
    "erbbands_flatness_db": {
        "max": 0.412271946669,
        "mean": 0.269197255373,
        "min": 0.0851270630956,
        "stdev": 0.0721066817641
    },
    "erbbands_kurtosis": {
        "max": 7.45722198486,
        "mean": 1.09203970432,
        "min": -1.40900635719,
        "stdev": 1.67284834385
    },
    "erbbands_skewness": {
        "max": 2.5879149437,
        "mean": 0.802816748619,
        "min": -1.88467788696,
        "stdev": 0.735722601414
    },
    "erbbands_spread": {
        "max": 80.3003692627,
        "mean": 20.9533157349,
        "min": 6.82261133194,
        "stdev": 11.0046720505
    },
    "hfc": {
        "max": 89.332244873,
        "mean": 22.2617664337,
        "min": 1.18270178104e-16,
        "stdev": 12.6559858322
    },
    "loudness_ebu128": {
        "integrated": -21.0747756958,
        "loudness_range": 2.30724143982,
        "momentary": {
            "max": -18.2860088348,
            "mean": -21.6718921661,
            "min": -33.3920974731,
            "stdev": 2.61232542992
        },
        "short_term": {
            "max": -19.5740299225,
            "mean": -21.0285873413,
            "min": -23.679233551,
            "stdev": 0.942727386951
        }
    },
    "melbands_crest": {
        "max": 29.2834777832,
        "mean": 12.8877468109,
        "min": 2.43890833855,
        "stdev": 5.15676736832
    },
    "melbands_flatness_db": {
        "max": 0.349834650755,
        "mean": 0.200956404209,
        "min": 0.00563330529258,
        "stdev": 0.055089853704
    },
    "melbands_kurtosis": {
        "max": 93.5532836914,
        "mean": 7.45788908005,
        "min": -1.50392246246,
        "stdev": 9.70239925385
    },
    "melbands_skewness": {
        "max": 8.63596534729,
        "mean": 1.97456502914,
        "min": -0.5660353899,
        "stdev": 1.20665550232
    },
    "melbands_spread": {
        "max": 146.783813477,
        "mean": 18.0836753845,
        "min": 3.78564190865,
        "stdev": 13.7136068344
    },
    "pitch_salience": {
        "max": 0.865396499634,
        "mean": 0.618288755417,
        "min": 0.146590948105,
        "stdev": 0.141057357192
    },
    "silence_rate_20dB": {
        "max": 1,
        "mean": 1,
        "min": 1,
        "stdev": 0
    },
    "silence_rate_30dB": {
        "max": 1,
        "mean": 0.949090898037,
        "min": 0,
        "stdev": 0.219812378287
    },
    "silence_rate_60dB": {
        "max": 1,
        "mean": 0.0472727268934,
        "min": 0,
        "stdev": 0.212223216891
    },
    "spectral_centroid": {
        "max": 11007.6953125,
        "mean": 1437.70983887,
        "min": 455.831054688,
        "stdev": 532.226928711
    },
    "spectral_complexity": {
        "max": 53,
        "mean": 22.7418174744,
        "min": 0,
        "stdev": 8.04886436462
    },
    "spectral_decrease": {
        "max": -1.04200465563e-28,
        "mean": -7.02360569704e-09,
        "min": -4.4594521853e-08,
        "stdev": 7.76916220246e-09
    },
    "spectral_energy": {
        "max": 0.171989619732,
        "mean": 0.028527924791,
        "min": 1.11207284385e-20,
        "stdev": 0.0300122573972
    },
    "spectral_energyband_high": {
        "max": 0.00278168777004,
        "mean": 0.00038525625132,
        "min": 7.65530372979e-21,
        "stdev": 0.000366497028153
    },
    "spectral_energyband_low": {
        "max": 0.152801111341,
        "mean": 0.00884287897497,
        "min": 1.40079835854e-22,
        "stdev": 0.0259482264519
    },
    "spectral_energyband_middle_high": {
        "max": 0.0478709004819,
        "mean": 0.0102463094518,
        "min": 1.70676117821e-21,
        "stdev": 0.00628238357604
    },
    "spectral_energyband_middle_low": {
        "max": 0.0732089281082,
        "mean": 0.0102538596839,
        "min": 5.10568751266e-22,
        "stdev": 0.00985284056515
    },
    "spectral_entropy": {
        "max": 9.80715370178,
        "mean": 7.5233130455,
        "min": 6.93019771576,
        "stdev": 0.224696725607
    },
    "spectral_flux": {
        "max": 0.347678154707,
        "mean": 0.0965800359845,
        "min": 1.05454867061e-10,
        "stdev": 0.0608483180404
    },
    "spectral_kurtosis": {
        "max": 24.2123661041,
        "mean": 4.47096681595,
        "min": -1.2031134367,
        "stdev": 3.01528930664
    },
    "spectral_rms": {
        "max": 0.0129535607994,
        "mean": 0.00478165084496,
        "min": 3.29385650699e-12,
        "stdev": 0.00222888635471
    },
    "spectral_rolloff": {
        "max": 18540.0878906,
        "mean": 1571.76721191,
        "min": 86.1328125,
        "stdev": 1255.94470215
    },
    "spectral_skewness": {
        "max": 3.12309861183,
        "mean": 1.39801907539,
        "min": -0.000402653677156,
        "stdev": 0.342259556055
    },
    "spectral_spread": {
        "max": 41006356,
        "mean": 3010118.75,
        "min": 1597059.75,
        "stdev": 1816221.5
    },
    "spectral_strongpeak": {
        "max": 8.32633686066,
        "mean": 1.56335198879,
        "min": 0,
        "stdev": 1.27984189987
    },
    "zerocrossingrate": {
        "max": 0.66943359375,
        "mean": 0.0602938570082,
        "min": 0.0126953125,
        "stdev": 0.0447016246617
    },
    "barkbands": {
        "max": [0.00364471692592, 0.110921166837, 0.0871128737926, 0.0391958430409, 0.0299152303487, 0.0219245683402, 0.0288495309651, 0.0210238080472, 0.0350200273097, 0.0526760481298, 0.0340898185968, 0.0198046006262, 0.0170619599521, 0.00842378661036, 0.00301880878396, 0.00784317869693, 0.0120602045208, 0.01184080448, 0.00232196692377, 0.00152283371426, 0.00137517519761, 0.000902160943951, 0.000481810886413, 0.000794995226897, 0.000170076440554, 1.18577202102e-06, 1.35169534587e-06],
        "mean": [6.05211389484e-05, 0.00572968646884, 0.0026488432195, 0.000762755458709, 0.00145111244638, 0.00109417608473, 0.00112978776451, 0.0017331255367, 0.00262719485909, 0.00337292719632, 0.00179623218719, 0.00112735037692, 0.00131071032956, 0.000826674571726, 0.000532730540726, 0.000454307475593, 0.000584444147535, 0.000579642190132, 0.000250413431786, 0.000157113288878, 0.000115903523692, 8.51931836223e-05, 5.01939430251e-05, 3.59770056093e-05, 1.09105849333e-05, 3.53834606059e-09, 3.39128369831e-09],
        "min": [1.21919399535e-23, 9.69402451889e-23, 3.1518943779e-23, 1.0958903027e-23, 7.82245075908e-23, 7.73660186666e-23, 1.84229654416e-22, 3.66060048342e-23, 1.13461195044e-22, 7.36229809564e-23, 6.17502456796e-23, 1.13862542229e-22, 1.36701756753e-22, 7.8169811131e-23, 1.51364585766e-22, 1.00241615455e-22, 2.85734431818e-22, 2.84308322763e-22, 3.21980230141e-22, 2.58018832588e-22, 4.345464404e-22, 6.26272002598e-22, 6.61394715428e-22, 9.22223382208e-22, 1.10543167001e-21, 1.76013916737e-21, 2.25364307758e-21],
        "stdev": [0.00021921559528, 0.0186163689941, 0.0118323573843, 0.00365445576608, 0.0031324995216, 0.00240095891058, 0.00290201907046, 0.00252129114233, 0.00331106968224, 0.00456540239975, 0.00264939526096, 0.00159513042308, 0.00196901708841, 0.000878831662703, 0.000429894309491, 0.000653932977002, 0.00119416275993, 0.00114462513011, 0.000234961800743, 0.000160396491992, 0.000119651347632, 9.43534541875e-05, 6.50307774777e-05, 6.4338077209e-05, 2.30233854381e-05, 5.04890316222e-08, 5.7560495037e-08]
    },
    "erbbands": {
        "max": [2.69832611084, 30.4546012878, 96.4416046143, 109.734268188, 122.221832275, 109.32800293, 189.573730469, 188.418792725, 345.705963135, 366.423828125, 564.343811035, 890.530944824, 1957.5612793, 574.767883301, 1821.11242676, 510.314147949, 632.435546875, 510.552886963, 172.397445679, 164.962387085, 318.870910645, 758.649414062, 804.977111816, 127.136009216, 74.3078079224, 47.0287055969, 72.0960540771, 30.3897819519, 33.9989280701, 17.0859889984, 12.8283033371, 10.0406017303, 16.7098674774, 2.57368516922, 1.08027815819, 0.0301799215376, 0.00228474987671, 0.000832762685604, 0.000215068692341, 0.000191556857317],
        "mean": [0.12599158287, 1.42486763, 3.30251455307, 2.70983743668, 3.65031838417, 4.79439163208, 7.56516504288, 7.78355455399, 15.0832490921, 22.2013072968, 40.0393981934, 61.5537796021, 108.806114197, 85.899269104, 69.5353775024, 45.981678009, 51.7212600708, 55.5599327087, 34.5832710266, 24.1879920959, 27.07305336, 32.0026893616, 36.5654220581, 16.074048996, 11.1381530762, 7.15479183197, 5.77022695541, 4.07309246063, 2.95996832848, 2.31385493279, 1.34244477749, 0.77071672678, 0.581677615643, 0.18435819447, 0.0516311079264, 0.00147941487376, 8.19233391667e-05, 1.34427418743e-05, 1.72219988599e-05, 3.41216509696e-05],
        "min": [2.67482018104e-21, 2.14533928601e-20, 4.71150476995e-20, 2.7984156664e-20, 2.35403375569e-19, 2.30452001669e-19, 6.18671386089e-19, 4.30378117754e-19, 1.85989451422e-18, 2.35120857201e-18, 1.07346919384e-18, 2.63455929084e-18, 2.02441825651e-18, 2.56606584099e-18, 3.35019128907e-18, 4.64665234943e-18, 6.57254264164e-18, 4.31709945749e-18, 5.65919710622e-18, 8.07905070893e-18, 5.3947429149e-18, 1.74568957479e-17, 1.50205212804e-17, 2.00987948191e-17, 1.33475898506e-17, 1.17530726613e-17, 1.27261414641e-17, 2.22863649389e-17, 1.86701066631e-17, 2.43934305327e-17, 2.08417105427e-17, 1.36053037607e-17, 1.66121524366e-17, 1.22352718091e-17, 8.63859124403e-18, 6.31898903643e-18, 3.19229698579e-18, 1.26463332174e-18, 3.29804044658e-19, 3.21089057132e-20],
        "stdev": [0.428482502699, 4.66181325912, 13.5290327072, 11.5470123291, 12.8381023407, 9.88678741455, 19.7047748566, 18.2774333954, 36.5750579834, 42.8320884705, 52.6848831177, 80.5815200806, 158.515441895, 93.7760238647, 117.728637695, 55.0702323914, 64.9965896606, 60.1671676636, 27.2855167389, 21.8115940094, 33.4541778564, 65.2900772095, 74.9346008301, 16.8423805237, 9.17928409576, 6.42394828796, 6.39816141129, 3.92729353905, 3.26168370247, 2.66260838509, 1.85402417183, 1.16705298424, 1.20626926422, 0.363778799772, 0.126627326012, 0.00350505043752, 0.000169691047631, 3.8177233364e-05, 1.75537261384e-05, 3.35823133355e-05]
    },
    "gfcc": {
        "mean": [-56.0600662231, 99.4509429932, -217.527633667, 13.0438861847, -82.2944869995, 9.45284461975, -16.6227264404, -4.32784700394, -1.78838229179, -21.6027603149, -2.39698624611, -17.7087478638, 1.28676497936],
        "cov": [[11659.25, 2084.00537109, 1969.27001953, 1993.99572754, 15.5657873154, 531.16595459, -1207.89294434, 355.474914551, -399.948242188, 204.159790039, 486.643341064, -42.9328651428, 213.810180664], [2084.00537109, 1445.23876953, 1054.5625, 884.176696777, 419.742523193, -137.951934814, -168.941772461, -114.514129639, -24.8507461548, 93.1781082153, 150.394882202, 54.2242126465, 3.87474036217], [1969.27001953, 1054.5625, 2412.06201172, 1364.28137207, 497.197418213, 344.935241699, -716.830444336, 263.689788818, -315.629241943, 308.909423828, 262.229278564, 54.5953941345, 119.169113159], [1993.99572754, 884.176696777, 1364.28137207, 1007.96405029, 338.994262695, 155.591094971, -390.914031982, 84.8350601196, -125.202941895, 144.375198364, 198.933532715, 49.6180801392, 63.1800918579], [15.5657873154, 419.742523193, 497.197418213, 338.994262695, 307.395996094, 13.8087148666, 9.40241146088, -3.14393782616, 1.44302737713, 69.7057037354, 37.2872886658, 39.8556442261, 2.04572319984], [531.16595459, -137.951934814, 344.935241699, 155.591094971, 13.8087148666, 299.914367676, -119.681793213, 174.623657227, -49.8096237183, 53.9202957153, 70.0993881226, -34.3674430847, 59.4254112244], [-1207.89294434, -168.941772461, -716.830444336, -390.914031982, 9.40241146088, -119.681793213, 507.897369385, -122.310653687, 220.312362671, -79.005065918, -86.5266418457, 10.1732625961, -58.8279418945], [355.474914551, -114.514129639, 263.689788818, 84.8350601196, -3.14393782616, 174.623657227, -122.310653687, 188.923675537, -56.1355819702, 68.9358062744, 34.1077957153, -19.0966281891, 58.2654190063], [-399.948242188, -24.8507461548, -315.629241943, -125.202941895, 1.44302737713, -49.8096237183, 220.312362671, -56.1355819702, 180.016601562, -30.6840496063, -3.88121247292, 8.280585289, -26.5157260895], [204.159790039, 93.1781082153, 308.909423828, 144.375198364, 69.7057037354, 53.9202957153, -79.005065918, 68.9358062744, -30.6840496063, 133.013656616, 40.2456665039, 23.4043903351, 19.1848201752], [486.643341064, 150.394882202, 262.229278564, 198.933532715, 37.2872886658, 70.0993881226, -86.5266418457, 34.1077957153, -3.88121247292, 40.2456665039, 143.56098938, 22.5264568329, 30.7004489899], [-42.9328651428, 54.2242126465, 54.5953941345, 49.6180801392, 39.8556442261, -34.3674430847, 10.1732625961, -19.0966281891, 8.280585289, 23.4043903351, 22.5264568329, 80.1238098145, 8.51937484741], [213.810180664, 3.87474036217, 119.169113159, 63.1800918579, 2.04572319984, 59.4254112244, -58.8279418945, 58.2654190063, -26.5157260895, 19.1848201752, 30.7004489899, 8.51937484741, 80.9683837891]],
        "icov": [[0.000645036285277, -0.00181219878141, 0.00165053934325, -0.00175798020791, 0.00194613204803, -0.00215251767077, 0.000737595895771, -0.00117916660383, 0.00100471230689, -0.000627280096523, 0.000622370105702, -0.000886799418367, 0.000575956422836], [-0.00181219878141, 0.00840505585074, -0.00489195389673, 0.00206006737426, -0.00664944713935, 0.00935696996748, -0.00286137103103, 0.00418348889798, -0.00297728809528, 0.00151571515016, -0.00288383336738, 0.0050302464515, -0.00258310325444], [0.00165053934325, -0.00489195389673, 0.00803187675774, -0.00727704539895, 0.00271147093736, -0.00670505780727, 0.00353573146276, -0.00395742291585, 0.004362906795, -0.00378080224618, 0.00173035671469, -0.00242594745941, 0.00192562607117], [-0.00175798020791, 0.00206006737426, -0.00727704539895, 0.0138723952696, -0.00678995670751, 0.00276095210575, 0.000981513294391, 0.00452571781352, -0.00535812648013, 0.00366635643877, -0.0030714685563, 4.6079261665e-05, -0.00143279600888], [0.00194613204803, -0.00664944713935, 0.00271147093736, -0.00678995670751, 0.0164007954299, -0.00675943959504, -0.00279453140683, -0.00344394822605, 0.0039454982616, -0.00285421404988, 0.00412263674662, -0.00460864696652, 0.00237126415595], [-0.00215251767077, 0.00935696996748, -0.00670505780727, 0.00276095210575, -0.00675943959504, 0.0195502191782, -0.00496906414628, -0.00283957878128, -0.003059303388, 0.00353717198595, -0.00587866036221, 0.00836031977087, -0.00328494142741], [0.000737595895771, -0.00286137103103, 0.00353573146276, 0.000981513294391, -0.00279453140683, -0.00496906414628, 0.0103459032252, 0.000344343541656, -0.00557095417753, -0.000586938927881, 0.00220641260967, -0.00263353507034, 0.000961245386861], [-0.00117916660383, 0.00418348889798, -0.00395742291585, 0.00452571781352, -0.00344394822605, -0.00283957878128, 0.000344343541656, 0.0194007083774, -0.00283636618406, -0.00417635124177, 0.000434989226051, 0.00362196448259, -0.0068182987161], [0.00100471230689, -0.00297728809528, 0.004362906795, -0.00535812648013, 0.0039454982616, -0.003059303388, -0.00557095417753, -0.00283636618406, 0.0163166616112, -0.00211570737883, -0.00233083008789, -0.000994114787318, 0.00222122925334], [-0.000627280096523, 0.00151571515016, -0.00378080224618, 0.00366635643877, -0.00285421404988, 0.00353717198595, -0.000586938927881, -0.00417635124177, -0.00211570737883, 0.0144858537242, -0.00195203779731, -0.00263524940237, 0.00123480975162], [0.000622370105702, -0.00288383336738, 0.00173035671469, -0.0030714685563, 0.00412263674662, -0.00587866036221, 0.00220641260967, 0.000434989226051, -0.00233083008789, -0.00195203779731, 0.0134314168245, -0.0045923772268, -0.00106539041735], [-0.000886799418367, 0.0050302464515, -0.00242594745941, 4.6079261665e-05, -0.00460864696652, 0.00836031977087, -0.00263353507034, 0.00362196448259, -0.000994114787318, -0.00263524940237, -0.0045923772268, 0.0199936069548, -0.00496729044244], [0.000575956422836, -0.00258310325444, 0.00192562607117, -0.00143279600888, 0.00237126415595, -0.00328494142741, 0.000961245386861, -0.0068182987161, 0.00222122925334, 0.00123480975162, -0.00106539041735, -0.00496729044244, 0.0185544490814]]
    },
    "melbands": {
        "max": [0.0269616767764, 0.0367980152369, 0.0185974370688, 0.00776287401095, 0.00518995383754, 0.00492592621595, 0.0051546045579, 0.00395686551929, 0.00452564423904, 0.00636306079105, 0.00989881623536, 0.00224281917326, 0.00485533801839, 0.00288711092435, 0.000643588893581, 0.0022491926793, 0.000843511428684, 0.000325528206304, 0.000256783299847, 0.000635730626527, 0.000350917805918, 0.000718436145689, 0.000782425340731, 0.000522936461493, 0.000117178620712, 6.87828360242e-05, 3.40792612405e-05, 4.47567144874e-05, 5.49169999431e-05, 3.88346124964e-05, 1.739347681e-05, 2.0958677851e-05, 1.67226844496e-05, 1.07472042146e-05, 1.0743268831e-05, 6.70132794767e-06, 6.52101516607e-06, 1.53564069478e-05, 3.75721856472e-06, 2.55230202129e-06],
        "mean": [0.00140426086728, 0.00175183115061, 0.000503532413859, 0.000308821094222, 0.00024337839568, 0.000189883459825, 0.000243398550083, 0.000266179908067, 0.000312862917781, 0.000417298986576, 0.000547285482753, 0.000348829082213, 0.000228745338973, 0.000157609843882, 7.85510346759e-05, 0.000149312385474, 9.52626651269e-05, 5.71927885176e-05, 3.64030893252e-05, 3.26679146383e-05, 3.1098468753e-05, 3.14095777867e-05, 3.85489329346e-05, 2.55276136158e-05, 1.16537648864e-05, 8.35456103232e-06, 5.985405096e-06, 4.66731898996e-06, 3.96682253267e-06, 2.96206917483e-06, 2.15031514017e-06, 1.72237025708e-06, 1.49747143041e-06, 1.16975786568e-06, 8.18012210857e-07, 5.48712307591e-07, 4.33154525581e-07, 4.83631026782e-07, 2.19664343604e-07, 1.35621107233e-07],
        "min": [2.57011293129e-23, 2.53382170089e-23, 1.11150753981e-23, 1.81942958066e-23, 1.71742134592e-23, 1.12020757119e-23, 3.16508981203e-23, 2.21201614979e-23, 9.99007691687e-24, 1.5968414322e-23, 1.02584418748e-23, 1.07685966445e-23, 1.02838345185e-23, 1.11795206009e-23, 1.19166180312e-23, 1.39687828782e-23, 7.65793902378e-24, 7.82394849039e-24, 1.43563186865e-23, 7.90499132663e-24, 5.10909906786e-24, 1.61922946246e-23, 1.77553420445e-23, 1.23301468064e-23, 1.73004327818e-23, 9.68820745858e-24, 8.29592239226e-24, 7.90735948707e-24, 7.55950101572e-24, 8.67715283535e-24, 1.39937613699e-23, 8.84333427364e-24, 1.50361132607e-23, 1.27057897477e-23, 1.45034775329e-23, 8.48996482001e-24, 7.58194095303e-24, 1.0869068336e-23, 1.10342447655e-23, 1.06527279659e-23],
        "stdev": [0.00465499516577, 0.00597082450986, 0.00204199063592, 0.000786719261669, 0.000567117705941, 0.000450263411039, 0.000595961872023, 0.000470723345643, 0.000400586228352, 0.000575269572437, 0.000803933711722, 0.000395481096348, 0.000331780116539, 0.000250460405368, 7.6885233284e-05, 0.00024126569042, 0.000107421576104, 5.1386658015e-05, 2.99399125652e-05, 4.50090119557e-05, 4.08772029914e-05, 6.4148211095e-05, 9.22959443415e-05, 4.968120993e-05, 1.38518489621e-05, 7.32573016649e-06, 5.18575916431e-06, 5.21601532455e-06, 5.19291188539e-06, 3.23951348946e-06, 2.26316205953e-06, 1.97414169634e-06, 1.94625977201e-06, 1.40556915085e-06, 1.21924995256e-06, 8.10441065369e-07, 7.07816241174e-07, 1.04508330878e-06, 4.42398174982e-07, 3.03065007756e-07]
    },
    "melbands128": {
        "max": [0.00237705023028, 0.0164614580572, 0.0490104034543, 0.0620992481709, 0.0557582005858, 0.0370694026351, 0.0242548584938, 0.0173698812723, 0.013394549489, 0.00891978945583, 0.00640487018973, 0.00348760164343, 0.00965613685548, 0.00663354201242, 0.00453024217859, 0.0107439961284, 0.0102702546865, 0.00612249737605, 0.0126195028424, 0.00350298918784, 0.00773626146838, 0.00411953963339, 0.00841104984283, 0.00118480878882, 0.00438987091184, 0.0131967496127, 0.00481462292373, 0.020021898672, 0.00525721628219, 0.00513682560995, 0.0044097029604, 0.00391802377999, 0.00302937556989, 0.013202807866, 0.00556471711025, 0.00286435848102, 0.00232263770886, 0.000556958257221, 0.00078553520143, 0.00124764163047, 0.00458605075255, 0.00324608804658, 0.000527361291461, 0.00236195349135, 0.000821417896077, 0.000418553070631, 0.000661744154058, 0.000364408071619, 0.000336499768309, 0.000463974196464, 0.000860589381773, 0.00130171875935, 0.000613756012172, 0.000385300169, 0.00134093174711, 0.000786355230957, 0.00233154417947, 0.00169220508542, 0.00114969268907, 0.00155709998216, 0.000735996291041, 0.000193131330889, 0.000215507214307, 0.00011895084026, 0.000113717462227, 6.472619134e-05, 0.000129763720906, 7.82988354331e-05, 4.68282596557e-05, 5.37873020221e-05, 2.49109962169e-05, 0.000117958181363, 0.000128650761326, 7.0555266575e-05, 7.63300704421e-05, 5.73666329728e-05, 2.80661715806e-05, 2.36021496676e-05, 1.6264122678e-05, 3.28633468598e-05, 1.99988116947e-05, 2.14908104681e-05, 2.92768763757e-05, 3.17681369779e-05, 1.694371349e-05, 1.41318741953e-05, 1.86659617611e-05, 1.54170738824e-05, 1.92179868463e-05, 1.36821145134e-05, 6.05498689765e-06, 9.20389629755e-06, 8.52716402733e-06, 8.17835916678e-06, 6.96436927683e-06, 1.06647976281e-05, 2.5434539566e-05, 9.19941612665e-06, 5.83035262025e-06, 4.04630964113e-06, 3.26541794493e-06, 3.54693247573e-06, 6.2248541326e-06, 4.29254305345e-06, 1.49194181631e-06, 1.21584747603e-07, 1.29739889942e-08, 7.96973420591e-09, 7.72195019039e-09, 7.61762564139e-09, 7.48412798401e-09, 7.27535809375e-09, 7.11369496642e-09, 6.93544199848e-09, 6.78461731241e-09, 6.61862298301e-09, 6.43217479279e-09, 6.26847773688e-09, 6.09777162097e-09, 5.96372506934e-09, 5.84013681859e-09, 5.72900615836e-09, 5.63769875228e-09, 5.54151791121e-09, 5.48669154554e-09, 5.40332401044e-09, 5.36459943135e-09, 5.33898214528e-09],
        "mean": [5.22353220731e-05, 0.000727652804926, 0.00212649977766, 0.00242408853956, 0.00197303015739, 0.00113175471779, 0.000529121316504, 0.000363611499779, 0.000368810404325, 0.000338545389241, 0.000252353987889, 0.000213560531847, 0.000325062777847, 0.00016358832363, 0.000115335948067, 0.000266012444627, 0.000242842434091, 0.000213984792936, 0.000306151661789, 0.000190150982235, 0.000290247407975, 0.000342424405972, 0.000380217854399, 0.000172874541022, 0.000314495409839, 0.00059223046992, 0.000494473380968, 0.000673122587614, 0.00041542632971, 0.00039357561036, 0.000335377728334, 0.000239814195083, 0.000186153120012, 0.000289056770271, 0.000156697395141, 0.000131331704324, 0.000126218161313, 5.96685240453e-05, 6.31548755337e-05, 9.99242838589e-05, 0.000219896333874, 0.000138266768772, 7.46892837924e-05, 9.89624240901e-05, 5.61906963412e-05, 5.05803182023e-05, 5.58907886443e-05, 3.47739260178e-05, 2.94669207506e-05, 2.86301565211e-05, 3.38043391821e-05, 3.72394133592e-05, 2.9745444408e-05, 2.77950639429e-05, 3.52094357368e-05, 2.70340879069e-05, 3.28524838551e-05, 4.02078221668e-05, 3.88687767554e-05, 4.041979264e-05, 2.59022162936e-05, 1.33685789478e-05, 1.5034684111e-05, 1.02543581306e-05, 7.86883265391e-06, 6.98546955391e-06, 1.09187340058e-05, 7.31851559976e-06, 4.47505408374e-06, 4.35942820332e-06, 3.48511753145e-06, 6.43093244435e-06, 4.72759529657e-06, 3.49407855538e-06, 2.62257822214e-06, 3.71045894099e-06, 2.59960597759e-06, 2.33289506468e-06, 1.94504423234e-06, 2.2586959858e-06, 1.76986463885e-06, 1.53664132085e-06, 1.42617875554e-06, 1.61340267368e-06, 1.4206926835e-06, 1.32215711801e-06, 1.09821758087e-06, 8.37664117626e-07, 8.82626295606e-07, 7.44028909594e-07, 5.40712790098e-07, 5.28842406311e-07, 4.83403596263e-07, 3.84613059623e-07, 3.99856787681e-07, 5.70950419387e-07, 5.45298121324e-07, 3.19869258192e-07, 2.24940066573e-07, 1.59251541731e-07, 1.30973447199e-07, 1.24951938574e-07, 1.53997874008e-07, 1.22922827472e-07, 5.1202476925e-08, 1.53575097084e-09, 8.41259145679e-11, 3.18770738972e-11, 2.68959663569e-11, 2.40910069671e-11, 2.33023392249e-11, 2.08554874759e-11, 1.8202838542e-11, 1.75191458562e-11, 1.71232177743e-11, 1.66732374435e-11, 1.62686825816e-11, 1.58615447166e-11, 1.54038396621e-11, 1.50489950362e-11, 1.46878637725e-11, 1.44131009211e-11, 1.41798447983e-11, 1.39041668804e-11, 1.36031273051e-11, 1.31473694778e-11, 1.29045506919e-11, 1.28200054739e-11],
        "min": [9.9608180659e-24, 2.1893753685e-23, 2.88433958012e-23, 3.93620008471e-23, 3.15892817727e-23, 1.12364100939e-23, 2.47967736491e-24, 7.68750789709e-24, 2.98121169928e-23, 2.17446431967e-23, 1.07166272769e-23, 4.01094197335e-24, 2.51329033365e-23, 2.74094959555e-23, 6.78204940577e-24, 1.95372348623e-24, 1.61025127873e-23, 4.24922387843e-23, 4.45356220317e-23, 2.83238425427e-23, 8.3691200068e-24, 9.18837335611e-24, 3.7641720827e-24, 1.85007840455e-23, 2.50673821274e-23, 8.3912412443e-24, 1.30125674985e-23, 5.29325864619e-24, 1.46929493006e-23, 1.43120020586e-23, 6.91263744002e-24, 9.19356800518e-24, 9.02658192876e-24, 1.20656291231e-23, 1.28635445738e-23, 4.29936214208e-24, 2.21614867653e-23, 5.42921330117e-24, 1.03491135472e-23, 2.1934525172e-23, 1.28630862456e-23, 7.92106436757e-24, 3.73921528467e-24, 1.17414104465e-23, 8.67318092069e-24, 3.1187254984e-24, 9.64228865414e-24, 2.14449770269e-23, 1.23789757187e-23, 9.08810755734e-24, 7.64193776917e-24, 5.64489931114e-24, 6.06284886278e-24, 5.05896853506e-24, 3.61749641358e-24, 1.31700643671e-23, 3.45955896618e-23, 1.70739476604e-23, 1.44949373248e-23, 1.33617875438e-23, 6.57584274287e-24, 1.40563243506e-23, 2.62847333437e-23, 1.24027235874e-23, 1.58614132288e-23, 5.65517225228e-24, 9.24670015373e-24, 1.26124178043e-23, 6.01069490176e-24, 5.40342464932e-24, 1.06709782629e-23, 5.65334288384e-24, 8.47353679166e-24, 7.58559732332e-24, 7.85437722209e-24, 6.66430244933e-24, 5.80405673194e-24, 2.1221308139e-23, 1.44918560341e-23, 9.32448578328e-24, 9.46539685134e-24, 7.8889664062e-24, 8.47365827624e-24, 2.0204909772e-23, 1.63752866888e-23, 8.10862630298e-24, 1.47974433938e-23, 1.57611379637e-23, 1.93369482061e-23, 7.93051176577e-24, 5.19149795599e-24, 1.24051382906e-23, 8.40370209116e-24, 6.26173884079e-24, 7.7395813943e-24, 7.78527221793e-24, 8.24794308315e-24, 2.13816299185e-23, 9.30456546771e-24, 7.53880761645e-24, 1.04141480291e-23, 1.17208921743e-23, 1.02237824821e-23, 8.64881379619e-24, 9.68227522457e-24, 1.06459713722e-23, 8.03221408026e-24, 1.12523758498e-23, 1.06774043238e-23, 1.33758482006e-23, 9.69153014071e-24, 9.31299681306e-24, 1.09519523735e-23, 8.50085898911e-24, 1.2966427813e-23, 1.12269776841e-23, 8.69506155562e-24, 9.42866275443e-24, 7.4365901758e-24, 1.3228576547e-23, 9.14995740775e-24, 1.10865044338e-23, 1.0087935901e-23, 7.95688023039e-24, 8.00601048757e-24, 1.12690452696e-23, 1.13611645018e-23, 1.22899929974e-23],
        "stdev": [0.000176578658284, 0.00252501433715, 0.00782041065395, 0.00823642220348, 0.00797910615802, 0.00501055130735, 0.00241034803912, 0.00171905185562, 0.00136362400372, 0.000855806632899, 0.0005541719147, 0.000452002452221, 0.000965939485468, 0.000508733210154, 0.000325238099322, 0.000849848962389, 0.000788968580309, 0.000610474031419, 0.00106837972999, 0.000418893701863, 0.000699542695656, 0.00054671196267, 0.000680686440319, 0.000204254538403, 0.000480132992379, 0.00112781231292, 0.000655283045489, 0.00151198357344, 0.00061686290428, 0.000596770376433, 0.000510030367877, 0.000406848121202, 0.000256412749877, 0.000855128921103, 0.000385603896575, 0.000227678232477, 0.000234834573348, 6.94832051522e-05, 8.35479004309e-05, 0.000150977808516, 0.000458324328065, 0.00031478528399, 8.96904384717e-05, 0.000198082940187, 8.66626141942e-05, 6.10374918324e-05, 6.74700786476e-05, 4.13717280026e-05, 3.68595938198e-05, 4.60507399112e-05, 5.78345243412e-05, 7.77606619522e-05, 6.46404805593e-05, 4.22752455052e-05, 8.86194975465e-05, 6.84371916577e-05, 0.000137077964609, 0.000146677382872, 0.000113540896564, 0.000128371670144, 6.67522472213e-05, 1.76372905116e-05, 2.46532945312e-05, 1.45749754665e-05, 1.10308483272e-05, 7.75562239141e-06, 1.42264661918e-05, 8.90974115464e-06, 5.72117232878e-06, 6.17985824647e-06, 3.43669398717e-06, 1.16179007819e-05, 9.280379345e-06, 6.59295801597e-06, 4.30424825026e-06, 5.19707828062e-06, 3.27789575749e-06, 2.90866819341e-06, 2.23758775064e-06, 3.42098724104e-06, 2.35032644014e-06, 2.01016132451e-06, 2.30713999372e-06, 2.85013879875e-06, 1.8312841803e-06, 1.72010732058e-06, 1.70621080997e-06, 1.31577212414e-06, 1.63598724612e-06, 1.30680075472e-06, 8.61038870426e-07, 9.10285507416e-07, 9.02484714516e-07, 7.99100234872e-07, 7.34418222237e-07, 1.09799873371e-06, 1.5597889842e-06, 8.36068977605e-07, 5.1972511983e-07, 3.79861063493e-07, 3.28391109861e-07, 3.44056786616e-07, 4.79580762658e-07, 3.72923210534e-07, 1.66173748539e-07, 8.18873413522e-09, 6.61626975429e-10, 3.40575956326e-10, 3.28893773327e-10, 3.24356985715e-10, 3.18663179177e-10, 3.09752612448e-10, 3.02926850271e-10, 2.95341195944e-10, 2.88916668367e-10, 2.81847323258e-10, 2.7390528734e-10, 2.66934530035e-10, 2.59663984759e-10, 2.53955856344e-10, 2.48694842497e-10, 2.43962017255e-10, 2.40072545177e-10, 2.35978653285e-10, 2.33650016002e-10, 2.30110860922e-10, 2.28467758601e-10, 2.27377644491e-10]
    },
    "mfcc": {
        "mean": [-658.337585449, 115.242897034, -73.3031082153, -3.69998669624, -38.3827896118, 3.08257484436, -13.1537504196, 13.2802371979, -2.26010608673, 7.10529279709, -2.34408974648, -1.62081205845, -9.91422462463],
        "cov": [[6676.47558594, 558.087890625, 2284.53564453, 942.445861816, 1467.06323242, 41.7129096985, 293.037078857, -212.905548096, -221.543045044, -266.692382812, -8.10669708252, 434.797180176, 288.234985352], [558.087890625, 937.639099121, 285.781890869, 714.256896973, 212.560165405, 191.657211304, -5.09989881516, -61.1803359985, -52.886177063, -53.6528434753, 31.9570026398, 42.3832550049, 88.7459335327], [2284.53564453, 285.781890869, 2248.10839844, 776.376647949, 1444.09667969, -10.2820453644, 357.513092041, -291.709655762, -77.8014068604, -194.98449707, -7.96899032593, 263.155883789, 235.70262146], [942.445861816, 714.256896973, 776.376647949, 889.964660645, 523.319702148, 200.045501709, 45.8872070312, -92.7524795532, -86.0159225464, -103.858558655, 8.47348117828, 132.478012085, 135.747497559], [1467.06323242, 212.560165405, 1444.09667969, 523.319702148, 1056.62243652, -17.14727211, 266.949951172, -208.866378784, -22.9705810547, -152.525970459, 5.32297945023, 175.35546875, 152.445053101], [41.7129096985, 191.657211304, -10.2820453644, 200.045501709, -17.14727211, 184.770355225, -11.7587480545, 75.1215744019, -13.4176054001, 52.1228065491, 12.3357477188, 25.7132911682, 19.5388031006], [293.037078857, -5.09989881516, 357.513092041, 45.8872070312, 266.949951172, -11.7587480545, 187.724655151, -43.8104934692, 63.7737731934, -24.9979839325, 36.6833839417, 23.2578086853, 44.9579582214], [-212.905548096, -61.1803359985, -291.709655762, -92.7524795532, -208.866378784, 75.1215744019, -43.8104934692, 170.767242432, 1.30343520641, 91.8914031982, -16.8867950439, -2.70465350151, -46.0725021362], [-221.543045044, -52.886177063, -77.8014068604, -86.0159225464, -22.9705810547, -13.4176054001, 63.7737731934, 1.30343520641, 162.472702026, 12.9171590805, 67.5214385986, -57.2417144775, 7.06292009354], [-266.692382812, -53.6528434753, -194.98449707, -103.858558655, -152.525970459, 52.1228065491, -24.9979839325, 91.8914031982, 12.9171590805, 152.169296265, -6.34316921234, 6.06588840485, -50.3387756348], [-8.10669708252, 31.9570026398, -7.96899032593, 8.47348117828, 5.32297945023, 12.3357477188, 36.6833839417, -16.8867950439, 67.5214385986, -6.34316921234, 113.188369751, -13.7775087357, 45.2922134399], [434.797180176, 42.3832550049, 263.155883789, 132.478012085, 175.35546875, 25.7132911682, 23.2578086853, -2.70465350151, -57.2417144775, 6.06588840485, -13.7775087357, 145.128295898, 29.4280261993], [288.234985352, 88.7459335327, 235.70262146, 135.747497559, 152.445053101, 19.5388031006, 44.9579582214, -46.0725021362, 7.06292009354, -50.3387756348, 45.2922134399, 29.4280261993, 129.831192017]],
        "icov": [[0.000268028496066, -0.000200377398869, -0.000295781297609, 0.000204037816729, 1.26107142933e-05, 2.41789257416e-05, 8.61096341396e-05, -0.00033167123911, 0.000122108627693, 0.000370508787455, -0.000133097128128, -0.000408947118558, -2.42586247623e-05], [-0.000200377398869, 0.00395807251334, 0.00123099959455, -0.00420738942921, -3.78073200409e-05, 0.000249628559686, -0.00101136043668, 0.0013319759164, 0.000637983670458, -0.001497846446, -0.000485489232233, 0.00152110005729, -5.75511912757e-05], [-0.000295781297609, 0.00123099959455, 0.00477929087356, -0.00180351349991, -0.00513139925897, 0.000687338178977, -0.00114608393051, 0.00115445733536, 0.00136699213181, -0.00207600230351, 0.000577329366934, 0.000776121509261, -0.00150400109123], [0.000204037816729, -0.00420738942921, -0.00180351349991, 0.00817843805999, -0.000906275818124, -0.00534517411143, 0.00291746272705, 0.000154441557243, -0.00066444760887, 0.00356221548282, 0.000556361570489, -0.00231970613822, -0.000191847779206], [1.26107142933e-05, -3.78073200409e-05, -0.00513139925897, -0.000906275818124, 0.00985555071384, 0.000462806725409, -0.00309595745057, 0.00108018529136, -0.00157979619689, 0.00203423877247, 0.000655628216919, -0.00226499279961, 0.00123414059635], [2.41789257416e-05, 0.000249628559686, 0.000687338178977, -0.00534517411143, 0.000462806725409, 0.0149806179106, -0.00161706621293, -0.00620159273967, 0.00125797721557, -0.00468330737203, -0.00177180184983, 0.00132439041045, -0.00188843137585], [8.61096341396e-05, -0.00101136043668, -0.00114608393051, 0.00291746272705, -0.00309595745057, -0.00161706621293, 0.0126570053399, -0.00100226874929, -0.00444155465811, 0.000688805768732, -0.00116682157386, -0.000392944406485, -0.000324765394907], [-0.00033167123911, 0.0013319759164, 0.00115445733536, 0.000154441557243, 0.00108018529136, -0.00620159273967, -0.00100226874929, 0.0140898926184, -0.00078568054596, -0.00352783245035, 0.00252950121649, -0.00147873244714, 0.000708222563844], [0.000122108627693, 0.000637983670458, 0.00136699213181, -0.00066444760887, -0.00157979619689, 0.00125797721557, -0.00444155465811, -0.00078568054596, 0.0126406308264, -0.00203219708055, -0.00587158463895, 0.00447420217097, -1.0715638382e-05], [0.000370508787455, -0.001497846446, -0.00207600230351, 0.00356221548282, 0.00203423877247, -0.00468330737203, 0.000688805768732, -0.00352783245035, -0.00203219708055, 0.0138548649848, -0.000232529971981, -0.00408921204507, 0.00356188835576], [-0.000133097128128, -0.000485489232233, 0.000577329366934, 0.000556361570489, 0.000655628216919, -0.00177180184983, -0.00116682157386, 0.00252950121649, -0.00587158463895, -0.000232529971981, 0.0152563340962, -0.00109225721098, -0.00504939677194], [-0.000408947118558, 0.00152110005729, 0.000776121509261, -0.00231970613822, -0.00226499279961, 0.00132439041045, -0.000392944406485, -0.00147873244714, 0.00447420217097, -0.00408921204507, -0.00109225721098, 0.0130447940901, -0.00144857168198], [-2.42586247623e-05, -5.75511912757e-05, -0.00150400109123, -0.000191847779206, 0.00123414059635, -0.00188843137585, -0.000324765394907, 0.000708222563844, -1.0715638382e-05, 0.00356188835576, -0.00504939677194, -0.00144857168198, 0.0133968777955]]
    },
    "spectral_contrast_coeffs": {
        "max": [-0.506614744663, -0.50899285078, -0.548477888107, -0.653257608414, -0.641596794128, -0.40944391489],
        "mean": [-0.721705853939, -0.716135919094, -0.737143576145, -0.801835954189, -0.784835398197, -0.635819137096],
        "min": [-0.967830121517, -0.981954276562, -0.951980412006, -0.966318845749, -0.961981832981, -0.960398256779],
        "stdev": [0.0698650479317, 0.070509955287, 0.0535039193928, 0.0386963561177, 0.0395889095962, 0.0853994712234]
    },
    "spectral_contrast_valleys": {
        "max": [-5.23333072662, -5.08189630508, -5.38827753067, -5.93903303146, -6.20020008087, -9.07055187225],
        "mean": [-8.40501022339, -6.9253988266, -6.56240844727, -6.95979070663, -7.38779258728, -12.0356988907],
        "min": [-27.0447425842, -26.6050548553, -27.4875354767, -27.0740909576, -27.2398509979, -27.242149353],
        "stdev": [2.00710463524, 1.33122968674, 1.21220684052, 1.12604510784, 1.12121248245, 1.69512796402]
    }
},
"rhythm": {
    "beats_count": 28,
    "beats_loudness": {
        "max": 0.17683660984,
        "mean": 0.067435733974,
        "min": 0.00355143263005,
        "stdev": 0.0548469498754
    },
    "bpm": 136.723709106,
    "bpm_histogram_first_peak_bpm": 136,
    "bpm_histogram_first_peak_weight": 0.5625,
    "bpm_histogram_second_peak_bpm": 123,
    "bpm_histogram_second_peak_spread": 0.333333313465,
    "bpm_histogram_second_peak_weight": 0.148148149252,
    "danceability": 1.07377505302,
    "onset_rate": 3.3700735569,
    "beats_loudness_band_ratio": {
        "max": [0.951030910015, 0.0310063064098, 0.872500479221, 0.738729357719, 0.199899986386, 0.0327271558344],
        "mean": [0.440075308084, 0.0124211795628, 0.206179007888, 0.276332706213, 0.0721770823002, 0.0146373994648],
        "min": [0.000100167395431, 0.00126426527277, 0.00766534730792, 0.0156576167792, 0.010021221824, 0.00588714377955],
        "stdev": [0.424491465092, 0.009830721654, 0.21204648912, 0.258083730936, 0.0543126650155, 0.00824430491775]
    },
    "beats_position": [0.476009070873, 0.96362811327, 1.45124709606, 1.93886613846, 2.42648530006, 2.90249419212, 3.36689329147, 3.83129239082, 4.3073015213, 4.76009082794, 5.21287965775, 5.67727899551, 6.13006782532, 6.59446716309, 7.01242637634, 7.45360517502, 7.89478445053, 8.32435321808, 8.75392246246, 9.19510173798, 9.63628101349, 10.077460289, 10.5070295334, 10.9365987778, 11.3777770996, 11.807346344, 12.2369155884, 12.6780948639],
