{
"metadata": {
    "version": {
        "essentia": "2.1-beta5",
        "essentia_git_sha": "Undefined",
        "extractor": "music 2.0"
    },
    "audio_properties": {
        "analysis": {
            "equal_loudness": 0,
            "length": 48.7502937317,
            "sample_rate": 44100,
            "start_time": 126.490699768,
            "downmix": "mix"
        },
        "bit_rate": 192000,
        "length": 199.923812866,
        "lossless": 0,
        "number_channels": 2,
        "replay_gain": -10.8094558716,
        "sample_rate": 48000,
        "codec": "mp3",
        "md5_encoded": "f74131104cae91c9a3c8d74f8db90da4"
    },
    "tags": {
        "file_name": "Spain_La Noche Es Para Mí (The Night Is For Me)_Soraya.mp3",
        "encoding": ["Lavf58.29.100"]
    }
},
"lowlevel": {
    "average_loudness": 0.959310948849,
    "barkbands_crest": {
        "max": 25.5384082794,
        "mean": 10.0421895981,
        "min": 2.23437857628,
        "stdev": 4.68981981277
    },
    "barkbands_flatness_db": {
        "max": 0.253789335489,
        "mean": 0.101062729955,
        "min": 0.0185639578849,
        "stdev": 0.0388055667281
    },
    "barkbands_kurtosis": {
        "max": 71.8638839722,
        "mean": 1.54819500446,
        "min": -1.78690099716,
        "stdev": 4.16236639023
    },
    "barkbands_skewness": {
        "max": 8.14980888367,
        "mean": 1.02375245094,
        "min": -1.59143912792,
        "stdev": 0.920745551586
    },
    "barkbands_spread": {
        "max": 111.583816528,
        "mean": 29.6196460724,
        "min": 3.35991001129,
        "stdev": 13.6325531006
    },
    "dissonance": {
        "max": 0.499997287989,
        "mean": 0.473340004683,
        "min": 0.346979945898,
        "stdev": 0.0217322781682
    },
    "dynamic_complexity": 2.0274040699,
    "erbbands_crest": {
        "max": 31.4249839783,
        "mean": 9.16701412201,
        "min": 2.33676362038,
        "stdev": 4.62618207932
    },
    "erbbands_flatness_db": {
        "max": 0.274686813354,
        "mean": 0.140101492405,
        "min": 0.047648627311,
        "stdev": 0.0350914895535
    },
    "erbbands_kurtosis": {
        "max": 17.9120368958,
        "mean": 0.384074360132,
        "min": -1.75080239773,
        "stdev": 1.58723461628
    },
    "erbbands_skewness": {
        "max": 3.38998436928,
        "mean": 0.268324375153,
        "min": -2.66473507881,
        "stdev": 0.682765007019
    },
    "erbbands_spread": {
        "max": 126.143081665,
        "mean": 34.89793396,
        "min": 5.42188215256,
        "stdev": 14.0573768616
    },
    "hfc": {
        "max": 422.406646729,
        "mean": 29.1379985809,
        "min": 0.141860023141,
        "stdev": 23.4359722137
    },
    "loudness_ebu128": {
        "integrated": -12.1959924698,
        "loudness_range": 2.89505577087,
        "momentary": {
            "max": -9.73650169373,
            "mean": -12.5323705673,
            "min": -19.3066654205,
            "stdev": 1.89506471157
        },
        "short_term": {
            "max": -10.4685754776,
            "mean": -12.3575487137,
            "min": -17.296377182,
            "stdev": 1.14132261276
        }
    },
    "melbands_crest": {
        "max": 33.4795074463,
        "mean": 14.3100748062,
        "min": 3.49450469017,
        "stdev": 6.29210138321
    },
    "melbands_flatness_db": {
        "max": 0.35613450408,
        "mean": 0.159076184034,
        "min": 0.0286298431456,
        "stdev": 0.0530335716903
    },
    "melbands_kurtosis": {
        "max": 201.340682983,
        "mean": 7.52474832535,
        "min": -1.48763656616,
        "stdev": 11.8266887665
    },
    "melbands_skewness": {
        "max": 12.1664934158,
        "mean": 2.0276093483,
        "min": -1.12856578827,
        "stdev": 1.35558950901
    },
    "melbands_spread": {
        "max": 227.894058228,
        "mean": 33.3325767517,
        "min": 1.75755441189,
        "stdev": 19.1901035309
    },
    "pitch_salience": {
        "max": 0.816882431507,
        "mean": 0.527189850807,
        "min": 0.114299781621,
        "stdev": 0.119400508702
    },
    "silence_rate_20dB": {
        "max": 1,
        "mean": 1,
        "min": 1,
        "stdev": 0
    },
    "silence_rate_30dB": {
        "max": 1,
        "mean": 1,
        "min": 1,
        "stdev": 0
    },
    "silence_rate_60dB": {
        "max": 1,
        "mean": 0.000475963839563,
        "min": 0,
        "stdev": 0.0218114033341
    },
    "spectral_centroid": {
        "max": 4737.50585938,
        "mean": 1857.71948242,
        "min": 389.350006104,
        "stdev": 637.139038086
    },
    "spectral_complexity": {
        "max": 53,
        "mean": 25.0138034821,
        "min": 0,
        "stdev": 9.55089473724
    },
    "spectral_decrease": {
        "max": -6.06405550774e-11,
        "mean": -6.99120095149e-09,
        "min": -2.34169981184e-08,
        "stdev": 3.88504517446e-09
    },
    "spectral_energy": {
        "max": 0.0925695896149,
        "mean": 0.0290292948484,
        "min": 0.000241738322075,
        "stdev": 0.0155540853739
    },
    "spectral_energyband_high": {
        "max": 0.0471402443945,
        "mean": 0.00141327898018,
        "min": 9.75537841441e-06,
        "stdev": 0.00222748075612
    },
    "spectral_energyband_low": {
        "max": 0.0751960203052,
        "mean": 0.010243200697,
        "min": 3.17163517138e-06,
        "stdev": 0.0118829328567
    },
    "spectral_energyband_middle_high": {
        "max": 0.0552633330226,
        "mean": 0.00912785995752,
        "min": 3.54847725248e-05,
        "stdev": 0.00800378527492
    },
    "spectral_energyband_middle_low": {
        "max": 0.0818987265229,
        "mean": 0.00880411826074,
        "min": 6.58633143757e-05,
        "stdev": 0.00844222214073
    },
    "spectral_entropy": {
        "max": 8.83725452423,
        "mean": 7.83434247971,
        "min": 6.57501220703,
        "stdev": 0.316576987505
    },
    "spectral_flux": {
        "max": 0.233162641525,
        "mean": 0.0933746322989,
        "min": 0.02109022066,
        "stdev": 0.0369060151279
    },
    "spectral_kurtosis": {
        "max": 13.4100017548,
        "mean": 3.68876624107,
        "min": -1.3367664814,
        "stdev": 1.63105595112
    },
    "spectral_rms": {
        "max": 0.00950325187296,
        "mean": 0.00512422062457,
        "min": 0.000485635944642,
        "stdev": 0.00143654015847
    },
    "spectral_rolloff": {
        "max": 12683.0566406,
        "mean": 1949.70288086,
        "min": 64.599609375,
        "stdev": 1477.16101074
    },
    "spectral_skewness": {
        "max": 2.70032215118,
        "mean": 1.41959452629,
        "min": 0.0456929095089,
        "stdev": 0.311908781528
    },
    "spectral_spread": {
        "max": 14433922,
        "mean": 4833866,
        "min": 2806316.25,
        "stdev": 1257789
    },
    "spectral_strongpeak": {
        "max": 9.62309074402,
        "mean": 1.18856060505,
        "min": 0,
        "stdev": 1.52635109425
    },
    "zerocrossingrate": {
        "max": 0.34228515625,
        "mean": 0.0742582604289,
        "min": 0.0126953125,
        "stdev": 0.0358844920993
    },
    "barkbands": {
        "max": [0.00793563574553, 0.0663878619671, 0.0411055386066, 0.0114265885204, 0.055003657937, 0.0471216924489, 0.041260253638, 0.0185846481472, 0.0445321425796, 0.0394125021994, 0.0390999317169, 0.0274897441268, 0.0074647674337, 0.034050706774, 0.0155347073451, 0.0195828583091, 0.0115877939388, 0.00444787973538, 0.00599992088974, 0.00540612684563, 0.00535693112761, 0.00803375430405, 0.0103580188006, 0.023895220831, 0.0154827954248, 0.0029131944757, 0.000560410029721],
        "mean": [0.000324341817759, 0.00800310913473, 0.00150342576671, 0.000722691358533, 0.00180702167563, 0.00197440385818, 0.00152580044232, 0.00117005826905, 0.00130391330458, 0.00143213442061, 0.00152919511311, 0.00152019213419, 0.000507187156472, 0.00111635995563, 0.000610402494203, 0.000666142557748, 0.000473331456305, 0.000476064655231, 0.000605606415775, 0.000649295689072, 0.000284999143332, 0.000220725065446, 0.000185035925824, 0.000187559853657, 0.000157719448907, 6.57540440443e-05, 6.83154803482e-06],
        "min": [4.14288825468e-09, 9.44118482948e-07, 6.03575244895e-07, 7.75298076405e-07, 1.42046073961e-05, 4.93100469612e-06, 1.12823602194e-06, 6.03443027103e-07, 1.0966166883e-05, 8.47861610964e-06, 6.20272066953e-06, 6.15202634435e-06, 4.4615862862e-06, 9.53208257215e-07, 1.82432995643e-06, 1.12040459044e-06, 3.02638824223e-07, 8.72833140875e-07, 1.05121080196e-06, 2.51896562986e-06, 1.29267255033e-06, 1.6219948975e-06, 2.46718263952e-06, 1.5870707557e-06, 5.17358728302e-07, 2.4662568876e-07, 2.35150410255e-09],
        "stdev": [0.000763804593589, 0.0107410345227, 0.00298163434491, 0.00102263060398, 0.00337833189406, 0.00418541580439, 0.00296780909412, 0.00170114345383, 0.00255474424921, 0.00295087671839, 0.00347736594267, 0.00295382272452, 0.000700482924003, 0.00232860725373, 0.000983266974799, 0.00141671346501, 0.000838471984025, 0.000509000383317, 0.000640923622996, 0.00075199076673, 0.000301452411804, 0.000338744168403, 0.000444813107606, 0.000764030148275, 0.000641150400043, 0.000178143702215, 3.0622632039e-05]
    },
    "erbbands": {
        "max": [2.420825243, 17.5962162018, 36.6681098938, 49.8064842224, 62.6372795105, 265.210266113, 375.866973877, 507.673858643, 758.096069336, 314.490356445, 498.078338623, 1180.89660645, 1212.78063965, 1334.64233398, 1983.60876465, 1166.09741211, 411.879760742, 780.743286133, 1400.79455566, 577.636962891, 1015.81280518, 522.165771484, 336.016937256, 406.228271484, 355.266876221, 314.27142334, 211.28894043, 272.140533447, 313.553649902, 214.23109436, 372.733734131, 571.91027832, 309.446502686, 273.080841064, 68.1553726196, 17.6071052551, 5.04291009903, 1.39115083218, 0.104501828551, 0.00390568329021],
        "mean": [0.247122108936, 1.68538737297, 2.16716146469, 2.22688102722, 2.92362451553, 6.00911855698, 14.4149513245, 16.0575561523, 23.5963420868, 18.2311172485, 28.9963512421, 28.2754497528, 38.0140075684, 50.7296066284, 74.137512207, 59.574760437, 27.48487854, 41.5654067993, 55.071937561, 29.9311752319, 34.6040649414, 26.7964439392, 25.4666481018, 25.9307422638, 34.4635925293, 33.9688148499, 15.6099119186, 9.37681484222, 7.89621019363, 6.22896194458, 5.25844240189, 4.14238262177, 2.97170615196, 2.06670498848, 0.949884057045, 0.375094771385, 0.102200694382, 0.0152248330414, 0.00138128281105, 7.94950537966e-05],
        "min": [1.67426242115e-05, 0.000299661856843, 0.0011253899429, 0.00675660278648, 0.0381757356226, 0.051739487797, 0.0449502877891, 0.0584454573691, 0.0200494136661, 0.0173564106226, 0.0328013896942, 0.239593282342, 0.323126852512, 0.268792688847, 0.19533598423, 0.318196713924, 0.31694689393, 0.0895975604653, 0.0606427788734, 0.118186809123, 0.0366568155587, 0.0218537803739, 0.0435239747167, 0.0281014740467, 0.0899468436837, 0.119201548398, 0.0709190294147, 0.0652192831039, 0.059894900769, 0.0771887972951, 0.0612001158297, 0.0257474184036, 0.0250051356852, 0.0082600703463, 0.00279158889316, 0.00148987455759, 0.000413025496528, 6.55794356135e-05, 7.07211711415e-06, 1.45377020999e-06],
        "stdev": [0.379903048277, 2.38730382919, 3.4467151165, 3.55460715294, 4.45818328857, 12.6467952728, 35.0242462158, 36.6538124084, 49.5843849182, 27.243144989, 47.1313285828, 59.2630157471, 70.0325012207, 95.5345993042, 157.094909668, 116.554931641, 33.7743034363, 71.4880752563, 112.049194336, 53.9725494385, 66.3498382568, 44.077709198, 27.4806423187, 27.4503440857, 37.8064041138, 40.9521980286, 15.8298025131, 11.1655158997, 12.196767807, 10.3780708313, 15.2304296494, 16.8308544159, 11.9992456436, 9.65632820129, 3.28919887543, 0.931428253651, 0.301032632589, 0.0642342790961, 0.00594472093508, 0.000200262802537]
    },
    "gfcc": {
        "mean": [41.0355377197, 69.5290985107, -120.790626526, 30.7349357605, -55.3265762329, 20.8704624176, -28.7263565063, 18.1646633148, -25.4949455261, 9.77756500244, -10.6385574341, 3.93557858467, -9.22532272339],
        "cov": [[1522.04418945, -580.905517578, -74.0995864868, 62.1825332642, 14.6219768524, -51.346157074, -41.1413383484, -13.2009057999, -22.3474254608, 52.7199745178, -42.7528076172, -16.5777988434, -51.1877212524], [-580.905517578, 774.474365234, -12.7779350281, -66.1876602173, 41.282623291, -66.1924362183, 33.3305702209, 21.0259037018, 37.343421936, -48.0610046387, 84.9570541382, -6.63344240189, 45.8649940491], [-74.0995864868, -12.7779350281, 456.95880127, 85.8670730591, 4.0543680191, 55.8221931458, -51.9786987305, 45.6398010254, 35.9646186829, -14.1232156754, -27.370672226, 25.3150806427, 7.5672044754], [62.1825332642, -66.1876602173, 85.8670730591, 246.088256836, 74.9479904175, 65.1193847656, 34.6732788086, 25.2852249146, 49.7514533997, 16.6007957458, -20.1620311737, 16.6161079407, -12.9020605087], [14.6219768524, 41.282623291, 4.0543680191, 74.9479904175, 209.874771118, 109.835266113, 104.964187622, 52.2692604065, 16.6136646271, 34.9602088928, -0.0850636512041, 0.358668148518, 15.1790246964], [-51.346157074, -66.1924362183, 55.8221931458, 65.1193847656, 109.835266113, 218.930511475, 129.937469482, 35.9780883789, -6.58407306671, 32.8350830078, -4.11796617508, -12.7067899704, 3.31199264526], [-41.1413383484, 33.3305702209, -51.9786987305, 34.6732788086, 104.964187622, 129.937469482, 196.816055298, 45.4792251587, 7.2241692543, 41.5973625183, 27.5951805115, -7.63377189636, 0.547349214554], [-13.2009057999, 21.0259037018, 45.6398010254, 25.2852249146, 52.2692604065, 35.9780883789, 45.4792251587, 123.019851685, 60.6485137939, 26.566619873, 10.4357385635, 6.64981651306, 12.4836921692], [-22.3474254608, 37.343421936, 35.9646186829, 49.7514533997, 16.6136646271, -6.58407306671, 7.2241692543, 60.6485137939, 118.310333252, 34.9562034607, 5.02939510345, 19.4319438934, -3.9928278923], [52.7199745178, -48.0610046387, -14.1232156754, 16.6007957458, 34.9602088928, 32.8350830078, 41.5973625183, 26.566619873, 34.9562034607, 93.3285140991, 50.8393211365, 6.34718704224, -6.01281547546], [-42.7528076172, 84.9570541382, -27.370672226, -20.1620311737, -0.0850636512041, -4.11796617508, 27.5951805115, 10.4357385635, 5.02939510345, 50.8393211365, 127.452293396, 21.3921470642, 13.192152977], [-16.5777988434, -6.63344240189, 25.3150806427, 16.6161079407, 0.358668148518, -12.7067899704, -7.63377189636, 6.64981651306, 19.4319438934, 6.34718704224, 21.3921470642, 76.962852478, 28.4090919495], [-51.1877212524, 45.8649940491, 7.5672044754, -12.9020605087, 15.1790246964, 3.31199264526, 0.547349214554, 12.4836921692, -3.9928278923, -6.01281547546, 13.192152977, 28.4090919495, 70.7702178955]],
        "icov": [[0.00106497912202, 0.00095691945171, 3.546258813e-05, -0.0001338001166, -0.000685924314894, 0.00103065243457, -0.000155417685164, -2.03207218874e-05, 3.78192307835e-05, 2.71943063126e-05, -0.000337268458679, 0.000543096160982, 7.49177343096e-05], [0.00095691945171, 0.00308572757058, -0.000331682676915, 0.000563022505958, -0.00187971058767, 0.00213794480078, -0.00123332347721, 0.000786290911492, -0.00212931563146, 0.00335866282694, -0.00294304010458, 0.00212927907705, -0.00113653100561], [3.546258813e-05, -0.000331682676915, 0.00310240313411, -0.00086182646919, 0.00056190934265, -0.00216356199235, 0.00235806591809, -0.00148002558853, 5.90426498093e-05, 0.000238470893237, 0.000356172939064, -0.00112942664418, 0.000385909632314], [-0.0001338001166, 0.000563022505958, -0.00086182646919, 0.00594897195697, -0.00205899518915, -0.000811047852039, -0.000273985730018, 0.00134002685081, -0.00303933490068, 0.00133503926918, -0.000117001538456, -0.00105628650635, 0.0013481421629], [-0.000685924314894, -0.00187971058767, 0.00056190934265, -0.00205899518915, 0.00940964836627, -0.00307494984008, -0.00152205838822, -0.00232822122052, 0.00201222603209, -0.00360801583156, 0.00293141743168, -0.00102559814695, -0.00149296969175], [0.00103065243457, 0.00213794480078, -0.00216356199235, -0.000811047852039, -0.00307494984008, 0.0121342912316, -0.00683186762035, 0.000412209541537, 0.00153710728046, -0.00078625761671, 0.000106973682705, 0.00284507824108, -0.00162695685867], [-0.000155417685164, -0.00123332347721, 0.00235806591809, -0.000273985730018, -0.00152205838822, -0.00683186762035, 0.0122407423332, -0.00272068358026, 0.000986672006547, -0.0015546415234, -0.000846801733132, -0.0011343639344, 0.00195302278735], [-2.03207218874e-05, 0.000786290911492, -0.00148002558853, 0.00134002685081, -0.00232822122052, 0.000412209541537, -0.00272068358026, 0.0140421204269, -0.00783664174378, 0.00126630009618, -0.00144396210089, 0.00226648966782, -0.00307282316498], [3.78192307835e-05, -0.00212931563146, 5.90426498093e-05, -0.00303933490068, 0.00201222603209, 0.00153710728046, 0.000986672006547, -0.00783664174378, 0.0173445157707, -0.00860389508307, 0.00465325172991, -0.00456396769732, 0.00293038412929], [2.71943063126e-05, 0.00335866282694, 0.000238470893237, 0.00133503926918, -0.00360801583156, -0.00078625761671, -0.0015546415234, 0.00126630009618, -0.00860389508307, 0.0235087107867, -0.0113474540412, 0.00245986972004, 0.00129990535788], [-0.000337268458679, -0.00294304010458, 0.000356172939064, -0.000117001538456, 0.00293141743168, 0.000106973682705, -0.000846801733132, -0.00144396210089, 0.00465325172991, -0.0113474540412, 0.0152336908504, -0.0046889395453, -0.000427501043305], [0.000543096160982, 0.00212927907705, -0.00112942664418, -0.00105628650635, -0.00102559814695, 0.00284507824108, -0.0011343639344, 0.00226648966782, -0.00456396769732, 0.00245986972004, -0.0046889395453, 0.0193828120828, -0.00831837300211], [7.49177343096e-05, -0.00113653100561, 0.000385909632314, 0.0013481421629, -0.00149296969175, -0.00162695685867, 0.00195302278735, -0.00307282316498, 0.00293038412929, 0.00129990535788, -0.000427501043305, -0.00831837300211, 0.0197434835136]]
    },
    "melbands": {
        "max": [0.0187508054078, 0.0158053543419, 0.00708694942296, 0.0125672807917, 0.0101907458156, 0.0106917098165, 0.0101726865396, 0.00282443664037, 0.00477656768635, 0.00717407371849, 0.00591079844162, 0.00604021083564, 0.00576066691428, 0.00419590063393, 0.00171417405363, 0.00077572837472, 0.00169836042915, 0.00296461442485, 0.00103189935908, 0.00194123934489, 0.00107119011227, 0.000691268884111, 0.000492877385113, 0.000279663887341, 0.000383306323783, 0.000239527478698, 0.000377415301045, 0.00026231262018, 0.000161357311299, 0.000106385115942, 0.000171175968717, 0.000181005263585, 0.00014275808644, 0.000112874025945, 0.000261420384049, 0.000297452090308, 0.000356503413059, 0.000155235800776, 0.000463293050416, 0.000152576438268],
        "mean": [0.00223713484593, 0.00149798893835, 0.000395309616579, 0.000304608052829, 0.000466152443551, 0.000363569619367, 0.000354623043677, 0.000199579735636, 0.00023226441408, 0.000183084412129, 0.000191473955056, 0.00020101715927, 0.000230729812756, 0.000209907666431, 8.38858177303e-05, 5.3238523833e-05, 7.90617632447e-05, 0.00010037766333, 3.90651075577e-05, 4.29438405263e-05, 3.94854105252e-05, 2.66849947366e-05, 2.53850957961e-05, 2.28885437537e-05, 1.98165362235e-05, 2.58135005424e-05, 2.34789295064e-05, 2.21432037506e-05, 1.04651280708e-05, 6.08871687291e-06, 5.2501495702e-06, 4.60380533696e-06, 3.89170418202e-06, 3.3059643556e-06, 3.00122837871e-06, 2.79900177702e-06, 2.4261987619e-06, 1.94761173589e-06, 2.12950271816e-06, 1.64550124282e-06],
        "min": [2.79151890936e-07, 5.33032391559e-07, 2.11936594496e-06, 4.88880050398e-06, 3.19848049912e-06, 1.09943835014e-06, 2.84002993567e-07, 1.61230090612e-07, 3.60425843837e-07, 1.67885866631e-06, 1.58625755375e-06, 1.05739866285e-06, 7.640069839e-07, 5.38483618584e-07, 3.35186825851e-07, 5.33805007308e-07, 1.11030338701e-07, 8.05620175015e-08, 1.46449494309e-07, 1.25401697915e-07, 2.90437043304e-08, 1.6033638417e-08, 5.21502805384e-08, 2.49895322213e-08, 2.01187440041e-08, 4.52504380632e-08, 7.58604485895e-08, 8.62544382585e-08, 4.99621037875e-08, 2.48887559451e-08, 4.79924011643e-08, 3.22247046824e-08, 1.680881212e-08, 3.57388856287e-08, 3.28615357148e-08, 1.74153633736e-08, 1.55796300305e-08, 1.56892276948e-08, 1.18736949162e-08, 5.70239144793e-09],
        "stdev": [0.00311766727827, 0.00197735684924, 0.000545343966223, 0.000553310557734, 0.00104196241591, 0.00080164760584, 0.000718101218808, 0.000274132238701, 0.000410004577134, 0.000388537708204, 0.000364505744074, 0.000412772875279, 0.000518573273439, 0.000394838687498, 0.000155179877765, 7.13075642125e-05, 0.000149301267811, 0.000238579857978, 6.76526251482e-05, 0.000112946370791, 8.29318159958e-05, 5.04815034219e-05, 3.70293892047e-05, 2.6943620469e-05, 2.36937321461e-05, 2.8869471862e-05, 2.94288565783e-05, 2.911356205e-05, 1.1583457308e-05, 6.60824343868e-06, 6.87626516083e-06, 6.99935753801e-06, 6.81257370161e-06, 5.62759578315e-06, 8.5934461822e-06, 1.04768441815e-05, 1.01526920844e-05, 6.03640410191e-06, 1.3772893908e-05, 6.79921504343e-06]
    },
    "melbands128": {
        "max": [0.00714189326391, 0.0227200686932, 0.0304092280567, 0.0341272689402, 0.0170287527144, 0.0204716231674, 0.0118082696572, 0.00392483919859, 0.0055794515647, 0.0153404101729, 0.0179200675339, 0.0175213851035, 0.0177672300488, 0.0139217311516, 0.0139212859794, 0.0218318812549, 0.0244458690286, 0.0152915753424, 0.0102257467806, 0.00394631596282, 0.00259751826525, 0.00517008453608, 0.00880812201649, 0.0113404188305, 0.0135878389701, 0.0135876899585, 0.0109358215705, 0.0077343499288, 0.00885383412242, 0.012353184633, 0.00684737320989, 0.00535234063864, 0.00992097519338, 0.0137873832136, 0.00665789935738, 0.00583497108892, 0.00574692152441, 0.003511877032, 0.00190362043213, 0.00218028970994, 0.000954695511609, 0.0019810248632, 0.00371871027164, 0.00219641020522, 0.00819510035217, 0.00537265697494, 0.00356304366142, 0.00227427924983, 0.000842090928927, 0.00195688800886, 0.00424507725984, 0.0019791808445, 0.00227866717614, 0.00183211104013, 0.00237066508271, 0.0015566003276, 0.00139332388062, 0.00100894505158, 0.000474353466416, 0.000643582490738, 0.000499279296491, 0.000527422816958, 0.000647271517664, 0.000399661221309, 0.000399243814172, 0.000372082984541, 0.00049219786888, 0.000710396794602, 0.000449411309091, 0.000719383300748, 0.000533281709068, 0.000370548019418, 0.00031746760942, 0.000146951191709, 9.57383163041e-05, 9.11712268135e-05, 8.6179257778e-05, 0.000235045037698, 0.000137094932143, 0.00018648779951, 0.000170634273672, 0.000157660746481, 0.000252294645179, 0.000205059666769, 0.000126053331769, 7.79210968176e-05, 0.000121307806694, 0.00022115491447, 0.000297123304335, 0.000319033802953, 0.000269092939561, 0.000314268167131, 0.000446610414656, 0.000490467762575, 0.000222046335693, 0.000147372425999, 0.000130272412207, 0.000249960721703, 0.000747124839108, 0.000424172088969, 0.000182122224942, 0.000127777151647, 0.0001773180702, 0.000153172324644, 7.12519904482e-05, 6.25914908596e-05, 2.692849921e-05, 5.75074082008e-05, 4.06888102589e-05, 2.83924382529e-05, 2.82500077446e-05, 2.1134635972e-05, 2.43805134232e-05, 2.48723463301e-05, 3.25035616697e-05, 1.57545109687e-05, 7.14896805221e-06, 6.96662254995e-06, 3.52078654942e-06, 4.194646408e-06, 3.14239468935e-06, 3.18606817018e-06, 2.16478133552e-06, 1.5040477308e-07, 1.35150282077e-08, 1.34061135526e-08, 1.33189299589e-08, 1.32577469003e-08],
        "mean": [0.000304718996631, 0.00187363720033, 0.00320173916407, 0.00268850242719, 0.00138224416878, 0.000666430685669, 0.000461612537038, 0.000320526160067, 0.00027771803434, 0.000282289140159, 0.000305039051455, 0.00047801801702, 0.000578603649046, 0.000365426880307, 0.000332470342983, 0.000394468021113, 0.000348300935002, 0.000426611048169, 0.000249412929406, 0.000172750616912, 0.000173077758518, 0.000258659740211, 0.000277503801044, 0.000155686197104, 0.000162661701324, 0.000190248072613, 0.000230220670346, 0.000154568333528, 0.000196861394215, 0.000247637392022, 0.000190475984709, 0.000133655514219, 0.000281479384284, 0.000254838931141, 0.000209473408177, 0.000236793828662, 0.000137192910188, 6.32044684608e-05, 6.61199810565e-05, 5.51563498448e-05, 3.51186972694e-05, 7.00337259332e-05, 9.4204027846e-05, 4.97111832374e-05, 0.000133881025249, 0.00011755705782, 5.78861618123e-05, 3.7070367398e-05, 2.66322731477e-05, 4.3315190851e-05, 4.78189904243e-05, 3.92192159779e-05, 4.55755034636e-05, 4.03182821174e-05, 2.45822066063e-05, 2.49692329817e-05, 2.6659514333e-05, 3.13057171297e-05, 2.20047440962e-05, 1.9844090275e-05, 2.35348798014e-05, 2.57548381342e-05, 1.92920651898e-05, 1.62317373906e-05, 2.35842526308e-05, 2.54774768109e-05, 3.01032068819e-05, 2.2076874302e-05, 1.86209399544e-05, 3.04290570057e-05, 2.62816483882e-05, 1.66321715369e-05, 1.00223041954e-05, 1.17458348541e-05, 7.49102946429e-06, 6.15452154307e-06, 5.36939887752e-06, 5.04238232679e-06, 5.25052973899e-06, 5.68392215428e-06, 4.58380509372e-06, 4.10079883295e-06, 4.40855092165e-06, 3.9321598706e-06, 3.55636166205e-06, 3.16492196362e-06, 3.58520355803e-06, 2.8164242849e-06, 2.83259146272e-06, 3.30764032697e-06, 2.88041451313e-06, 2.61404238699e-06, 2.68178769147e-06, 2.60408614849e-06, 2.21692448577e-06, 1.75361810761e-06, 1.89143236184e-06, 2.13825205719e-06, 2.44545117312e-06, 1.89936326933e-06, 1.70459293258e-06, 1.62216156241e-06, 1.56352211889e-06, 1.35641721499e-06, 9.96725589175e-07, 8.79835454271e-07, 7.10237884505e-07, 6.90800050052e-07, 6.77940931837e-07, 6.0942932123e-07, 4.52863048395e-07, 3.65191368701e-07, 3.02124959717e-07, 2.39467794927e-07, 1.95543748305e-07, 1.42638697298e-07, 8.06677746823e-08, 5.93162106099e-08, 4.78042885277e-08, 4.23783603765e-08, 3.23901261368e-08, 2.65317492421e-08, 1.51097498957e-08, 5.61535151711e-10, 1.05481266083e-11, 1.03984043598e-11, 1.02968553822e-11, 1.02400657398e-11],
        "min": [3.71750630279e-09, 6.40765591697e-08, 2.4254256914e-07, 5.08622974849e-07, 4.73912251664e-07, 3.29612277028e-07, 1.44111936606e-07, 2.19848146799e-07, 9.58243845162e-07, 1.15852185445e-06, 1.16682599582e-06, 3.49071768824e-07, 4.20994808792e-07, 5.31485511601e-07, 5.68256893985e-07, 5.39726670468e-07, 3.43590869534e-07, 1.58534547268e-07, 1.74015895027e-07, 2.36500966366e-07, 8.35520808096e-08, 7.34242675549e-08, 5.08067330429e-08, 2.99003488635e-07, 5.79877394102e-07, 6.90258957547e-07, 9.25518804706e-07, 4.76706929931e-07, 5.76919944706e-07, 7.63525406455e-07, 2.22050573484e-07, 4.52676459872e-07, 3.78889609465e-07, 3.7904564465e-07, 3.91568818259e-07, 5.58668205031e-07, 1.69016971086e-07, 2.06040567718e-07, 2.40360606085e-07, 2.73700720754e-07, 1.7873402669e-07, 2.39056305418e-07, 1.19892192174e-07, 4.35387654818e-08, 3.64232413119e-08, 1.2010194439e-07, 8.18282472892e-08, 1.0972897968e-07, 1.38794746363e-07, 1.43789009144e-07, 1.13939790936e-07, 3.74484905308e-08, 3.18748973882e-08, 1.7686588194e-08, 3.49645432607e-08, 1.06136264222e-08, 5.52774448437e-09, 3.59762921676e-08, 9.85712702573e-08, 2.89677029031e-08, 1.22251773149e-08, 2.4855999925e-08, 2.55330956378e-08, 1.2342066924e-08, 2.2824048429e-08, 2.93585511457e-08, 5.64827900007e-08, 1.1916321796e-07, 5.81416514933e-08, 3.00805602649e-08, 9.16622653335e-08, 3.75658721907e-08, 7.28389224491e-08, 3.8200781205e-08, 3.18716679715e-08, 4.10278175877e-08, 9.30900601048e-09, 5.1303112869e-09, 3.22020561327e-08, 2.54123264654e-08, 2.72496460951e-08, 2.44271785022e-08, 7.76868525065e-09, 9.38510069659e-09, 2.73412830154e-08, 2.91738668778e-08, 2.74441873671e-08, 1.92336244709e-08, 2.08139265823e-08, 1.50924641673e-08, 1.57890607255e-08, 1.15154019653e-08, 1.15754668073e-08, 1.17639027408e-08, 1.13164180249e-08, 1.12413642839e-08, 9.80686998275e-09, 9.22856635555e-09, 9.2952383568e-09, 1.3445959901e-09, 5.33155253279e-09, 4.51240200761e-09, 1.73337233456e-09, 3.28089710955e-09, 1.99091032549e-09, 7.6419159889e-10, 4.53789406052e-09, 2.06528638635e-09, 2.19664597623e-09, 1.71870739862e-09, 6.91714518997e-10, 8.30004898145e-10, 1.32967425959e-09, 8.76171246667e-10, 3.62248231411e-10, 3.50252549186e-10, 8.56138163835e-12, 4.44334971378e-13, 1.08389913798e-13, 8.01447260336e-14, 4.6683990495e-14, 6.56528867729e-14, 4.77682976995e-14, 5.56956722766e-14, 3.3666388362e-14, 1.26604701725e-14, 1.77870481473e-15, 4.8297156908e-17],
        "stdev": [0.000720562587958, 0.00333251943812, 0.00488790078089, 0.00396810565144, 0.00217227451503, 0.00136643496808, 0.000836925581098, 0.000430599960964, 0.000498100300319, 0.000630343100056, 0.000788218982052, 0.00121274706908, 0.00165120942984, 0.000972771493252, 0.000901296210941, 0.00135150726419, 0.00101741263643, 0.000999230775051, 0.000555831938982, 0.000345068052411, 0.000274981575785, 0.000436991453171, 0.000669436878525, 0.000509330886416, 0.000514400657266, 0.000579574087169, 0.000529097218532, 0.000423036137363, 0.000593111268245, 0.000668003805913, 0.000509874953423, 0.000331180111971, 0.000800431764219, 0.000809782301076, 0.000512346916366, 0.000606143148616, 0.000440740841441, 0.000181244380656, 0.00012201055506, 0.000114420676255, 7.28236991563e-05, 0.000135412832606, 0.00027483064332, 0.000132698027301, 0.000457833084511, 0.000328485795762, 0.000137475872179, 0.000108751148218, 5.60264415981e-05, 0.000134725007229, 0.000202486757189, 0.000129897671286, 0.000118209944048, 0.000129019012093, 8.93093383638e-05, 6.92624380463e-05, 7.21428441466e-05, 6.71267844154e-05, 3.50487971446e-05, 3.62117025361e-05, 3.74423325411e-05, 3.83639526262e-05, 3.43117717421e-05, 2.60771921603e-05, 3.62101200153e-05, 3.78559416276e-05, 5.06385658809e-05, 4.02533987653e-05, 3.6620436731e-05, 5.78299077461e-05, 4.60723531432e-05, 3.1264989957e-05, 1.59018454724e-05, 1.6690180928e-05, 9.55127870839e-06, 8.02144313639e-06, 6.74773809806e-06, 8.95591438166e-06, 7.07627395968e-06, 8.90675892151e-06, 7.17481452739e-06, 7.37642403692e-06, 8.43315774546e-06, 7.74026830186e-06, 6.64609706291e-06, 5.48422849533e-06, 6.43885869067e-06, 6.62588809064e-06, 8.60019554239e-06, 1.29656737045e-05, 9.61423938861e-06, 1.05941016955e-05, 1.26415770865e-05, 1.35094642246e-05, 6.78144670019e-06, 4.95443828186e-06, 5.28514601683e-06, 9.07412868401e-06, 2.13763833017e-05, 1.15487546282e-05, 7.47828880776e-06, 6.36442428004e-06, 7.02467741576e-06, 6.10921961197e-06, 3.46869205714e-06, 2.83960866909e-06, 1.81945347322e-06, 2.18044397116e-06, 1.73093542344e-06, 1.44182081385e-06, 1.29370130253e-06, 1.04933644707e-06, 1.00546071735e-06, 9.82761775958e-07, 1.02921273992e-06, 7.07138724465e-07, 3.49472941252e-07, 2.96528241961e-07, 1.98841988208e-07, 1.91441472452e-07, 1.53058635988e-07, 1.50410187416e-07, 9.73045288788e-08, 5.95694338301e-09, 2.94910595944e-10, 2.92534108048e-10, 2.90631935185e-10, 2.89296725464e-10]
    },
    "mfcc": {
        "mean": [-601.578308105, 102.787078857, -5.17087221146, 18.0254116058, -0.281991243362, 4.32928562164, 10.5964384079, 6.43040132523, 0.278463184834, 7.61255979538, 1.09577953815, 1.24368429184, 3.9208407402],
        "cov": [[1585.12414551, -564.126342773, -183.313262939, 58.42395401, -41.8069648743, -21.2527809143, -43.5139350891, -78.034576416, -10.8236722946, 3.01523208618, -36.0228614807, 8.18608093262, 72.847114563], [-564.126342773, 718.276306152, -25.9255180359, -32.6501731873, 7.97539329529, -90.8309631348, 19.3621311188, 23.2216053009, -43.3276863098, 22.996547699, -8.58100891113, -14.1034650803, -31.6997699738], [-183.313262939, -25.9255180359, 396.356872559, 29.0902767181, 78.8493728638, -0.509410202503, -53.4830055237, 20.060174942, 13.8084640503, -21.8856220245, 6.44449567795, 11.2501993179, -36.8188095093], [58.42395401, -32.6501731873, 29.0902767181, 174.688827515, 54.0355987549, 25.9448242188, -25.4268131256, 28.1217327118, 32.7823753357, -11.9943561554, 15.2023906708, 39.3469734192, 28.4231815338], [-41.8069648743, 7.97539329529, 78.8493728638, 54.0355987549, 147.988800049, 21.0476589203, 9.5392036438, 29.6267166138, 53.2885360718, 6.30348873138, 0.52681851387, 13.3860473633, 15.9864473343], [-21.2527809143, -90.8309631348, -0.509410202503, 25.9448242188, 21.0476589203, 194.744369507, 102.055793762, 45.4780693054, 53.390247345, 18.9004573822, 31.3536987305, -4.04334020615, 14.35039711], [-43.5139350891, 19.3621311188, -53.4830055237, -25.4268131256, 9.5392036438, 102.055793762, 216.311859131, 37.8342094421, 18.3198490143, 66.4169311523, 18.6720867157, -16.4595050812, 24.1680450439], [-78.034576416, 23.2216053009, 20.060174942, 28.1217327118, 29.6267166138, 45.4780693054, 37.8342094421, 102.473304749, 65.6068191528, 13.3875350952, 24.3470497131, 1.644562006, 3.97446608543], [-10.8236722946, -43.3276863098, 13.8084640503, 32.7823753357, 53.2885360718, 53.390247345, 18.3198490143, 65.6068191528, 134.297286987, 27.1674480438, 25.5285930634, -3.92712759972, 6.01364326477], [3.01523208618, 22.996547699, -21.8856220245, -11.9943561554, 6.30348873138, 18.9004573822, 66.4169311523, 13.3875350952, 27.1674480438, 108.450080872, 36.822719574, 8.047996521, 21.5257282257], [-36.0228614807, -8.58100891113, 6.44449567795, 15.2023906708, 0.52681851387, 31.3536987305, 18.6720867157, 24.3470497131, 25.5285930634, 36.822719574, 88.2303848267, 35.1671409607, 17.6534824371], [8.18608093262, -14.1034650803, 11.2501993179, 39.3469734192, 13.3860473633, -4.04334020615, -16.4595050812, 1.644562006, -3.92712759972, 8.047996521, 35.1671409607, 103.136657715, 54.3160400391], [72.847114563, -31.6997699738, -36.8188095093, 28.4231815338, 15.9864473343, 14.35039711, 24.1680450439, 3.97446608543, 6.01364326477, 21.5257282257, 17.6534824371, 54.3160400391, 103.003692627]],
        "icov": [[0.0010841502808, 0.0009107850492, 0.000507054443005, -0.000479367241496, 1.63475542649e-05, 0.000458919763332, 0.000107668340206, 0.000279720989056, 0.000149012339534, -0.000477712601423, 0.000429365929449, 0.000314316130243, -0.00042364851106], [0.0009107850492, 0.00246453168802, 0.000665760599077, -0.000279466272332, -0.000550546334125, 0.00140993308742, -0.000253836013144, -0.00101401051506, 0.00116134388372, -0.0008625354385, 0.000312522111926, 0.000215122374357, 0.000362579274224], [0.000507054443005, 0.000665760599077, 0.0035131201148, -1.31261449496e-05, -0.00212972331792, -6.54390896671e-05, 0.000958571908996, -0.000783363415394, 0.00102267006878, -0.000264108879492, -0.000198598965653, -0.000602274842095, 0.00159776536748], [-0.000479367241496, -0.000279466272332, -1.31261449496e-05, 0.00798316765577, -0.00230693654157, -0.0014203597093, 0.001573042362, -0.00164986192249, -0.000176108675078, 0.00104318244848, -0.000355813652277, -0.00209794309922, -0.000744529650547], [1.63475542649e-05, -0.000550546334125, -0.00212972331792, -0.00230693654157, 0.010371459648, 0.000280644744635, -0.00119602447376, 0.000744967488572, -0.00418995134532, 0.0001051280924, 0.00209743599407, -0.000576273712795, -0.0015355189098], [0.000458919763332, 0.00140993308742, -6.54390896671e-05, -0.0014203597093, 0.000280644744635, 0.009347028099, -0.00474543403834, -0.000475708366139, -0.00207204860635, 0.00206160312518, -0.00219198712148, 0.000857914914377, -0.000122670156998], [0.000107668340206, -0.000253836013144, 0.000958571908996, 0.001573042362, -0.00119602447376, -0.00474543403834, 0.00941633153707, -0.00290786474943, 0.00288057257421, -0.00494793150574, 0.00103078375105, 0.0018547110958, -0.00178496236913], [0.000279720989056, -0.00101401051506, -0.000783363415394, -0.00164986192249, 0.000744967488572, -0.000475708366139, -0.00290786474943, 0.0172258391976, -0.007986754179, 0.00233285082504, -0.00227477983572, -1.62778615049e-05, 1.08469694169e-05], [0.000149012339534, 0.00116134388372, 0.00102267006878, -0.000176108675078, -0.00418995134532, -0.00207204860635, 0.00288057257421, -0.007986754179, 0.0148144010454, -0.00373737374321, -0.00120439939201, 0.00235697743483, 0.00011710308172], [-0.000477712601423, -0.0008625354385, -0.000264108879492, 0.00104318244848, 0.0001051280924, 0.00206160312518, -0.00494793150574, 0.00233285082504, -0.00373737374321, 0.0150521919131, -0.00576245924458, 0.000304257555399, -0.00164270948153], [0.000429365929449, 0.000312522111926, -0.000198598965653, -0.000355813652277, 0.00209743599407, -0.00219198712148, 0.00103078375105, -0.00227477983572, -0.00120439939201, -0.00576245924458, 0.0178130175918, -0.00628289720044, 0.00118023529649], [0.000314316130243, 0.000215122374357, -0.000602274842095, -0.00209794309922, -0.000576273712795, 0.000857914914377, 0.0018547110958, -1.62778615049e-05, 0.00235697743483, 0.000304257555399, -0.00628289720044, 0.0177957061678, -0.00876553077251], [-0.00042364851106, 0.000362579274224, 0.00159776536748, -0.000744529650547, -0.0015355189098, -0.000122670156998, -0.00178496236913, 1.08469694169e-05, 0.00011710308172, -0.00164270948153, 0.00118023529649, -0.00876553077251, 0.0163263920695]]
    },
    "spectral_contrast_coeffs": {
        "max": [-0.429965823889, -0.461474061012, -0.527088820934, -0.623611032963, -0.607390642166, -0.689806938171],
        "mean": [-0.744474709034, -0.759207546711, -0.744249105453, -0.782656610012, -0.779985308647, -0.775393903255],
        "min": [-0.90307700634, -0.918400645256, -0.928904473782, -0.903291940689, -0.889730453491, -0.868497252464],
        "stdev": [0.0752736255527, 0.0696201846004, 0.0657896921039, 0.0464418567717, 0.0379725694656, 0.0315960347652]
    },
    "spectral_contrast_valleys": {
        "max": [-5.23013496399, -4.81474590302, -5.15839624405, -5.86244821548, -5.54972791672, -7.03852701187],
        "mean": [-6.60152673721, -6.5234336853, -6.86976480484, -7.19439935684, -7.01891946793, -9.53063583374],
        "min": [-9.64411067963, -8.88406562805, -8.4310874939, -9.05100822449, -9.37765026093, -11.5730018616],
        "stdev": [0.502897620201, 0.517006635666, 0.41381675005, 0.455253720284, 0.551707267761, 0.638074278831]
    }
},
"rhythm": {
    "beats_count": 99,
    "beats_loudness": {
        "max": 0.0786662325263,
        "mean": 0.038037493825,
        "min": 0.00669215479866,
        "stdev": 0.0185846891254
    },
    "bpm": 125.67931366,
    "bpm_histogram_first_peak_bpm": 126,
    "bpm_histogram_first_peak_weight": 0.14814811945,
    "bpm_histogram_second_peak_bpm": 120,
    "bpm_histogram_second_peak_spread": 0.16666662693,
    "bpm_histogram_second_peak_weight": 0.0510204099119,
    "danceability": 1.14625322819,
    "onset_rate": 3.076171875,
    "beats_loudness_band_ratio": {
        "max": [0.933746576309, 0.798361361027, 0.737625837326, 0.681168735027, 0.336773306131, 0.467649757862],
        "mean": [0.403986990452, 0.115960426629, 0.170749470592, 0.161562472582, 0.0917266607285, 0.0790260881186],
        "min": [0.0206589624286, 0.00163553480525, 0.0102104879916, 0.00934222433716, 0.0120638366789, 0.00656867679209],
        "stdev": [0.248915821314, 0.147380068898, 0.141880318522, 0.137839645147, 0.0690893679857, 0.0761448591948]
    },
