{
"metadata": {
    "version": {
        "essentia": "2.1-beta5",
        "essentia_git_sha": "Undefined",
        "extractor": "music 2.0"
    },
    "audio_properties": {
        "analysis": {
            "equal_loudness": 0,
            "length": 48.7502937317,
            "sample_rate": 44100,
            "start_time": 12.7477550507,
            "downmix": "mix"
        },
        "bit_rate": 192000,
        "length": 195.651351929,
        "lossless": 0,
        "number_channels": 2,
        "replay_gain": -15.0310192108,
        "sample_rate": 48000,
        "codec": "mp3",
        "md5_encoded": "ba5bcd5a2635b0e82f90fc74d155c996"
    },
    "tags": {
        "file_name": "Romania_The Balkan Girls_Elena.mp3",
        "encoding": ["Lavf58.29.100"]
    }
},
"lowlevel": {
    "average_loudness": 0.97883015871,
    "barkbands_crest": {
        "max": 24.8703975677,
        "mean": 9.21609020233,
        "min": 1.79043889046,
        "stdev": 4.29910326004
    },
    "barkbands_flatness_db": {
        "max": 0.27321472764,
        "mean": 0.100003875792,
        "min": 0.0227496530861,
        "stdev": 0.0392578095198
    },
    "barkbands_kurtosis": {
        "max": 85.2836685181,
        "mean": 2.53781485558,
        "min": -1.87769448757,
        "stdev": 6.20622348785
    },
    "barkbands_skewness": {
        "max": 8.09753322601,
        "mean": 1.29185676575,
        "min": -4.15905570984,
        "stdev": 1.19513738155
    },
    "barkbands_spread": {
        "max": 117.174430847,
        "mean": 35.015247345,
        "min": 2.79728055,
        "stdev": 16.8862056732
    },
    "dissonance": {
        "max": 0.500000059605,
        "mean": 0.473068267107,
        "min": 0.322458475828,
        "stdev": 0.0202426556498
    },
    "dynamic_complexity": 1.71656513214,
    "erbbands_crest": {
        "max": 25.08335495,
        "mean": 7.92225790024,
        "min": 2.51052045822,
        "stdev": 3.72286581993
    },
    "erbbands_flatness_db": {
        "max": 0.215422347188,
        "mean": 0.125062137842,
        "min": 0.0494094081223,
        "stdev": 0.0300105083734
    },
    "erbbands_kurtosis": {
        "max": 10.5546989441,
        "mean": -0.161143228412,
        "min": -1.77112829685,
        "stdev": 1.22957110405
    },
    "erbbands_skewness": {
        "max": 3.15408277512,
        "mean": 0.104540854692,
        "min": -3.19504499435,
        "stdev": 0.665620744228
    },
    "erbbands_spread": {
        "max": 132.515289307,
        "mean": 48.1197662354,
        "min": 14.9271259308,
        "stdev": 18.7167491913
    },
    "hfc": {
        "max": 229.171844482,
        "mean": 32.1948318481,
        "min": 2.0925924778,
        "stdev": 25.747631073
    },
    "loudness_ebu128": {
        "integrated": -8.17492485046,
        "loudness_range": 1.08315181732,
        "momentary": {
            "max": -5.39663124084,
            "mean": -8.27843284607,
            "min": -11.4771900177,
            "stdev": 0.964138388634
        },
        "short_term": {
            "max": -7.32553100586,
            "mean": -8.15498352051,
            "min": -9.37225532532,
            "stdev": 0.395859003067
        }
    },
    "melbands_crest": {
        "max": 35.9685821533,
        "mean": 15.4529056549,
        "min": 2.83114075661,
        "stdev": 7.22084951401
    },
    "melbands_flatness_db": {
        "max": 0.376802355051,
        "mean": 0.153825744987,
        "min": 0.0188146885484,
        "stdev": 0.0595799386501
    },
    "melbands_kurtosis": {
        "max": 248.149993896,
        "mean": 13.3896760941,
        "min": -1.8683360815,
        "stdev": 20.0484676361
    },
    "melbands_skewness": {
        "max": 14.2883043289,
        "mean": 2.73049807549,
        "min": -0.857746601105,
        "stdev": 1.75686466694
    },
    "melbands_spread": {
        "max": 238.751998901,
        "mean": 36.5895690918,
        "min": 1.58800411224,
        "stdev": 26.14985466
    },
    "pitch_salience": {
        "max": 0.87070453167,
        "mean": 0.532496988773,
        "min": 0.148296698928,
        "stdev": 0.127813786268
    },
    "silence_rate_20dB": {
        "max": 1,
        "mean": 1,
        "min": 1,
        "stdev": 0
    },
    "silence_rate_30dB": {
        "max": 1,
        "mean": 1,
        "min": 1,
        "stdev": 0
    },
    "silence_rate_60dB": {
        "max": 1,
        "mean": 0.00523560214788,
        "min": 0,
        "stdev": 0.0721690952778
    },
    "spectral_centroid": {
        "max": 5356.09619141,
        "mean": 1995.08288574,
        "min": 316.416320801,
        "stdev": 734.722045898
    },
    "spectral_complexity": {
        "max": 59,
        "mean": 22.4583530426,
        "min": 1,
        "stdev": 9.72120094299
    },
    "spectral_decrease": {
        "max": -1.49483717071e-10,
        "mean": -6.82428424881e-09,
        "min": -3.14488559638e-08,
        "stdev": 4.5346721933e-09
    },
    "spectral_energy": {
        "max": 0.121717952192,
        "mean": 0.028676616028,
        "min": 0.000753991189413,
        "stdev": 0.0177889280021
    },
    "spectral_energyband_high": {
        "max": 0.0253107380122,
        "mean": 0.00236153183505,
        "min": 4.44611432613e-05,
        "stdev": 0.00271852593869
    },
    "spectral_energyband_low": {
        "max": 0.113271668553,
        "mean": 0.0113422134891,
        "min": 2.72550141744e-06,
        "stdev": 0.0150641137734
    },
    "spectral_energyband_middle_high": {
        "max": 0.027463177219,
        "mean": 0.00577163789421,
        "min": 0.000178264177521,
        "stdev": 0.00480194343254
    },
    "spectral_energyband_middle_low": {
        "max": 0.0791178420186,
        "mean": 0.00985726993531,
        "min": 0.000129747597384,
        "stdev": 0.00963719189167
    },
    "spectral_entropy": {
        "max": 8.95733165741,
        "mean": 7.90735340118,
        "min": 7.00032043457,
        "stdev": 0.30378690362
    },
    "spectral_flux": {
        "max": 0.332628279924,
        "mean": 0.100862756371,
        "min": 0.021920196712,
        "stdev": 0.0477408841252
    },
    "spectral_kurtosis": {
        "max": 7.90758037567,
        "mean": 2.66502714157,
        "min": -1.04444873333,
        "stdev": 1.18327832222
    },
    "spectral_rms": {
        "max": 0.0108972117305,
        "mean": 0.00504790898412,
        "min": 0.0008576719556,
        "stdev": 0.00157979689538
    },
    "spectral_rolloff": {
        "max": 13135.2539062,
        "mean": 2433.02490234,
        "min": 64.599609375,
        "stdev": 2120.93212891
    },
    "spectral_skewness": {
        "max": 2.27170276642,
        "mean": 1.29942190647,
        "min": 0.075300693512,
        "stdev": 0.264559864998
    },
    "spectral_spread": {
        "max": 20524108,
        "mean": 5924227.5,
        "min": 3409807.75,
        "stdev": 1562342
    },
    "spectral_strongpeak": {
        "max": 12.818444252,
        "mean": 0.859067320824,
        "min": 0,
        "stdev": 1.22572398186
    },
    "zerocrossingrate": {
        "max": 0.439453125,
        "mean": 0.0920174270868,
        "min": 0.01123046875,
        "stdev": 0.0471461676061
    },
    "barkbands": {
        "max": [0.0120189087465, 0.0798116624355, 0.047260902822, 0.0230330172926, 0.0747465863824, 0.0596640743315, 0.0389187410474, 0.0337131805718, 0.0343384966254, 0.0196440052241, 0.0133516676724, 0.0130598973483, 0.0117747113109, 0.00970013905317, 0.00950524397194, 0.00519682886079, 0.0105746742338, 0.010040990077, 0.00927589368075, 0.0078408876434, 0.00632129888982, 0.00515764998272, 0.00714979367331, 0.0151538942009, 0.00987478066236, 0.00558222504333, 0.000176364541403],
        "mean": [0.00133757281583, 0.00736742001027, 0.00219538575038, 0.000863893597852, 0.00263116136193, 0.00272446661256, 0.00101933057886, 0.000945372739807, 0.00131990958471, 0.000832412857562, 0.000497448665556, 0.000643989769742, 0.0006329715834, 0.000425525271567, 0.000656028511003, 0.000364650477422, 0.000431921711424, 0.000457130023278, 0.000693410343956, 0.00075795938028, 0.000464129261672, 0.00020318350289, 0.000295151519822, 0.000449457380455, 0.00033531722147, 0.000128700907226, 2.70019222626e-06],
        "min": [9.2407423935e-09, 2.74107151199e-07, 5.19678337696e-07, 4.00568694658e-07, 2.50182301897e-06, 7.7011563917e-06, 6.80966650179e-06, 2.54927113019e-06, 6.44451210974e-06, 5.11326379637e-06, 1.78716061328e-06, 3.74527940039e-06, 4.98412100569e-06, 3.84581881008e-06, 6.88020509187e-06, 5.91543539485e-06, 4.60699811811e-06, 5.72953285882e-06, 1.27017392515e-05, 8.06284788268e-06, 5.28164810021e-06, 1.96620317183e-06, 2.29342822422e-06, 4.24342078986e-06, 3.37134611073e-06, 1.39514281727e-06, 4.40998106088e-11],
        "stdev": [0.00207104324363, 0.0106330784038, 0.004972291179, 0.00209668441676, 0.0038159834221, 0.00501107191667, 0.00206237286329, 0.00208723731339, 0.0029253824614, 0.00160110392608, 0.000995845766738, 0.00126305827871, 0.00112318946049, 0.000788828125224, 0.00107535370626, 0.000504224968608, 0.00085469102487, 0.000845424016006, 0.000756711640861, 0.000905514112674, 0.000662770995405, 0.000364141858881, 0.000564027461223, 0.000841715605929, 0.000723271514289, 0.000243365386268, 6.08266009294e-06]
    },
    "erbbands": {
        "max": [4.36675930023, 19.6333122253, 65.1562271118, 62.0052757263, 100.113639832, 369.428833008, 251.995956421, 757.219116211, 314.798431396, 896.345031738, 959.038452148, 961.07434082, 740.342529297, 663.985839844, 624.347839355, 670.996582031, 652.139221191, 509.513275146, 617.870666504, 461.086334229, 356.617401123, 490.209106445, 356.281982422, 683.571777344, 644.331787109, 464.482330322, 389.167236328, 189.93611145, 133.072265625, 220.008728027, 239.971878052, 402.187896729, 192.113464355, 138.982940674, 99.7080001831, 42.443687439, 6.95730876923, 1.02147233486, 0.0245587341487, 0.000950119982008],
        "mean": [0.299014538527, 1.29066324234, 2.69193673134, 2.91997075081, 4.17587995529, 10.1440391541, 15.0681781769, 25.5704021454, 17.7490234375, 14.8809976578, 20.9630966187, 35.0738372803, 28.5719585419, 20.6198539734, 23.8404502869, 29.4032764435, 30.3179531097, 22.3788585663, 35.7933158875, 24.5852012634, 21.830488205, 22.2200737, 22.6096305847, 35.7226257324, 32.2146568298, 35.0577049255, 31.3611717224, 10.9887523651, 7.13799905777, 7.11794710159, 8.92296123505, 9.87112045288, 6.9377746582, 4.58174514771, 1.91235005856, 0.662081062794, 0.226645633578, 0.0271884016693, 0.000626949768048, 6.33486852166e-05],
        "min": [1.74643064383e-05, 0.000169733073562, 0.00119916419499, 0.00173884781543, 0.00281685893424, 0.00617997860536, 0.0159597564489, 0.118032313883, 0.10683978349, 0.192563071847, 0.159916743636, 0.148008897901, 0.272825419903, 0.226701468229, 0.209375411272, 0.226529225707, 0.250299453735, 0.455244600773, 0.63872307539, 0.282393246889, 0.345661193132, 0.321533352137, 0.221961021423, 0.611138164997, 0.502995550632, 0.348703086376, 0.225724980235, 0.173926383257, 0.09280847013, 0.0464229807258, 0.0724319070578, 0.100330911577, 0.0664420500398, 0.044621117413, 0.0219151545316, 0.0091669857502, 0.00219347490929, 0.000292706507025, 1.15263355838e-05, 2.89906711259e-06],
        "stdev": [0.510304689407, 2.13744592667, 6.50500535965, 6.38618040085, 6.74483299255, 16.084066391, 22.838054657, 51.9392585754, 31.633184433, 31.1606273651, 52.7985610962, 79.7833023071, 58.236289978, 38.3000450134, 47.6719245911, 57.6572647095, 51.4816818237, 37.2085914612, 57.3917770386, 37.4716262817, 32.1640396118, 40.7078323364, 37.6395874023, 49.5253257751, 38.1890411377, 41.6559524536, 42.0096969604, 15.8022527695, 11.6440505981, 14.8615550995, 16.5987854004, 18.270280838, 13.5460824966, 9.61265945435, 4.64814090729, 1.42216157913, 0.410280138254, 0.0529933385551, 0.00117829476949, 5.96521495027e-05]
    },
    "gfcc": {
        "mean": [42.5595207214, 50.6257133484, -109.924339294, 33.728553772, -62.9004631042, 16.9986782074, -42.10496521, 19.0166606903, -33.0864257812, 12.0471191406, -11.6489925385, 1.25232124329, -8.06214618683],
        "cov": [[1423.19445801, -195.486465454, 33.1008872986, 132.027053833, 78.1550064087, 132.022613525, 87.2188262939, 112.502632141, 19.1757411957, 41.259552002, 19.9909057617, -22.7670326233, -35.218296051], [-195.486465454, 843.481567383, 174.112960815, 107.544891357, 155.498504639, -13.4967069626, 98.0881195068, 24.3298835754, 34.3247337341, -13.3352527618, 78.1784591675, -38.3585395813, 52.3134040833], [33.1008872986, 174.112960815, 683.713562012, 232.774871826, 83.9842834473, 113.899978638, 34.5430488586, 72.3626785278, 72.5937805176, 25.8800888062, 31.1450061798, 37.1922798157, 14.4898061752], [132.027053833, 107.544891357, 232.774871826, 312.179229736, 182.86038208, 107.908164978, 115.426483154, 79.4722137451, 80.169708252, 33.7190284729, 27.905544281, 48.6888275146, 19.559053421], [78.1550064087, 155.498504639, 83.9842834473, 182.86038208, 328.753295898, 194.410171509, 139.070770264, 95.6671447754, 36.9309463501, 53.4221954346, 46.903629303, 17.6843776703, 26.6417541504], [132.022613525, -13.4967069626, 113.899978638, 107.908164978, 194.410171509, 296.800445557, 168.160491943, 60.154914856, 32.0222549438, 60.9163017273, 34.2747650146, 0.35396027565, -3.92977261543], [87.2188262939, 98.0881195068, 34.5430488586, 115.426483154, 139.070770264, 168.160491943, 217.575531006, 94.8786315918, 44.5613479614, 52.5873184204, 34.610584259, 13.7933130264, 11.3200292587], [112.502632141, 24.3298835754, 72.3626785278, 79.4722137451, 95.6671447754, 60.154914856, 94.8786315918, 164.350524902, 76.638458252, 32.1920051575, 47.0057220459, 27.1979045868, 34.0974502563], [19.1757411957, 34.3247337341, 72.5937805176, 80.169708252, 36.9309463501, 32.0222549438, 44.5613479614, 76.638458252, 124.394691467, 39.2267837524, 13.325340271, 39.3666305542, 5.35736322403], [41.259552002, -13.3352527618, 25.8800888062, 33.7190284729, 53.4221954346, 60.9163017273, 52.5873184204, 32.1920051575, 39.2267837524, 97.8769073486, 48.3983001709, 11.7546625137, 17.6272964478], [19.9909057617, 78.1784591675, 31.1450061798, 27.905544281, 46.903629303, 34.2747650146, 34.610584259, 47.0057220459, 13.325340271, 48.3983001709, 114.045501709, 22.6493015289, 42.8195228577], [-22.7670326233, -38.3585395813, 37.1922798157, 48.6888275146, 17.6843776703, 0.35396027565, 13.7933130264, 27.1979045868, 39.3666305542, 11.7546625137, 22.6493015289, 102.050117493, 25.084651947], [-35.218296051, 52.3134040833, 14.4898061752, 19.559053421, 26.6417541504, -3.92977261543, 11.3200292587, 34.0974502563, 5.35736322403, 17.6272964478, 42.8195228577, 25.084651947, 94.9387893677]],
        "icov": [[0.000891682633664, 2.27205691772e-05, 0.000289864576189, -0.000878800870851, 0.000609518378042, -0.000677381642163, 0.000626216933597, -0.00127209338825, 0.000853297242429, -0.000499529705849, 0.000100567456684, 0.000236987791141, 0.000574813166168], [2.27205691772e-05, 0.00359320617281, -0.00194809329696, 0.00236048456281, -0.00434236600995, 0.00502966204658, -0.00561930192634, 0.00536128506064, -0.0047302483581, 0.00451479572803, -0.00422192784026, 0.00364495743997, -0.0016194578493], [0.000289864576189, -0.00194809329696, 0.00359052885324, -0.00402704300359, 0.00388071103953, -0.0047170589678, 0.00521149486303, -0.00455526867881, 0.00316552189179, -0.00274535128847, 0.0021827716846, -0.00184299354441, 0.00102657452226], [-0.000878800870851, 0.00236048456281, -0.00402704300359, 0.0109818493947, -0.00794672034681, 0.00653536897153, -0.00820478890091, 0.0073446361348, -0.00761128542945, 0.00499481055886, -0.00301410700195, 0.000899884966202, -0.0018097498687], [0.000609518378042, -0.00434236600995, 0.00388071103953, -0.00794672034681, 0.0137277608737, -0.0110766859725, 0.00898476410657, -0.010769081302, 0.00902267731726, -0.00705652544275, 0.00527818407863, -0.00404593301937, 0.00163885438815], [-0.000677381642163, 0.00502966204658, -0.0047170589678, 0.00653536897153, -0.0110766859725, 0.0170707255602, -0.014658334665, 0.0112619325519, -0.00830266159028, 0.00564491469413, -0.00645231595263, 0.00547156250104, -0.00124634709209], [0.000626216933597, -0.00561930192634, 0.00521149486303, -0.00820478890091, 0.00898476410657, -0.014658334665, 0.0218826662749, -0.0151817454025, 0.0102898748592, -0.00988829508424, 0.00753931887448, -0.00568906078115, 0.00329698156565], [-0.00127209338825, 0.00536128506064, -0.00455526867881, 0.0073446361348, -0.010769081302, 0.0112619325519, -0.0151817454025, 0.0241856705397, -0.0165814496577, 0.0109448134899, -0.0100646093488, 0.00611715298146, -0.00580526189879], [0.000853297242429, -0.0047302483581, 0.00316552189179, -0.00761128542945, 0.00902267731726, -0.00830266159028, 0.0102898748592, -0.0165814496577, 0.023892423138, -0.0130185540766, 0.00911801028997, -0.00860866811126, 0.00509173190221], [-0.000499529705849, 0.00451479572803, -0.00274535128847, 0.00499481055886, -0.00705652544275, 0.00564491469413, -0.00988829508424, 0.0109448134899, -0.0130185540766, 0.0231494084001, -0.0118940947577, 0.00568713527173, -0.00352269900031], [0.000100567456684, -0.00422192784026, 0.0021827716846, -0.00301410700195, 0.00527818407863, -0.00645231595263, 0.00753931887448, -0.0100646093488, 0.00911801028997, -0.0118940947577, 0.0192776806653, -0.0061445729807, -0.00175826996565], [0.000236987791141, 0.00364495743997, -0.00184299354441, 0.000899884966202, -0.00404593301937, 0.00547156250104, -0.00568906078115, 0.00611715298146, -0.00860866811126, 0.00568713527173, -0.0061445729807, 0.0163206532598, -0.00409248564392], [0.000574813166168, -0.0016194578493, 0.00102657452226, -0.0018097498687, 0.00163885438815, -0.00124634709209, 0.00329698156565, -0.00580526189879, 0.00509173190221, -0.00352269900031, -0.00175826996565, -0.00409248564392, 0.0152762914076]]
    },
    "melbands": {
        "max": [0.0292617995292, 0.030327277258, 0.0095844194293, 0.0198166724294, 0.00958548206836, 0.0146621875465, 0.00444629136473, 0.00834617484361, 0.00777418958023, 0.00649424130097, 0.0036944670137, 0.00281812972389, 0.00188611354679, 0.0012291111052, 0.00150916469283, 0.00113739259541, 0.00109886168502, 0.00102382153273, 0.000722821801901, 0.000389975437429, 0.000581328582484, 0.000662172154989, 0.000531685887836, 0.000480529095512, 0.000645064399578, 0.000354037358193, 0.000326270383084, 0.000304050074192, 0.000249233999057, 0.000192877691006, 0.000107373474748, 8.91282834345e-05, 0.000117025570944, 0.000125560749439, 0.00014082728012, 0.000187255718629, 0.00029284550692, 0.00016682514979, 0.000136499584187, 0.000108994208858],
        "mean": [0.00234753335826, 0.00147728191223, 0.000515934778377, 0.00053499371279, 0.00053125229897, 0.000550835393369, 0.000253974081716, 0.000168250524439, 0.000168800892425, 0.000220927846385, 0.000137075592647, 8.26443792903e-05, 6.90499291522e-05, 7.71119230194e-05, 7.00982127455e-05, 6.0511756601e-05, 3.88042644772e-05, 5.66829112358e-05, 4.10318498325e-05, 2.78962743323e-05, 2.55725863099e-05, 2.37904987443e-05, 2.18456825678e-05, 2.02136488952e-05, 3.00239353237e-05, 2.53691723628e-05, 1.95234133571e-05, 2.45582377829e-05, 2.36079467868e-05, 1.06960360426e-05, 4.91789796797e-06, 4.02746718464e-06, 3.7577783587e-06, 3.99069085688e-06, 4.87929355586e-06, 5.84652343605e-06, 6.15058115727e-06, 4.95351059726e-06, 4.33969489677e-06, 3.72923591385e-06],
        "min": [1.47400157857e-07, 4.14224473388e-07, 6.5487631673e-07, 5.13706311267e-07, 4.48580721013e-07, 2.16086573346e-06, 1.48851268023e-06, 1.05985475329e-06, 1.02953902115e-06, 8.82029382865e-07, 1.00989200291e-06, 4.3397602667e-07, 4.6925063657e-07, 6.6648254915e-07, 5.64318838769e-07, 4.41472735702e-07, 3.37165573683e-07, 8.56866108734e-07, 2.96874475225e-07, 3.54477180053e-07, 3.16378788057e-07, 2.73732553069e-07, 1.87498926607e-07, 2.0439806292e-07, 4.31619014307e-07, 3.59358921287e-07, 2.4520429065e-07, 1.78738758905e-07, 1.35753765562e-07, 1.10887157234e-07, 6.26602343345e-08, 4.28145483511e-08, 3.37516077309e-08, 2.15653397362e-08, 3.27736913164e-08, 4.22762198582e-08, 5.14637896742e-08, 4.40989076367e-08, 3.80841598258e-08, 2.75621800938e-08],
        "stdev": [0.00345217506401, 0.00307912263088, 0.000980120617896, 0.000881562998984, 0.000748257676605, 0.00107103819028, 0.000460351671791, 0.000330330745783, 0.000429654726759, 0.000522262707818, 0.000291641423246, 0.000158896844368, 0.000133220397402, 0.000140205942444, 0.000132019631565, 0.000103163634776, 7.71462000557e-05, 9.32370821829e-05, 6.91370732966e-05, 3.99069576815e-05, 4.58292961412e-05, 4.84434713144e-05, 4.57129171991e-05, 3.53746872861e-05, 4.41050215159e-05, 2.91874275717e-05, 2.46112413151e-05, 3.16711812047e-05, 3.21320148942e-05, 1.80882616405e-05, 8.2495089373e-06, 6.96882398188e-06, 7.30812007532e-06, 8.86992165761e-06, 9.45910505834e-06, 1.11108656711e-05, 1.20419208542e-05, 1.02248914118e-05, 9.03094132809e-06, 8.21589219413e-06]
    },
    "melbands128": {
        "max": [0.011996679008, 0.0432331673801, 0.0326853618026, 0.0422584190965, 0.0430392287672, 0.0190994590521, 0.0149977998808, 0.00911169033498, 0.00767276668921, 0.0309467855841, 0.0240799859166, 0.0162986274809, 0.00908543914557, 0.0201641712338, 0.023461041972, 0.0173875056207, 0.00851523689926, 0.00663474481553, 0.0111732641235, 0.0150735964999, 0.00523761659861, 0.00959985889494, 0.014168670401, 0.00533080939204, 0.00829347968102, 0.0110636390746, 0.00543051119894, 0.00741596054286, 0.00426556030288, 0.00416299887002, 0.00527402758598, 0.0026736469008, 0.00229230290279, 0.00371246319264, 0.00240771542303, 0.00217157183215, 0.003975645639, 0.002723404672, 0.00312535930425, 0.00330398860388, 0.00205121096224, 0.00156803533901, 0.00167092459742, 0.00167369411793, 0.00252305436879, 0.00212156609632, 0.00139723636676, 0.00112718378659, 0.0017032600008, 0.00110162305646, 0.000794302963186, 0.00052804365987, 0.00116035051178, 0.00117198249791, 0.00195007177535, 0.00122204620857, 0.00121958658565, 0.00115092785563, 0.000763082993217, 0.000650732661597, 0.000672450580169, 0.00166524841916, 0.00170590425842, 0.000921173836105, 0.000521411828231, 0.000468671991257, 0.000960813893471, 0.000692446541507, 0.000507229939103, 0.000558605999686, 0.0005882877158, 0.000741229509003, 0.000685181817971, 0.000465758115752, 0.000686671468429, 0.000397392897867, 0.000154425724759, 0.000186489676707, 0.000119198513858, 0.000218367291382, 0.000173271255335, 8.16607498564e-05, 8.44993555802e-05, 0.000109451480967, 0.000219651672523, 0.00013497886539, 0.000187091194675, 0.000194473293959, 0.000135812544613, 0.000200500609935, 0.000288494193228, 0.000264548754785, 0.00021008803742, 0.000311259937007, 0.000381338148145, 0.000202293478651, 0.000241527624894, 0.000146986451, 0.000177093417733, 0.000192750812857, 0.000209663790883, 0.000139280295116, 0.000109949243779, 0.000129478852614, 0.000147984188516, 0.000110994631541, 8.58806815813e-05, 0.000115592054499, 8.78585778992e-05, 3.74850787921e-05, 2.23134811677e-05, 2.03962517844e-05, 2.57466999756e-05, 2.91205087706e-05, 1.33367138915e-05, 1.6224801584e-05, 5.69976646148e-06, 1.13483267228e-07, 3.18485092521e-07, 2.66409671212e-07, 1.56410592922e-07, 2.00040929599e-07, 1.46007138824e-07, 2.04514591928e-08, 1.77463377327e-08, 1.59418185319e-08, 1.55815147451e-08, 1.58069681788e-08],
        "mean": [0.00122965103947, 0.00281453225762, 0.00249592168257, 0.00207427097484, 0.00156890077051, 0.000975508533884, 0.000615888973698, 0.000363848317647, 0.00033207287197, 0.000658212520648, 0.000556149985641, 0.000528235395905, 0.000468797108624, 0.000582196342293, 0.000716855982319, 0.000437177252024, 0.00030633728602, 0.000244225520873, 0.000157427333761, 0.000150569350808, 0.000182485120604, 0.000177076435648, 0.000174950517248, 0.000132011642563, 0.000263348541921, 0.000260732369497, 0.000116290670121, 0.000164762415807, 0.00010015485168, 9.40502723097e-05, 8.10218043625e-05, 4.75804008602e-05, 5.27566953679e-05, 0.000114702008432, 5.39617794857e-05, 7.4337614933e-05, 9.96421149466e-05, 4.87809920742e-05, 7.69913385739e-05, 7.02455727151e-05, 6.3602841692e-05, 3.19548453263e-05, 3.48598114215e-05, 4.46378835477e-05, 4.24580757681e-05, 6.58019416733e-05, 6.89726002747e-05, 3.62246028089e-05, 3.26295521518e-05, 3.08986091113e-05, 2.86144750135e-05, 2.2747548428e-05, 2.36214946199e-05, 2.70644268312e-05, 3.10353716486e-05, 2.23095375986e-05, 1.6641084585e-05, 2.59913140326e-05, 2.22686558118e-05, 1.88212525245e-05, 1.38728046295e-05, 2.44700095209e-05, 3.77241412934e-05, 2.93390166917e-05, 2.34276940319e-05, 2.51918663707e-05, 2.93951361527e-05, 1.60907093232e-05, 1.74080432771e-05, 2.30497389566e-05, 2.07087214221e-05, 2.90642055916e-05, 2.98851646221e-05, 2.21797108679e-05, 1.70136554516e-05, 1.22884239318e-05, 7.33826209398e-06, 5.34470291313e-06, 4.3869563342e-06, 4.91035007144e-06, 4.00179169446e-06, 3.78251274924e-06, 3.64527386409e-06, 3.77757123715e-06, 3.88404350815e-06, 3.69394501831e-06, 4.13380894315e-06, 4.29423516835e-06, 4.96442817166e-06, 5.04588706463e-06, 5.90165063841e-06, 5.81956783208e-06, 6.29616488368e-06, 6.35197102383e-06, 6.15341514276e-06, 5.20960747963e-06, 4.69495444122e-06, 4.47568982054e-06, 4.41276915808e-06, 4.20803462475e-06, 4.11119526689e-06, 3.79015136787e-06, 3.13417490361e-06, 2.64718300969e-06, 2.16364583139e-06, 1.62800961334e-06, 1.32596858293e-06, 1.25179610677e-06, 1.12125781015e-06, 9.52258289999e-07, 8.94221557246e-07, 8.34306831621e-07, 7.60606326367e-07, 5.78362573833e-07, 4.59137424969e-07, 3.14148820735e-07, 9.83093642049e-08, 2.15353201938e-09, 3.43494210853e-09, 2.8187501222e-09, 2.20690066222e-09, 1.94134486264e-09, 1.10188058677e-09, 8.31616581154e-11, 5.67341208735e-11, 3.48479994861e-11, 2.30635267828e-11, 2.17258693674e-11],
        "min": [1.70089753393e-09, 6.5802363558e-09, 1.93328961728e-08, 5.79140859713e-08, 2.81816909364e-07, 2.16096310623e-07, 1.25405534845e-08, 1.83313886737e-07, 9.89015873643e-08, 1.51628512413e-07, 1.59903521535e-07, 3.9865037138e-07, 2.22670699657e-08, 5.53934683012e-07, 8.35848027236e-07, 4.00931355671e-07, 3.25640712617e-07, 1.91703563246e-07, 2.81201039343e-07, 2.26985662266e-07, 2.52896654729e-07, 2.00861379085e-07, 1.39499789498e-07, 2.22480309731e-07, 3.46083794511e-07, 4.27758521937e-08, 1.16517497872e-07, 4.43003358441e-07, 2.08945010627e-07, 2.1314239973e-07, 1.53677987669e-07, 1.46245554333e-07, 1.30905192464e-07, 1.71381557834e-07, 1.91934063309e-07, 9.19005387345e-08, 1.15254337629e-07, 1.08368396923e-07, 3.13119130624e-07, 1.90785058862e-07, 2.32906273823e-07, 1.36504880288e-07, 1.43929739238e-07, 8.293591236e-08, 2.38713539602e-07, 1.16920624293e-07, 1.93861964704e-07, 2.03010614541e-07, 1.55628086418e-07, 9.61063477689e-08, 2.00047807652e-07, 1.32030336886e-07, 7.11193806069e-08, 1.06988082393e-07, 1.94746746729e-07, 1.58507830861e-07, 1.16603139588e-07, 1.2838938801e-07, 6.58186323221e-08, 5.34744266645e-08, 8.36436484519e-08, 1.53842492523e-07, 1.00488009025e-07, 3.63386334357e-07, 1.18147788442e-07, 1.7258872731e-07, 2.78578795587e-07, 1.20986968e-07, 9.49436156361e-08, 1.27282177687e-07, 1.0565283759e-07, 1.91149197803e-07, 1.62370525914e-07, 1.06179022907e-07, 1.14651236061e-07, 3.90931553795e-08, 4.39604050939e-08, 5.3403457656e-08, 3.68091015446e-08, 2.74865943339e-08, 1.86900752652e-08, 2.58174015499e-08, 2.10169872616e-08, 3.25069748897e-08, 1.79236181452e-08, 2.1513283599e-08, 1.88179516414e-08, 2.27014389509e-08, 2.0184334204e-08, 3.28246905212e-08, 3.86200760261e-08, 3.81296310081e-08, 1.9700783227e-08, 3.50921602887e-08, 3.05457383831e-08, 2.51665461803e-08, 3.15685717567e-08, 2.41654802835e-08, 2.59269743452e-08, 3.29335350102e-08, 2.49956890741e-08, 2.44722766496e-08, 1.81482260331e-08, 1.63564770617e-08, 2.09803729945e-08, 1.5987547286e-08, 1.20526486569e-08, 1.18224825485e-08, 1.43845682032e-08, 8.76469652411e-09, 5.61325697035e-09, 6.32294971936e-09, 3.53477669357e-09, 2.88667512116e-09, 2.91698820654e-09, 7.81155418128e-10, 1.27780652812e-12, 3.20635987379e-13, 3.77121904126e-14, 2.22545370803e-14, 1.94078846554e-14, 1.93357716584e-14, 1.7547332741e-14, 2.14429236628e-14, 1.85823290755e-14, 6.42573042776e-15, 9.88950035314e-16, 4.32179900142e-17],
        "stdev": [0.00193055381533, 0.00522738136351, 0.00372511311434, 0.00418253056705, 0.00420688604936, 0.00205508293584, 0.00150832952932, 0.000827314797789, 0.000573286437429, 0.00142445927486, 0.000985061749816, 0.000938125594985, 0.000831636833027, 0.00139465706889, 0.00170040340163, 0.00108051684219, 0.000730653002393, 0.000540027394891, 0.000461362651549, 0.000462656171294, 0.000364841835108, 0.000472851534141, 0.000713574467227, 0.000376793264877, 0.000697144016158, 0.00084023270756, 0.0003397410037, 0.000488127378048, 0.000269385578576, 0.000201513073989, 0.000243643517024, 0.000137581155286, 0.000127179504489, 0.000333806907292, 0.000156321824761, 0.000187221550732, 0.000296284764772, 0.000142724107718, 0.00021677762561, 0.000165353892953, 0.000152259934111, 9.38204248087e-05, 0.000100487130112, 0.000127357314341, 0.000110518245492, 0.000156854148372, 0.000152292224811, 9.64144128375e-05, 9.12120594876e-05, 7.64628348406e-05, 5.55485785299e-05, 4.12612098444e-05, 6.15991666564e-05, 7.62006602599e-05, 0.000100910459878, 6.34499374428e-05, 5.4467273003e-05, 8.05069648777e-05, 5.93244731135e-05, 4.73899017379e-05, 3.36337434419e-05, 7.89443365647e-05, 9.26800712477e-05, 5.12781334692e-05, 3.86113169952e-05, 3.70260240743e-05, 5.30521901965e-05, 3.59591576853e-05, 2.85783025902e-05, 3.61793499906e-05, 4.1319646698e-05, 5.89480441704e-05, 5.47289673705e-05, 4.13445595768e-05, 4.18403287767e-05, 2.91366486636e-05, 1.2685094589e-05, 1.09849861474e-05, 7.44076305637e-06, 1.22350384117e-05, 7.90094145486e-06, 6.68924758429e-06, 6.39039717498e-06, 7.74563068262e-06, 1.01480382e-05, 8.91867966857e-06, 9.64532591752e-06, 1.01907062344e-05, 9.87847033684e-06, 1.09974243969e-05, 1.27246030388e-05, 1.33046032715e-05, 1.2355249055e-05, 1.30337184601e-05, 1.50493297042e-05, 1.15256198114e-05, 1.11617137009e-05, 9.93100002233e-06, 1.02096846604e-05, 9.62843023444e-06, 9.95558548311e-06, 8.83703160071e-06, 8.0453537521e-06, 7.01404087522e-06, 6.54012728774e-06, 4.25024472861e-06, 2.89023205369e-06, 3.19576952279e-06, 2.77379331237e-06, 1.88979868199e-06, 1.65644644312e-06, 1.49494303514e-06, 1.42465319186e-06, 1.27850023546e-06, 9.84568146123e-07, 6.63072455609e-07, 2.14163620171e-07, 7.92296983576e-09, 1.42583163054e-08, 1.26241834764e-08, 9.91807702633e-09, 9.50749079465e-09, 6.46573150576e-09, 6.82266743102e-10, 6.02998651011e-10, 5.16840459319e-10, 5.00454122587e-10, 5.07706043873e-10]
    },
    "mfcc": {
        "mean": [-602.826782227, 85.3764648438, 7.29384183884, 18.9003620148, 5.61531925201, -3.6268889904, 9.75304317474, -3.98749566078, -3.78572297096, 8.59264278412, -5.71790838242, 1.46115744114, -1.02823972702],
        "cov": [[1466.6550293, -284.071563721, -123.18927002, 0.232012242079, -2.3495593071, 20.3107147217, 88.0759735107, 50.8446006775, 43.2286567688, 74.1679077148, 16.5975513458, 56.0431175232, 21.6055698395], [-284.071563721, 677.830383301, 78.9980316162, 108.329360962, 69.186706543, -6.67466783524, 72.6514892578, -2.28530406952, -4.28241443634, 44.3029136658, -25.6753616333, 21.98802948, 11.8418140411], [-123.18927002, 78.9980316162, 565.700744629, 121.47441864, 97.1717605591, 46.8909187317, 0.360317319632, 48.0992355347, 15.3546257019, 39.4780731201, 22.0330657959, 26.9213466644, 1.64290809631], [0.232012242079, 108.329360962, 121.47441864, 267.912384033, 102.898895264, 35.8876686096, 24.6230621338, 73.2190628052, 56.6145515442, 9.82744789124, 19.5046653748, 54.6968955994, 24.8857707977], [-2.3495593071, 69.186706543, 97.1717605591, 102.898895264, 230.449203491, 70.1918716431, 93.5896224976, 54.4589271545, 53.8830909729, 44.5077362061, 22.4615783691, 28.8359680176, 34.6006088257], [20.3107147217, -6.67466783524, 46.8909187317, 35.8876686096, 70.1918716431, 266.618133545, 114.008285522, 72.5407867432, 62.575958252, 34.0316352844, 79.441368103, -9.36148071289, 48.1728057861], [88.0759735107, 72.6514892578, 0.360317319632, 24.6230621338, 93.5896224976, 114.008285522, 265.507415771, 53.7978477478, 62.4153938293, 84.9039916992, 24.7730674744, 34.2615280151, 46.2260131836], [50.8446006775, -2.28530406952, 48.0992355347, 73.2190628052, 54.4589271545, 72.5407867432, 53.7978477478, 169.773483276, 75.2844467163, 25.3992767334, 55.1685142517, 31.6697177887, 35.3881797791], [43.2286567688, -4.28241443634, 15.3546257019, 56.6145515442, 53.8830909729, 62.575958252, 62.4153938293, 75.2844467163, 131.183044434, 41.8134689331, 48.3703918457, 24.6018791199, 31.1564083099], [74.1679077148, 44.3029136658, 39.4780731201, 9.82744789124, 44.5077362061, 34.0316352844, 84.9039916992, 25.3992767334, 41.8134689331, 133.747543335, 21.1164932251, 34.3324546814, 12.9776945114], [16.5975513458, -25.6753616333, 22.0330657959, 19.5046653748, 22.4615783691, 79.441368103, 24.7730674744, 55.1685142517, 48.3703918457, 21.1164932251, 116.148887634, 18.3984928131, 36.1826591492], [56.0431175232, 21.98802948, 26.9213466644, 54.6968955994, 28.8359680176, -9.36148071289, 34.2615280151, 31.6697177887, 24.6018791199, 34.3324546814, 18.3984928131, 97.2200012207, 28.563615799], [21.6055698395, 11.8418140411, 1.64290809631, 24.8857707977, 34.6006088257, 48.1728057861, 46.2260131836, 35.3881797791, 31.1564083099, 12.9776945114, 36.1826591492, 28.563615799, 83.519241333]],
        "icov": [[0.000829440949019, 0.00041801360203, 0.000195058149984, -0.00019315071404, 0.00010054694576, 4.55565459561e-05, -0.00023756401788, -0.000150456893607, 9.82211422524e-05, -0.000485128257424, 0.00013848724484, -0.000285660498776, -1.63745789905e-05], [0.00041801360203, 0.00193646387197, 2.76418541034e-06, -0.000921492639463, -3.86002648156e-05, 0.000294731493341, -0.000623992178589, 0.000162781841937, 0.000543033471331, -0.000749924394768, 0.000354734802386, 0.000191199913388, -0.000290912343189], [0.000195058149984, 2.76418541034e-06, 0.00219207978807, -0.000758647802286, -0.000624564359896, -0.000358601333573, 0.00052164751105, -0.00033329744474, 0.00061379064573, -0.000838064297568, -0.000121784760267, -0.000192179068108, 0.00046990098781], [-0.00019315071404, -0.000921492639463, -0.000758647802286, 0.00625700224191, -0.0018418446416, -0.00051147461636, 0.000948911998421, -0.00121889216825, -0.00168748106807, 0.00165228289552, 0.000724203651771, -0.00284548010677, 0.000412671564845], [0.00010054694576, -3.86002648156e-05, -0.000624564359896, -0.0018418446416, 0.00654600281268, -0.000388561136788, -0.00150350679178, -0.000123209523736, -0.00065353163518, -0.000687547493726, 0.000443113822257, 0.000379018834792, -0.00103382731322], [4.55565459561e-05, 0.000294731493341, -0.000358601333573, -0.00051147461636, -0.000388561136788, 0.00666666356847, -0.00243254308589, -0.000762517214753, -0.000196679451619, 4.18263589381e-05, -0.00336689385585, 0.00327043118887, -0.00150193623267], [-0.00023756401788, -0.000623992178589, 0.00052164751105, 0.000948911998421, -0.00150350679178, -0.00243254308589, 0.00685953348875, -0.000410147797083, -0.000953550741542, -0.00257363915443, 0.00180528359488, -0.00127269083168, -0.0013311606599], [-0.000150456893607, 0.000162781841937, -0.00033329744474, -0.00121889216825, -0.000123209523736, -0.000762517214753, -0.000410147797083, 0.00933958776295, -0.00330615323037, 0.000567729177419, -0.00187598692719, -0.000947561289649, -0.000571940618102], [9.82211422524e-05, 0.000543033471331, 0.00061379064573, -0.00168748106807, -0.00065353163518, -0.000196679451619, -0.000953550741542, -0.00330615323037, 0.0127317328006, -0.00245037651621, -0.00237745908089, 0.00052106246585, -0.000815829029307], [-0.000485128257424, -0.000749924394768, -0.000838064297568, 0.00165228289552, -0.000687547493726, 4.18263589381e-05, -0.00257363915443, 0.000567729177419, -0.00245037651621, 0.0113948946819, -0.000959891534876, -0.00307254609652, 0.00181075918954], [0.00013848724484, 0.000354734802386, -0.000121784760267, 0.000724203651771, 0.000443113822257, -0.00336689385585, 0.00180528359488, -0.00187598692719, -0.00237745908089, -0.000959891534876, 0.0136824371293, -0.00177284504753, -0.00303062493913], [-0.000285660498776, 0.000191199913388, -0.000192179068108, -0.00284548010677, 0.000379018834792, 0.00327043118887, -0.00127269083168, -0.000947561289649, 0.00052106246585, -0.00307254609652, -0.00177284504753, 0.0155777875334, -0.00431556114927], [-1.63745789905e-05, -0.000290912343189, 0.00046990098781, 0.000412671564845, -0.00103382731322, -0.00150193623267, -0.0013311606599, -0.000571940618102, -0.000815829029307, 0.00181075918954, -0.00303062493913, -0.00431556114927, 0.0169721096754]]
    },
    "spectral_contrast_coeffs": {
        "max": [-0.30673789978, -0.440824627876, -0.515127003193, -0.609673559666, -0.610901772976, -0.689668774605],
        "mean": [-0.713988780975, -0.744532883167, -0.757931947708, -0.789462089539, -0.77550047636, -0.797541975975],
        "min": [-0.903223097324, -0.913069188595, -0.923130869865, -0.894918084145, -0.872332930565, -0.87173050642],
        "stdev": [0.0985677316785, 0.0762859210372, 0.0661410391331, 0.0500038005412, 0.0443005375564, 0.0313580594957]
    },
    "spectral_contrast_valleys": {
        "max": [-4.82899332047, -4.86364650726, -5.66842460632, -5.74481010437, -5.66431665421, -7.28553104401],
        "mean": [-6.74838066101, -6.67740869522, -7.27453136444, -7.35497808456, -6.99682807922, -9.17263317108],
        "min": [-9.62662696838, -8.33506679535, -8.88236141205, -9.05232429504, -8.66270256042, -10.8540010452],
        "stdev": [0.851629436016, 0.545331120491, 0.509032309055, 0.478039860725, 0.463670551777, 0.572253584862]
    }
},
"rhythm": {
    "beats_count": 105,
    "beats_loudness": {
        "max": 0.115633182228,
        "mean": 0.0327158905566,
        "min": 0.00548023870215,
        "stdev": 0.0181609205902
    },
    "bpm": 129.968231201,
    "bpm_histogram_first_peak_bpm": 129,
    "bpm_histogram_first_peak_weight": 0.288461565971,
    "bpm_histogram_second_peak_bpm": 0,
    "bpm_histogram_second_peak_spread": 0,
    "bpm_histogram_second_peak_weight": 0,
    "danceability": 1.718978405,
    "onset_rate": 4.4091796875,
    "beats_loudness_band_ratio": {
        "max": [0.927188873291, 0.598061680794, 0.567981004715, 0.463292211294, 0.389858067036, 0.571838974953],
        "mean": [0.317062169313, 0.166722998023, 0.142503261566, 0.132131516933, 0.117479585111, 0.152564078569],
        "min": [0.00157799292356, 0.00276098097675, 0.00682228896767, 0.00475646927953, 0.00575827760622, 0.0131354751065],
        "stdev": [0.247330769897, 0.148597821593, 0.125290706754, 0.107559815049, 0.079902715981, 0.111045069993]
    },
