{
"metadata": {
    "version": {
        "essentia": "2.1-beta5",
        "essentia_git_sha": "Undefined",
        "extractor": "music 2.0"
    },
    "audio_properties": {
        "analysis": {
            "equal_loudness": 0,
            "length": 23.3476638794,
            "sample_rate": 44100,
            "start_time": 158.998641968,
            "downmix": "mix"
        },
        "bit_rate": 192000,
        "length": 182.369537354,
        "lossless": 0,
        "number_channels": 2,
        "replay_gain": 4.92210197449,
        "sample_rate": 48000,
        "codec": "mp3",
        "md5_encoded": "fb993b9986ecf2b00cfea7ac2837a0d2"
    },
    "tags": {
        "file_name": "Czech Republic_Aven Romale_Gipsy.cz.mp3",
        "encoding": ["Lavf58.29.100"]
    }
},
"lowlevel": {
    "average_loudness": 0.913281142712,
    "barkbands_crest": {
        "max": 25.8529281616,
        "mean": 10.3258523941,
        "min": 2.63901185989,
        "stdev": 4.66984224319
    },
    "barkbands_flatness_db": {
        "max": 0.381582349539,
        "mean": 0.177444681525,
        "min": 0.0597323812544,
        "stdev": 0.0642611309886
    },
    "barkbands_kurtosis": {
        "max": 101.713752747,
        "mean": 5.80705070496,
        "min": -1.77277934551,
        "stdev": 11.8159713745
    },
    "barkbands_skewness": {
        "max": 8.39034557343,
        "mean": 1.65351963043,
        "min": -1.38014709949,
        "stdev": 1.41545629501
    },
    "barkbands_spread": {
        "max": 98.395111084,
        "mean": 18.6697750092,
        "min": 0.693900346756,
        "stdev": 15.7483987808
    },
    "dissonance": {
        "max": 0.500000059605,
        "mean": 0.472048819065,
        "min": 0.316582143307,
        "stdev": 0.0270122457296
    },
    "dynamic_complexity": 3.32300162315,
    "erbbands_crest": {
        "max": 31.941078186,
        "mean": 10.9694452286,
        "min": 2.45791506767,
        "stdev": 6.30033588409
    },
    "erbbands_flatness_db": {
        "max": 0.437585532665,
        "mean": 0.224339693785,
        "min": 0.0887413322926,
        "stdev": 0.0790896490216
    },
    "erbbands_kurtosis": {
        "max": 90.7394485474,
        "mean": 3.59627985954,
        "min": -1.60344672203,
        "stdev": 8.6427230835
    },
    "erbbands_skewness": {
        "max": 8.01782226562,
        "mean": 1.10487937927,
        "min": -1.72131729126,
        "stdev": 1.33332753181
    },
    "erbbands_spread": {
        "max": 108.481903076,
        "mean": 27.2165775299,
        "min": 1.23409771919,
        "stdev": 18.9973106384
    },
    "hfc": {
        "max": 114.942932129,
        "mean": 20.5922794342,
        "min": 0.00331030809321,
        "stdev": 16.9402179718
    },
    "loudness_ebu128": {
        "integrated": -28.6949958801,
        "loudness_range": 3.97567939758,
        "momentary": {
            "max": -24.7201690674,
            "mean": -29.5089797974,
            "min": -36.6004867554,
            "stdev": 2.8514111042
        },
        "short_term": {
            "max": -27.0320167542,
            "mean": -28.9052696228,
            "min": -31.7207679749,
            "stdev": 1.41246247292
        }
    },
    "melbands_crest": {
        "max": 31.8733024597,
        "mean": 13.5685539246,
        "min": 3.67555379868,
        "stdev": 6.00763654709
    },
    "melbands_flatness_db": {
        "max": 0.377797544003,
        "mean": 0.173065617681,
        "min": 0.0308469124138,
        "stdev": 0.0603244267404
    },
    "melbands_kurtosis": {
        "max": 191.387481689,
        "mean": 13.5499811172,
        "min": -1.53998708725,
        "stdev": 22.730840683
    },
    "melbands_skewness": {
        "max": 10.7822599411,
        "mean": 2.38013696671,
        "min": -1.31925332546,
        "stdev": 1.67230701447
    },
    "melbands_spread": {
        "max": 197.02722168,
        "mean": 22.4748077393,
        "min": 0.666241705418,
        "stdev": 19.4163303375
    },
    "pitch_salience": {
        "max": 0.866543710232,
        "mean": 0.602862656116,
        "min": 0.132883712649,
        "stdev": 0.141119837761
    },
    "silence_rate_20dB": {
        "max": 1,
        "mean": 1,
        "min": 1,
        "stdev": 0
    },
    "silence_rate_30dB": {
        "max": 1,
        "mean": 0.993048667908,
        "min": 0,
        "stdev": 0.0830837115645
    },
    "silence_rate_60dB": {
        "max": 1,
        "mean": 0.0695134028792,
        "min": 0,
        "stdev": 0.254326403141
    },
    "spectral_centroid": {
        "max": 4385.68017578,
        "mean": 1464.5480957,
        "min": 329.762023926,
        "stdev": 486.729980469
    },
    "spectral_complexity": {
        "max": 44,
        "mean": 17.6325721741,
        "min": 0,
        "stdev": 7.22541093826
    },
    "spectral_decrease": {
        "max": -7.79469642043e-13,
        "mean": -5.46865353002e-09,
        "min": -4.03057462961e-08,
        "stdev": 5.81798254018e-09
    },
    "spectral_energy": {
        "max": 0.155884295702,
        "mean": 0.02250774391,
        "min": 3.24215420733e-06,
        "stdev": 0.0230872109532
    },
    "spectral_energyband_high": {
        "max": 0.00984012149274,
        "mean": 0.00056520535145,
        "min": 2.37408016801e-07,
        "stdev": 0.000872811011504
    },
    "spectral_energyband_low": {
        "max": 0.149523988366,
        "mean": 0.00433713942766,
        "min": 1.50189350734e-07,
        "stdev": 0.0138505231589
    },
    "spectral_energyband_middle_high": {
        "max": 0.11449470371,
        "mean": 0.00909006688744,
        "min": 8.86017403445e-07,
        "stdev": 0.0118017513305
    },
    "spectral_energyband_middle_low": {
        "max": 0.0883474200964,
        "mean": 0.00967828370631,
        "min": 1.01014734355e-06,
        "stdev": 0.0113958064467
    },
    "spectral_entropy": {
        "max": 8.76943778992,
        "mean": 7.68862962723,
        "min": 6.25526237488,
        "stdev": 0.35502499342
    },
    "spectral_flux": {
        "max": 0.346048384905,
        "mean": 0.0891384258866,
        "min": 0.0158017277718,
        "stdev": 0.0516955927014
    },
    "spectral_kurtosis": {
        "max": 16.526473999,
        "mean": 4.02481746674,
        "min": -0.928845405579,
        "stdev": 2.37001371384
    },
    "spectral_rms": {
        "max": 0.0123321628198,
        "mean": 0.00419982522726,
        "min": 5.62412424188e-05,
        "stdev": 0.00207851221785
    },
    "spectral_rolloff": {
        "max": 11003.4667969,
        "mean": 1775.83679199,
        "min": 86.1328125,
        "stdev": 1490.06884766
    },
    "spectral_skewness": {
        "max": 3.08089208603,
        "mean": 1.58585119247,
        "min": 0.281656473875,
        "stdev": 0.401223182678
    },
    "spectral_spread": {
        "max": 10986689,
        "mean": 4389973,
        "min": 2356155.25,
        "stdev": 1374971
    },
    "spectral_strongpeak": {
        "max": 9.77903652191,
        "mean": 1.33576714993,
        "min": 0,
        "stdev": 1.55711174011
    },
    "zerocrossingrate": {
        "max": 0.30908203125,
        "mean": 0.07059712708,
        "min": 0.0166015625,
        "stdev": 0.0344003103673
    },
    "barkbands": {
        "max": [0.0258468352258, 0.0979778766632, 0.0477945283055, 0.0257546305656, 0.036950353533, 0.0331744812429, 0.0274712704122, 0.0282905306667, 0.0684786885977, 0.0705970898271, 0.0948875397444, 0.0113889481872, 0.0212850514799, 0.0309133529663, 0.0169721096754, 0.00704343896359, 0.00571739347652, 0.00713194347918, 0.00461312942207, 0.00171191210393, 0.00195176107809, 0.00266149640083, 0.00239138468169, 0.00329330586828, 0.00564346089959, 1.10951696115e-05, 1.40882666528e-05],
        "mean": [0.000519882363733, 0.00263404264115, 0.00116289989091, 0.000693255162332, 0.00144403043669, 0.00105705531314, 0.000912185874768, 0.000755626533646, 0.00261199707165, 0.0043957773596, 0.00171022093855, 0.000751754327212, 0.000873807235621, 0.000683005782776, 0.000445615965873, 0.000290042458801, 0.000285946764052, 0.000383653445169, 0.000258392246906, 0.000134446585434, 0.000100696575828, 0.000107605577796, 0.000107217048935, 9.11302122404e-05, 9.73428832367e-05, 1.09768514278e-07, 1.53042041262e-08],
        "min": [1.20265103432e-10, 8.76312178377e-09, 2.09709050125e-08, 3.61809568972e-08, 5.11265128011e-08, 1.50665385945e-07, 1.28259245002e-07, 3.1887032037e-07, 2.87926866349e-07, 3.68722936628e-08, 1.58170024633e-07, 3.28976540231e-07, 9.46235374499e-08, 2.24189395936e-08, 8.44320098281e-08, 1.89676434559e-08, 1.61642308427e-08, 2.13466115895e-08, 6.47490807637e-08, 1.10270590881e-07, 3.19769206669e-08, 6.92545043535e-08, 2.7044944062e-08, 1.83179249547e-08, 1.00443076079e-08, 3.6356237465e-10, 3.05474395779e-10],
        "stdev": [0.00190876435954, 0.0101599711925, 0.00404819566756, 0.00188733567484, 0.00353734195232, 0.00280029280111, 0.00261163967662, 0.00223554647528, 0.0058676963672, 0.00873498152941, 0.00474494369701, 0.00126002577599, 0.0019592770841, 0.00171277998015, 0.000908346497454, 0.000553157820832, 0.000454277207609, 0.000814584142063, 0.000450656312751, 0.000192492676433, 0.000168805883732, 0.000192013132619, 0.000208856683457, 0.000229017983656, 0.000299091363559, 6.38168387468e-07, 4.43699065045e-07]
    },
    "erbbands": {
        "max": [2.2983789444, 25.0072784424, 72.4545822144, 42.7290534973, 109.30128479, 161.304153442, 202.927520752, 269.011901855, 500.583679199, 642.981689453, 605.456787109, 1637.59313965, 2516.76831055, 3772.88623047, 1254.51916504, 537.323181152, 1083.68981934, 1679.63024902, 767.716308594, 916.5390625, 336.2421875, 290.775024414, 374.437774658, 252.884368896, 282.207061768, 84.147026062, 88.5329360962, 85.3798370361, 119.628585815, 64.4907531738, 92.0918197632, 90.7915420532, 56.4472122192, 65.3901824951, 37.4919395447, 1.91527509689, 0.0520314611495, 0.0083436332643, 0.00201645400375, 0.000278981693555],
        "mean": [0.0653918981552, 0.615864038467, 1.47989964485, 1.81407356262, 4.29554843903, 4.44778060913, 5.41350793839, 9.20104312897, 14.0252666473, 13.6732387543, 19.3931941986, 50.6427993774, 150.639953613, 103.820266724, 46.769493103, 34.235622406, 39.3818511963, 37.6641807556, 25.0942516327, 21.8971443176, 15.7366657257, 16.1402778625, 20.3549118042, 15.1092576981, 12.2935810089, 6.34295463562, 4.01113700867, 4.34592294693, 3.93233156204, 3.69759273529, 2.84042096138, 1.95385241508, 1.51547038555, 1.13944649696, 0.652829110622, 0.0397925563157, 0.00107019604184, 8.28009142424e-05, 2.40906956606e-05, 2.93243319902e-05],
        "min": [5.50830577595e-07, 3.49762217411e-06, 2.8374055546e-05, 0.000117168943689, 0.000172519386979, 0.000124345096992, 0.000701989163645, 0.00134468986653, 0.00170487270225, 0.00336449360475, 0.00842543877661, 0.0069630634971, 0.00110867107287, 0.00332572706975, 0.00758096994832, 0.0142256096005, 0.00521523272619, 0.00161443580873, 0.00319739920087, 0.00295654032379, 0.00118048419245, 0.00102987233549, 0.00126112613361, 0.00151246658061, 0.00433340016752, 0.00551978871226, 0.00193113205023, 0.00213800533675, 0.0027818295639, 0.00094998133136, 0.000850188895129, 0.000484784744913, 0.000234613078646, 0.000108639746031, 6.97898722137e-05, 1.95830743905e-05, 7.95803862275e-06, 1.52399570652e-06, 4.6203485482e-08, 6.74308786586e-09],
        "stdev": [0.236715391278, 2.51406288147, 5.62374544144, 4.34358072281, 10.8098468781, 13.3215932846, 16.4305114746, 22.8122730255, 39.7984771729, 48.8406715393, 44.9237823486, 111.272521973, 312.313262939, 232.602890015, 91.5422897339, 55.9251022339, 82.3341140747, 93.102897644, 42.3416938782, 47.6780166626, 26.1889133453, 24.8301029205, 40.5005683899, 26.1642627716, 23.6968307495, 9.08811378479, 6.583152771, 7.37159633636, 7.4190659523, 6.49452877045, 6.0645403862, 4.69336795807, 4.08833694458, 3.62425351143, 2.02045226097, 0.132561907172, 0.00336276157759, 0.000334266776918, 6.94390037097e-05, 2.8382473829e-05]
    },
    "gfcc": {
        "mean": [-37.55727005, 67.0232543945, -179.944488525, 12.6210174561, -87.3840332031, 28.9074039459, -38.5070800781, 15.1356878281, -22.102186203, -11.549530983, -10.6702537537, -14.4510612488, 1.44834315777],
        "cov": [[3403.61035156, 993.072998047, 1676.90466309, 1326.47094727, 437.598602295, -27.8751678467, -354.777038574, -77.1206283569, -86.5520248413, 233.860931396, 224.39994812, 236.425933838, -34.2277069092], [993.072998047, 1258.23205566, 1129.43200684, 915.560974121, 402.753387451, -19.9165916443, -156.056442261, -168.339477539, -17.797908783, 84.6309814453, 100.788116455, 25.9474487305, -34.8332672119], [1676.90466309, 1129.43200684, 2117.93310547, 1415.43310547, 417.016357422, 83.408493042, -384.337768555, -107.027664185, -102.801559448, 293.847381592, 93.6846160889, 179.717666626, -42.9392433167], [1326.47094727, 915.560974121, 1415.43310547, 1205.33630371, 391.254882812, 40.0561637878, -263.430328369, -112.903045654, -40.365978241, 204.077880859, 96.2692947388, 133.025161743, -15.0423536301], [437.598602295, 402.753387451, 417.016357422, 391.254882812, 274.614562988, 46.9085350037, -55.4719467163, -20.4777889252, -8.46468162537, 45.2057189941, 28.5127468109, 13.1125640869, -11.6464166641], [-27.8751678467, -19.9165916443, 83.408493042, 40.0561637878, 46.9085350037, 180.215621948, 101.923248291, 5.78645420074, -5.12014198303, 1.76146268845, -23.8970623016, -3.31237649918, -0.744513452053], [-354.777038574, -156.056442261, -384.337768555, -263.430328369, -55.4719467163, 101.923248291, 312.289550781, 52.1242294312, 43.5233573914, -85.7823257446, -48.5524749756, -57.2880363464, 31.0487155914], [-77.1206283569, -168.339477539, -107.027664185, -112.903045654, -20.4777889252, 5.78645420074, 52.1242294312, 141.643112183, 52.2030448914, 15.803068161, -6.96605682373, -4.37277793884, 10.0858011246], [-86.5520248413, -17.797908783, -102.801559448, -40.365978241, -8.46468162537, -5.12014198303, 43.5233573914, 52.2030448914, 116.898826599, 15.1271934509, 10.5379314423, -14.1543273926, 14.9279403687], [233.860931396, 84.6309814453, 293.847381592, 204.077880859, 45.2057189941, 1.76146268845, -85.7823257446, 15.803068161, 15.1271934509, 149.79637146, 56.285369873, 61.3996772766, -2.57655930519], [224.39994812, 100.788116455, 93.6846160889, 96.2692947388, 28.5127468109, -23.8970623016, -48.5524749756, -6.96605682373, 10.5379314423, 56.285369873, 120.802528381, 60.4162063599, -3.18589234352], [236.425933838, 25.9474487305, 179.717666626, 133.025161743, 13.1125640869, -3.31237649918, -57.2880363464, -4.37277793884, -14.1543273926, 61.3996772766, 60.4162063599, 108.976203918, 20.8718891144], [-34.2277069092, -34.8332672119, -42.9392433167, -15.0423536301, -11.6464166641, -0.744513452053, 31.0487155914, 10.0858011246, 14.9279403687, -2.57655930519, -3.18589234352, 20.8718891144, 72.0435714722]],
        "icov": [[0.000612181960605, 0.000199013200472, -0.000315575132845, -0.000408914609579, -0.000306293921312, 0.000437875482021, -0.000183813885087, -0.000157406335347, 0.000140087300679, 0.000498896406498, -0.000746497593354, -0.000298387254588, 0.000212116996408], [0.000199013200472, 0.00514118280262, -0.00302096805535, 8.2222322817e-05, -0.00449788430706, 0.00411480478942, -0.0029063411057, 0.00484413793311, -0.00253922794946, 0.00213807076216, -0.00366746494547, 0.00300841103308, 0.000255596271018], [-0.000315575132845, -0.00302096805535, 0.00485173845664, -0.00337165850215, 0.00356952939183, -0.00377637497149, 0.0028043014463, -0.00389187224209, 0.00298467860557, -0.00250669568777, 0.0031152011361, -0.00170681928284, 0.000375599687686], [-0.000408914609579, 8.2222322817e-05, -0.00337165850215, 0.0068648182787, -0.00410963222384, 0.00117233535275, -0.000485861528432, 0.00336025608703, -0.00244723982178, -0.000864780507982, 0.000343148858519, -0.00142123328988, -0.000740934803616], [-0.000306293921312, -0.00449788430706, 0.00356952939183, -0.00410963222384, 0.0123683298007, -0.0058610085398, 0.00325797777623, -0.00621864804998, 0.00314358109608, -0.000684321217705, 0.00132268609013, 0.000818461470772, -0.000499940884765], [0.000437875482021, 0.00411480478942, -0.00377637497149, 0.00117233535275, -0.0058610085398, 0.0128168268129, -0.00716186268255, 0.00480604125187, -0.00148974347394, 0.000286462221993, -0.000982506782748, 0.000194694031961, 0.00200932659209], [-0.000183813885087, -0.0029063411057, 0.0028043014463, -0.000485861528432, 0.00325797777623, -0.00716186268255, 0.00901531614363, -0.00434542028233, 0.000312466057949, 0.00112605153117, 0.00147841521539, 0.000126181330415, -0.00274257338606], [-0.000157406335347, 0.00484413793311, -0.00389187224209, 0.00336025608703, -0.00621864804998, 0.00480604125187, -0.00434542028233, 0.0155638093129, -0.00690286001191, -0.000977349583991, -0.00128095876426, 0.00102083873935, 0.000430579355452], [0.000140087300679, -0.00253922794946, 0.00298467860557, -0.00244723982178, 0.00314358109608, -0.00148974347394, 0.000312466057949, -0.00690286001191, 0.0143469516188, -0.00360789010301, -0.000760640832596, 0.00261918804608, -0.00246299174614], [0.000498896406498, 0.00213807076216, -0.00250669568777, -0.000864780507982, -0.000684321217705, 0.000286462221993, 0.00112605153117, -0.000977349583991, -0.00360789010301, 0.0147945433855, -0.00507716974244, -0.00188918900676, 0.000739544455428], [-0.000746497593354, -0.00366746494547, 0.0031152011361, 0.000343148858519, 0.00132268609013, -0.000982506782748, 0.00147841521539, -0.00128095876426, -0.000760640832596, -0.00507716974244, 0.0176558997482, -0.0101760504767, 0.00325124780647], [-0.000298387254588, 0.00300841103308, -0.00170681928284, -0.00142123328988, 0.000818461470772, 0.000194694031961, 0.000126181330415, 0.00102083873935, 0.00261918804608, -0.00188918900676, -0.0101760504767, 0.0221630968153, -0.00754539761692], [0.000212116996408, 0.000255596271018, 0.000375599687686, -0.000740934803616, -0.000499940884765, 0.00200932659209, -0.00274257338606, 0.000430579355452, -0.00246299174614, 0.000739544455428, 0.00325124780647, -0.00754539761692, 0.0181022100151]]
    },
    "melbands": {
        "max": [0.0229766685516, 0.0359090194106, 0.00894102267921, 0.00926959142089, 0.00549817178398, 0.00539971748367, 0.00649696728215, 0.00708276964724, 0.00677078356966, 0.00980968121439, 0.0129201579839, 0.01401397679, 0.00678696297109, 0.00148696359247, 0.00194714998361, 0.00228233030066, 0.00292367278598, 0.00167749437969, 0.00168770295568, 0.000647607841529, 0.000345401174854, 0.000341044127708, 0.000450165214716, 0.000494701554999, 0.000197035682504, 0.000290738418698, 9.83182981145e-05, 5.90940435359e-05, 6.48118657409e-05, 6.56536503811e-05, 4.8180903832e-05, 7.57820380386e-05, 3.90909372072e-05, 3.94218950532e-05, 5.50948461751e-05, 5.86901187489e-05, 5.36519437446e-05, 4.82231989736e-05, 5.4470863688e-05, 5.5479882576e-05],
        "mean": [0.000677131058183, 0.00079167453805, 0.000395158975152, 0.000322553358274, 0.000186848934391, 0.000218263361603, 0.000203674746444, 0.000148710460053, 0.000168501850567, 0.000368913606508, 0.0007553974865, 0.000419175747084, 0.000191581813851, 8.34553939058e-05, 9.79303586064e-05, 8.02308204584e-05, 6.88487416483e-05, 4.1269344365e-05, 3.43058127328e-05, 2.39477467403e-05, 1.70799667103e-05, 1.68011465576e-05, 1.61690277309e-05, 1.97147637664e-05, 1.11716035462e-05, 1.02624526335e-05, 6.33557010588e-06, 3.7361548948e-06, 2.47177422352e-06, 2.44058969656e-06, 2.50723701356e-06, 2.25653093366e-06, 2.00699537345e-06, 2.12309487324e-06, 1.72593468051e-06, 1.29990326059e-06, 1.14102374482e-06, 1.05881088075e-06, 1.00262025171e-06, 9.51260858528e-07],
        "min": [5.10762632189e-09, 1.5807810172e-08, 2.31220056435e-08, 8.94072815782e-09, 2.06686046056e-08, 3.0263628048e-08, 2.59272052716e-08, 4.30341415836e-08, 7.35427789778e-08, 3.79716986743e-08, 3.96221455645e-09, 1.19701804024e-08, 2.34173036517e-08, 3.70617492251e-08, 2.499034224e-08, 6.85228807029e-09, 2.21188511951e-09, 4.29194679796e-09, 6.23240037356e-09, 1.80390002935e-09, 1.24589338846e-09, 9.59366475151e-10, 1.00197761199e-09, 1.13212639263e-09, 1.01114105977e-09, 3.06054759314e-09, 2.94959279223e-09, 4.12665013272e-09, 1.36707112297e-09, 8.48110137674e-10, 1.44651590706e-09, 1.63385294183e-09, 9.91743798195e-10, 4.14604434118e-10, 6.08868677698e-10, 2.90056256791e-10, 2.65957672552e-10, 1.40588055086e-10, 1.50278900435e-10, 7.77405848029e-11],
        "stdev": [0.00241391407326, 0.00298359571025, 0.000912592280656, 0.000833493890241, 0.000517941196449, 0.000535738654435, 0.000549482181668, 0.000534217106178, 0.000424214435043, 0.000809056393337, 0.00157631537877, 0.000940571830142, 0.00046282299445, 0.000133729990921, 0.000195312677533, 0.000195489643374, 0.000171727311681, 8.41343717184e-05, 8.37127081468e-05, 4.81508795929e-05, 2.77070193988e-05, 2.6857440389e-05, 3.21329425788e-05, 4.81773022329e-05, 1.91212893697e-05, 2.25550847972e-05, 1.05135268313e-05, 5.94854236624e-06, 4.34360890722e-06, 4.64421236757e-06, 4.26333144787e-06, 4.54053042631e-06, 3.53807149622e-06, 4.04786669606e-06, 3.70892257706e-06, 3.10890459332e-06, 2.92568188343e-06, 2.87101943286e-06, 3.13725195156e-06, 3.1131517062e-06]
    },
    "melbands128": {
        "max": [0.00835308153182, 0.0174023676664, 0.0327984765172, 0.052835971117, 0.0498808510602, 0.016514223069, 0.0076389326714, 0.0145993614569, 0.0131760556251, 0.0127430995926, 0.0111464019865, 0.00708783930168, 0.00729129929096, 0.0143738789484, 0.00863295607269, 0.00621365569532, 0.0133199458942, 0.00623652292415, 0.00870093796402, 0.0125449970365, 0.0103639159352, 0.00760290585458, 0.00708371493965, 0.013790031895, 0.0143701750785, 0.015612822026, 0.0188829377294, 0.0234669242054, 0.0129709457979, 0.0134774278849, 0.029430789873, 0.0199183858931, 0.011006009765, 0.00220707827248, 0.00134845299181, 0.00335265812464, 0.00301035353914, 0.00394484354183, 0.00340917566791, 0.00530208926648, 0.00433167442679, 0.00691138533875, 0.00466004386544, 0.00363836321048, 0.00283325649798, 0.00220401515253, 0.000930649635848, 0.00145371211693, 0.00378756527789, 0.00118563522119, 0.0013993877219, 0.00152897136286, 0.000700401607901, 0.000641903548967, 0.000478954956634, 0.000535909959581, 0.000383126694942, 0.000981074874289, 0.000633766467217, 0.000803294125944, 0.000838966341689, 0.00108659488615, 0.000396161223762, 0.000262377230683, 0.000354401243385, 0.000460992188891, 0.000394814705942, 0.000192923209397, 0.000100461096736, 0.000135355483508, 7.68299141782e-05, 5.8304893173e-05, 9.78253374342e-05, 4.86004500999e-05, 8.6757238023e-05, 9.61648329394e-05, 8.88515860424e-05, 6.43974854029e-05, 4.85868113174e-05, 5.65394657315e-05, 8.08637414593e-05, 9.42118640523e-05, 6.95938288118e-05, 3.61308775609e-05, 3.6399000237e-05, 7.06631108187e-05, 5.58752071811e-05, 5.37204832654e-05, 5.27129341208e-05, 0.00010428258247, 5.68885516259e-05, 6.20832870482e-05, 6.29469068372e-05, 7.49841856305e-05, 4.63863361801e-05, 4.64150543849e-05, 6.39222489554e-05, 4.27827581007e-05, 6.24212043476e-05, 5.65189766348e-05, 5.88212387811e-05, 4.42166929133e-05, 7.33299384592e-05, 5.73061115574e-05, 5.79677725909e-05, 2.88926294161e-05, 1.43138458952e-05, 3.71890280348e-07, 6.68349002808e-08, 6.85511238885e-08, 6.9501183475e-08, 6.94693582659e-08, 6.92817252457e-08, 6.85267025347e-08, 6.77681555317e-08, 6.67031514467e-08, 6.52376428434e-08, 6.39658424006e-08, 6.29688301501e-08, 6.19884872322e-08, 6.09516064287e-08, 6.01030691882e-08, 5.9263822294e-08, 5.84903823153e-08, 5.79115848609e-08, 5.74163330214e-08, 5.70832376923e-08, 5.68381572918e-08],
        "mean": [0.000236273481278, 0.000487962272018, 0.000817675550934, 0.00112018536311, 0.000891755800694, 0.000509033387061, 0.000330686511006, 0.000371314963559, 0.000487834360683, 0.000325871980749, 0.000232111255173, 0.000175461333129, 0.000177963753231, 0.000200108581339, 0.000167771606357, 0.000256808067206, 0.000299963372527, 0.000164036202477, 0.000127743653138, 0.000158503418788, 0.000159479997819, 0.000125310078147, 0.000171684499946, 0.000202860523132, 0.000232330858125, 0.000388124521123, 0.000792726990767, 0.00100404000841, 0.000508402823471, 0.000406821840443, 0.000447123748017, 0.000316200079396, 0.000175573659362, 0.000105340164737, 7.34357381589e-05, 7.98346154625e-05, 9.09337031771e-05, 0.000104071237729, 0.000101853969682, 8.0603567767e-05, 7.29450257495e-05, 8.48789422889e-05, 6.55043113511e-05, 7.11425964255e-05, 4.78379588458e-05, 3.48296671291e-05, 3.21806037391e-05, 3.7080833863e-05, 3.58172583219e-05, 2.58461459453e-05, 2.19584071601e-05, 2.34986327996e-05, 1.5144725694e-05, 1.46500406117e-05, 1.98518537218e-05, 1.62381420523e-05, 1.55941124831e-05, 1.52002121467e-05, 1.59880182764e-05, 1.8843487851e-05, 2.27706841542e-05, 1.91589060705e-05, 1.07110345198e-05, 9.33760657063e-06, 1.03636193671e-05, 1.08034155346e-05, 1.02149742816e-05, 7.7880513345e-06, 5.29295493834e-06, 4.5297088036e-06, 3.91825460611e-06, 3.08750099975e-06, 3.13758687298e-06, 2.12512009057e-06, 2.0674285679e-06, 2.43059912464e-06, 2.55461873166e-06, 2.75717184195e-06, 2.47362004302e-06, 2.2262395305e-06, 2.47937850872e-06, 2.13046814679e-06, 2.12359759644e-06, 1.96470637093e-06, 1.8938995936e-06, 2.13562248064e-06, 2.22470544031e-06, 2.13196449295e-06, 1.60992385645e-06, 1.58197065048e-06, 1.30879743665e-06, 1.24162147586e-06, 1.22587812257e-06, 1.1714946595e-06, 1.058081466e-06, 1.04717457816e-06, 1.12403881758e-06, 9.70878204498e-07, 1.04481875951e-06, 9.72918087427e-07, 9.33387866553e-07, 9.14521251616e-07, 1.02942817648e-06, 1.02115382106e-06, 8.63895763814e-07, 6.86812654749e-07, 1.6847552331e-07, 5.55836887628e-09, 8.53810078194e-11, 7.74923875069e-11, 7.86849058132e-11, 7.86413156817e-11, 7.82265710542e-11, 7.84009940302e-11, 7.65686680726e-11, 7.48938619455e-11, 7.15491277337e-11, 6.97433430452e-11, 6.87046600167e-11, 6.76025763147e-11, 6.6369201801e-11, 6.54596654659e-11, 6.46822040373e-11, 6.37277383642e-11, 6.23730372906e-11, 6.05745939519e-11, 5.95547430815e-11, 5.91985696574e-11],
        "min": [4.65388179383e-11, 6.38851471724e-10, 1.08568987134e-09, 1.97385352507e-09, 8.90523743635e-09, 1.11218216858e-08, 4.71552263903e-09, 1.33435626992e-08, 6.98940993971e-09, 5.18810860939e-09, 3.98344512931e-09, 1.36821416419e-08, 2.48856757423e-08, 2.67020752176e-08, 3.08163130569e-08, 3.0704601528e-08, 2.80753997828e-08, 2.42106867887e-08, 1.32190765001e-08, 3.34653975642e-08, 5.42285185645e-08, 6.84096903569e-08, 7.84327056635e-08, 7.85473233123e-08, 5.37752313789e-08, 1.91938518412e-08, 3.71951580647e-09, 1.39870171001e-09, 4.52960557951e-09, 8.20287304748e-09, 1.24635750609e-08, 2.38715074374e-08, 2.76302589697e-08, 1.89351165858e-08, 2.54576111303e-08, 5.01501560279e-08, 4.52883988089e-08, 2.33603572042e-08, 1.45447076605e-08, 8.03933009053e-09, 5.60379431747e-09, 3.95257870878e-09, 2.5345245902e-09, 8.36964775264e-10, 1.60203783572e-09, 4.8916262152e-09, 7.5205646155e-09, 7.1180954464e-09, 5.93316240582e-09, 3.04686476049e-09, 3.47114254007e-10, 1.55999313467e-09, 1.78387105088e-09, 9.85702297562e-10, 4.07655825763e-10, 8.23600188049e-10, 1.74926573226e-09, 7.38572203396e-10, 6.52505272036e-10, 1.62320490382e-09, 1.11337372655e-09, 1.0430837305e-09, 5.28891042073e-10, 1.40961509132e-09, 7.70897512492e-10, 4.10347356095e-09, 3.20869841808e-09, 3.53194362646e-09, 2.63576738213e-09, 2.50816833969e-09, 4.92816587538e-09, 4.74625316826e-09, 2.59380406042e-09, 2.3208571176e-10, 5.30217592054e-10, 9.82089520818e-10, 9.31814070348e-10, 9.9281305399e-10, 1.18883813904e-09, 2.61332466778e-09, 6.52097098541e-10, 2.04083860922e-09, 2.19011986324e-09, 4.5065542964e-10, 4.77729300563e-10, 3.56132429102e-10, 2.0204773965e-10, 8.72479144487e-10, 7.7504086482e-10, 3.16326659311e-10, 2.93774671256e-10, 1.48466863803e-10, 5.51502954416e-10, 2.5817117888e-10, 1.44029205229e-10, 1.09084755118e-10, 1.18690529627e-10, 2.28228894117e-10, 1.84404505554e-10, 9.41098657337e-11, 4.15805549714e-11, 9.0693244581e-11, 8.99772686913e-11, 1.3685245992e-10, 4.90525155217e-11, 9.11408379323e-11, 4.6371240181e-11, 1.71571372561e-12, 1.02022708857e-12, 1.40311167632e-12, 1.49424222995e-12, 1.496864915e-12, 1.1662063459e-12, 1.38515934833e-12, 1.31143164904e-12, 1.24968427533e-12, 1.29982331322e-12, 6.42852849946e-13, 3.47183924405e-13, 4.96270179898e-13, 4.92741210247e-13, 4.25444320615e-13, 5.78397464472e-13, 5.33589719718e-13, 4.01462337766e-13, 3.81779352056e-13, 5.4791993154e-14, 2.26090796611e-15],
        "stdev": [0.000691570458002, 0.00181061471812, 0.00322896125726, 0.00484889559448, 0.00376101536676, 0.00161493662745, 0.000857527775224, 0.00110077881254, 0.00128734274767, 0.000935856427532, 0.000863418390509, 0.000559550593607, 0.000601595325861, 0.000906461908016, 0.000528530275915, 0.00064475875115, 0.000964649021626, 0.0005861336831, 0.000531153462362, 0.000764116761275, 0.000724498182535, 0.000373420596588, 0.000504918920342, 0.000734567584004, 0.00083488348173, 0.00115776725579, 0.00213744328357, 0.00267556589097, 0.00125093315728, 0.00105243932921, 0.00147982046474, 0.00102944776881, 0.000592378492001, 0.000203777497518, 0.000143264347571, 0.000198566398467, 0.000212308033952, 0.000257231266005, 0.000271381897619, 0.000256460363744, 0.000236791936914, 0.000366074353224, 0.000209200487006, 0.000225275915, 0.000146441583638, 9.43777049542e-05, 6.88087457092e-05, 0.000103898986708, 0.000150508523802, 7.65550284996e-05, 6.36683616904e-05, 8.2766986452e-05, 3.57339376933e-05, 2.85805963358e-05, 3.91838620999e-05, 3.53123214154e-05, 3.21783481922e-05, 4.37942690041e-05, 4.64429031126e-05, 5.65959780943e-05, 7.22446275176e-05, 7.52260384616e-05, 2.27578220802e-05, 1.89141210285e-05, 2.76364971796e-05, 3.4044336644e-05, 2.91119104077e-05, 1.80446695595e-05, 9.6452431535e-06, 9.60803026828e-06, 7.4609697549e-06, 5.98262249696e-06, 6.8034778451e-06, 3.68939504369e-06, 4.13915540776e-06, 5.72266071686e-06, 5.73465285925e-06, 5.26522671862e-06, 4.54516202808e-06, 4.35348010797e-06, 5.36848938282e-06, 5.12241058459e-06, 4.47866841569e-06, 3.59609794032e-06, 3.58142347068e-06, 4.44891975349e-06, 4.84077281726e-06, 4.85572945763e-06, 3.63816707249e-06, 4.94636879012e-06, 3.10695622829e-06, 3.13509895022e-06, 3.28585633724e-06, 3.40566703017e-06, 2.86382942249e-06, 2.82541668639e-06, 3.39776693181e-06, 2.77579351859e-06, 3.38250424647e-06, 3.2849618492e-06, 3.6100404941e-06, 3.02108333017e-06, 3.40619521921e-06, 3.05343360196e-06, 2.94828987535e-06, 2.30792534239e-06, 7.48745719648e-07, 2.95081736823e-08, 2.10743289486e-09, 2.15958473326e-09, 2.18998841284e-09, 2.18841123001e-09, 2.18239293304e-09, 2.15884310428e-09, 2.13479767197e-09, 2.10126227529e-09, 2.05464223413e-09, 2.01455030435e-09, 1.98314253907e-09, 1.95227745081e-09, 1.91961913032e-09, 1.892890511e-09, 1.86645943145e-09, 1.84210435794e-09, 1.82389670034e-09, 1.80834303087e-09, 1.79787340571e-09, 1.79015380297e-09]
    },
    "mfcc": {
        "mean": [-653.611633301, 88.1010513306, -34.7596549988, -19.200761795, -17.0656051636, -5.75725364685, -0.969543099403, 8.88805580139, 1.52228939533, 2.25818419456, -0.98611831665, -6.94029951096, -7.44527196884],
        "cov": [[2712.39404297, 410.951873779, 1016.95892334, 999.805419922, 632.511779785, 226.461975098, 40.2832527161, -58.2963981628, -198.362747192, -86.4748153687, 32.9013252258, 44.6542320251, 231.67376709], [410.951873779, 705.804626465, 571.637023926, 567.00213623, 376.308044434, 192.005111694, 48.3962554932, -56.2910842896, -72.6752929688, -40.6310577393, 27.2206077576, 37.7957038879, 30.9528884888], [1016.95892334, 571.637023926, 1672.59753418, 1135.46032715, 764.841674805, 383.209655762, 44.6377716064, -163.239273071, -119.152427673, -91.8131561279, 13.9919958115, 107.826835632, 215.639556885], [999.805419922, 567.00213623, 1135.46032715, 1103.24487305, 681.621276855, 296.369049072, 21.0613231659, -129.938674927, -104.856185913, -67.4127655029, 9.21715164185, 84.4139175415, 183.543685913], [632.511779785, 376.308044434, 764.841674805, 681.621276855, 604.667053223, 184.260147095, 2.06167197227, -106.815437317, -86.97681427, -39.8282661438, 16.3272914886, 64.8669052124, 110.602783203], [226.461975098, 192.005111694, 383.209655762, 296.369049072, 184.260147095, 278.627044678, 87.5586242676, -0.261077553034, 5.30722904205, -27.5712299347, 6.35672521591, 36.2455406189, 23.690946579], [40.2832527161, 48.3962554932, 44.6377716064, 21.0613231659, 2.06167197227, 87.5586242676, 143.237991333, 52.8828735352, 31.2078533173, 6.55753946304, 8.22011375427, 1.14059269428, -10.2790470123], [-58.2963981628, -56.2910842896, -163.239273071, -129.938674927, -106.815437317, -0.261077553034, 52.8828735352, 134.333740234, 59.0533294678, 34.2539863586, 6.85083007812, -24.4380760193, -26.755695343], [-198.362747192, -72.6752929688, -119.152427673, -104.856185913, -86.97681427, 5.30722904205, 31.2078533173, 59.0533294678, 162.755523682, 59.2917366028, -3.65104579926, -3.18662619591, -24.8817062378], [-86.4748153687, -40.6310577393, -91.8131561279, -67.4127655029, -39.8282661438, -27.5712299347, 6.55753946304, 34.2539863586, 59.2917366028, 99.8426971436, 21.2533054352, 8.72389507294, -2.48546528816], [32.9013252258, 27.2206077576, 13.9919958115, 9.21715164185, 16.3272914886, 6.35672521591, 8.22011375427, 6.85083007812, -3.65104579926, 21.2533054352, 76.0408096313, 26.94597435, 10.6269950867], [44.6542320251, 37.7957038879, 107.826835632, 84.4139175415, 64.8669052124, 36.2455406189, 1.14059269428, -24.4380760193, -3.18662619591, 8.72389507294, 26.94597435, 85.5932617188, 42.5641021729], [231.67376709, 30.9528884888, 215.639556885, 183.543685913, 110.602783203, 23.690946579, -10.2790470123, -26.755695343, -24.8817062378, -2.48546528816, 10.6269950867, 42.5641021729, 128.385894775]],
        "icov": [[0.000641113962047, 0.000169453953276, 2.36544728978e-05, -0.000600766332354, -0.000117192110338, 9.05455672182e-05, -0.000166666359291, -0.000492491468322, 0.000538311724085, 9.30470778258e-05, -0.000260386470472, 0.00035750400275, -0.000401182216592], [0.000169453953276, 0.00290781911463, 9.08517686184e-05, -0.00170617375989, -0.000349833484506, -0.000163746532053, -0.00059551600134, -0.000233496597502, 0.000732229440473, 1.14312142614e-05, -0.000934260315262, -8.47588889883e-05, 0.00176257302519], [2.36544728978e-05, 9.08517686184e-05, 0.002366470173, -0.00148187752347, -0.000760362716392, -0.00107688060962, -0.000230130259297, 0.000727622711565, -4.23617348133e-05, 0.000411220826209, -0.000119773409097, 0.000149313462316, -0.000973697111476], [-0.000600766332354, -0.00170617375989, -0.00148187752347, 0.00618257885799, -0.00263718538918, -0.00121039559599, 0.000750365201384, 0.000622262479737, -0.000701867567841, 3.44878317264e-05, 0.00109302531928, 0.000397997908294, -0.00252711167559], [-0.000117192110338, -0.000349833484506, -0.000760362716392, -0.00263718538918, 0.00610836641863, -5.84814142712e-06, 0.000272927369224, 0.00103988475166, 0.000701974786352, -0.000926796579733, -0.000366328313248, -0.000666253210511, 0.000689798675012], [9.05455672182e-05, -0.000163746532053, -0.00107688060962, -0.00121039559599, -5.84814142712e-06, 0.00783425662667, -0.00351881491952, -0.00111718825065, -0.00112046825234, 0.00186498486437, 0.000146946738823, -0.00229642726481, 0.00202821777202], [-0.000166666359291, -0.00059551600134, -0.000230130259297, 0.000750365201384, 0.000272927369224, -0.00351881491952, 0.0108468290418, -0.00358696188778, -0.000676898984239, 6.68418651912e-05, -0.000467264966574, 3.47301465808e-05, 0.000190500548342], [-0.000492491468322, -0.000233496597502, 0.000727622711565, 0.000622262479737, 0.00103988475166, -0.00111718825065, -0.00358696188778, 0.0129888923839, -0.00257891602814, -0.00202519190498, -0.00141981663182, 0.00330235273577, -0.000953041773755], [0.000538311724085, 0.000732229440473, -4.23617348133e-05, -0.000701867567841, 0.000701974786352, -0.00112046825234, -0.000676898984239, -0.00257891602814, 0.010192444548, -0.00522428797558, 0.00195182254538, -0.000801074376795, 0.000915229378734], [9.30470778258e-05, 1.14312142614e-05, 0.000411220826209, 3.44878317264e-05, -0.000926796579733, 0.00186498486437, 6.68418651912e-05, -0.00202519190498, -0.00522428797558, 0.0153614236042, -0.00383226037957, -0.00142950168811, -0.000797044369392], [-0.000260386470472, -0.000934260315262, -0.000119773409097, 0.00109302531928, -0.000366328313248, 0.000146946738823, -0.000467264966574, -0.00141981663182, 0.00195182254538, -0.00383226037957, 0.0168066993356, -0.00538349477574, -1.3429750652e-05], [0.00035750400275, -8.47588889883e-05, 0.000149313462316, 0.000397997908294, -0.000666253210511, -0.00229642726481, 3.47301465808e-05, 0.00330235273577, -0.000801074376795, -0.00142950168811, -0.00538349477574, 0.0178795456886, -0.00542070809752], [-0.000401182216592, 0.00176257302519, -0.000973697111476, -0.00252711167559, 0.000689798675012, 0.00202821777202, 0.000190500548342, -0.000953041773755, 0.000915229378734, -0.000797044369392, -1.3429750652e-05, -0.00542070809752, 0.0141445929185]]
    },
    "spectral_contrast_coeffs": {
        "max": [-0.474800407887, -0.459765821695, -0.481762140989, -0.602177202702, -0.585118353367, -0.635108947754],
        "mean": [-0.732067525387, -0.739358901978, -0.746108174324, -0.8058116436, -0.797169446945, -0.787173867226],
        "min": [-0.918398976326, -0.957199752331, -0.911728382111, -0.916760325432, -0.879883468151, -0.867103815079],
        "stdev": [0.0731210187078, 0.0806589573622, 0.0735451355577, 0.0500487275422, 0.0464064963162, 0.0341790653765]
    },
    "spectral_contrast_valleys": {
        "max": [-4.89674663544, -5.09128665924, -5.15084123611, -5.7309923172, -6.1726398468, -7.75440406799],
        "mean": [-8.21155738831, -7.05779218674, -6.73577451706, -7.20099973679, -7.49294948578, -9.8809337616],
        "min": [-11.0560932159, -9.49487113953, -10.4465017319, -11.105427742, -11.103260994, -13.6091918945],
        "stdev": [1.48399245739, 0.686153590679, 0.585110425949, 0.458148151636, 0.468715786934, 0.614529371262]
    }
},
"rhythm": {
    "beats_count": 35,
    "beats_loudness": {
        "max": 0.120691038668,
        "mean": 0.0292582139373,
        "min": 0.00241357763298,
        "stdev": 0.0257704220712
    },
    "bpm": 93.559135437,
    "bpm_histogram_first_peak_bpm": 92,
    "bpm_histogram_first_peak_weight": 0.5,
    "bpm_histogram_second_peak_bpm": 101,
    "bpm_histogram_second_peak_spread": 0.5,
    "bpm_histogram_second_peak_weight": 0.176470592618,
    "danceability": 1.10419929028,
    "onset_rate": 2.82543039322,
    "beats_loudness_band_ratio": {
        "max": [0.882527828217, 0.521016776562, 0.949142873287, 0.869551599026, 0.408537209034, 0.296453177929],
        "mean": [0.188744574785, 0.0761505812407, 0.313088953495, 0.308162510395, 0.117627106607, 0.0519965849817],
        "min": [2.59861662926e-05, 0.000203793344554, 0.0287272110581, 0.0160543415695, 0.0113162770867, 0.00339154875837],
        "stdev": [0.260488957167, 0.117248699069, 0.243372321129, 0.245167851448, 0.0937852561474, 0.061851311475]
    },
    "beats_position": [0.719818592072, 1.43963718414, 2.17106580734, 2.90249419212, 3.63392281532, 4.3653512001, 5.07355976105, 5.78176879883, 6.5015873909, 7.20979595184, 7.8251247406, 8.45206356049, 9.07900238037, 9.70594120026, 10.3444900513, 10.9249887466, 11.505487442, 12.0975961685, 12.7013149261, 13.2934236526, 13.8855323792, 14.4892511368, 15.0813598633, 15.6734695435, 16.2655773163, 16.8228569031, 17.391746521, 18.0419044495, 18.6920623779, 19.3422222137, 19.9807701111, 20.6309299469, 21.2694778442, 21.9196376801, 22.5697956085],
