{
"metadata": {
    "version": {
        "essentia": "2.1-beta5",
        "essentia_git_sha": "Undefined",
        "extractor": "music 2.0"
    },
    "audio_properties": {
        "analysis": {
            "equal_loudness": 0,
            "length": 29.0017242432,
            "sample_rate": 44100,
            "start_time": 48.7386856079,
            "downmix": "mix"
        },
        "bit_rate": 192000,
        "length": 194.687728882,
        "lossless": 0,
        "number_channels": 2,
        "replay_gain": -9.82822418213,
        "sample_rate": 48000,
        "codec": "mp3",
        "md5_encoded": "155874ffa2daf67aabd2100c85bd04be"
    },
    "tags": {
        "file_name": "Israel_There Must Be Another Way_Noa _ Mira Awad.mp3",
        "encoding": ["Lavf58.29.100"]
    }
},
"lowlevel": {
    "average_loudness": 0.947287261486,
    "barkbands_crest": {
        "max": 25.2959880829,
        "mean": 9.59521865845,
        "min": 3.23667144775,
        "stdev": 3.52958130836
    },
    "barkbands_flatness_db": {
        "max": 0.290800273418,
        "mean": 0.135849937797,
        "min": 0.0437522120774,
        "stdev": 0.040915183723
    },
    "barkbands_kurtosis": {
        "max": 76.2428512573,
        "mean": 4.0155711174,
        "min": -1.8684194088,
        "stdev": 5.84427309036
    },
    "barkbands_skewness": {
        "max": 7.68978643417,
        "mean": 1.30373513699,
        "min": -1.12654769421,
        "stdev": 0.976697742939
    },
    "barkbands_spread": {
        "max": 103.217132568,
        "mean": 17.1197071075,
        "min": 1.62729334831,
        "stdev": 13.8223495483
    },
    "dissonance": {
        "max": 0.498867720366,
        "mean": 0.440348535776,
        "min": 0.294733583927,
        "stdev": 0.0348222739995
    },
    "dynamic_complexity": 2.01463508606,
    "erbbands_crest": {
        "max": 25.3125019073,
        "mean": 10.4936494827,
        "min": 2.94030356407,
        "stdev": 4.06837940216
    },
    "erbbands_flatness_db": {
        "max": 0.288985818624,
        "mean": 0.167443558574,
        "min": 0.0773599222302,
        "stdev": 0.0373345278203
    },
    "erbbands_kurtosis": {
        "max": 12.877948761,
        "mean": 1.73738062382,
        "min": -1.66506826878,
        "stdev": 2.20548152924
    },
    "erbbands_skewness": {
        "max": 3.14377880096,
        "mean": 0.940660953522,
        "min": -2.43565058708,
        "stdev": 0.629443049431
    },
    "erbbands_spread": {
        "max": 135.109436035,
        "mean": 28.3574752808,
        "min": 6.48862409592,
        "stdev": 16.7941703796
    },
    "hfc": {
        "max": 356.026519775,
        "mean": 26.0142765045,
        "min": 3.0723900795,
        "stdev": 27.6556167603
    },
    "loudness_ebu128": {
        "integrated": -13.1369495392,
        "loudness_range": 3.43003082275,
        "momentary": {
            "max": -10.4903860092,
            "mean": -13.4592475891,
            "min": -17.4037971497,
            "stdev": 1.69989407063
        },
        "short_term": {
            "max": -11.2889146805,
            "mean": -13.4472370148,
            "min": -15.4720401764,
            "stdev": 1.26766192913
        }
    },
    "melbands_crest": {
        "max": 27.8922519684,
        "mean": 11.9379796982,
        "min": 4.21007966995,
        "stdev": 4.14773273468
    },
    "melbands_flatness_db": {
        "max": 0.359121352434,
        "mean": 0.203888237476,
        "min": 0.0765648037195,
        "stdev": 0.0527575388551
    },
    "melbands_kurtosis": {
        "max": 102.799324036,
        "mean": 7.35289001465,
        "min": -1.3219575882,
        "stdev": 8.52463531494
    },
    "melbands_skewness": {
        "max": 7.77125406265,
        "mean": 1.73311460018,
        "min": -0.586415052414,
        "stdev": 1.09825313091
    },
    "melbands_spread": {
        "max": 201.540328979,
        "mean": 20.1152744293,
        "min": 1.60813748837,
        "stdev": 15.1857728958
    },
    "pitch_salience": {
        "max": 0.82381516695,
        "mean": 0.556078374386,
        "min": 0.194606438279,
        "stdev": 0.0896232649684
    },
    "silence_rate_20dB": {
        "max": 1,
        "mean": 1,
        "min": 1,
        "stdev": 0
    },
    "silence_rate_30dB": {
        "max": 1,
        "mean": 1,
        "min": 1,
        "stdev": 0
    },
    "silence_rate_60dB": {
        "max": 0,
        "mean": 0,
        "min": 0,
        "stdev": 0
    },
    "spectral_centroid": {
        "max": 4668.84033203,
        "mean": 1057.42993164,
        "min": 289.48449707,
        "stdev": 485.648895264
    },
    "spectral_complexity": {
        "max": 48,
        "mean": 18.2936000824,
        "min": 4,
        "stdev": 7.5561466217
    },
    "spectral_decrease": {
        "max": -8.69236405077e-10,
        "mean": -8.1134547969e-09,
        "min": -2.47161153766e-08,
        "stdev": 4.33796465416e-09
    },
    "spectral_energy": {
        "max": 0.108188040555,
        "mean": 0.0329816415906,
        "min": 0.00364108104259,
        "stdev": 0.0174810420722
    },
    "spectral_energyband_high": {
        "max": 0.0369041077793,
        "mean": 0.000861793523654,
        "min": 1.02244966911e-05,
        "stdev": 0.00252414518036
    },
    "spectral_energyband_low": {
        "max": 0.0411992371082,
        "mean": 0.00706499116495,
        "min": 7.84471740189e-06,
        "stdev": 0.00770340720192
    },
    "spectral_energyband_middle_high": {
        "max": 0.0692635402083,
        "mean": 0.00971112214029,
        "min": 0.000204127471079,
        "stdev": 0.0113156726584
    },
    "spectral_energyband_middle_low": {
        "max": 0.0687193199992,
        "mean": 0.0166510473937,
        "min": 0.00129619869404,
        "stdev": 0.00972742494196
    },
    "spectral_entropy": {
        "max": 8.76222610474,
        "mean": 7.40647172928,
        "min": 6.11816167831,
        "stdev": 0.419447332621
    },
    "spectral_flux": {
        "max": 0.249531924725,
        "mean": 0.0882049128413,
        "min": 0.0159583874047,
        "stdev": 0.0397284254432
    },
    "spectral_kurtosis": {
        "max": 18.3321838379,
        "mean": 5.2998085022,
        "min": -1.54099452496,
        "stdev": 2.68762159348
    },
    "spectral_rms": {
        "max": 0.0102737192065,
        "mean": 0.00547147542238,
        "min": 0.00188474776223,
        "stdev": 0.00149669311941
    },
    "spectral_rolloff": {
        "max": 11283.3984375,
        "mean": 1235.79821777,
        "min": 193.798828125,
        "stdev": 1493.01074219
    },
    "spectral_skewness": {
        "max": 3.45805883408,
        "mean": 1.80760920048,
        "min": -0.157907694578,
        "stdev": 0.475516349077
    },
    "spectral_spread": {
        "max": 17622780,
        "mean": 4674237,
        "min": 2463702.75,
        "stdev": 1952015.875
    },
    "spectral_strongpeak": {
        "max": 11.6931934357,
        "mean": 1.60707712173,
        "min": 0.0584598258138,
        "stdev": 1.52796518803
    },
    "zerocrossingrate": {
        "max": 0.3603515625,
        "mean": 0.052974998951,
        "min": 0.01025390625,
        "stdev": 0.0396005176008
    },
    "barkbands": {
        "max": [0.00221642386168, 0.0373761206865, 0.0189591050148, 0.0136572103947, 0.0555155202746, 0.0210291184485, 0.0321384072304, 0.0334091223776, 0.0609044320881, 0.0561528392136, 0.0313451886177, 0.0103229414672, 0.0407587252557, 0.0332399345934, 0.0486784614623, 0.00675987545401, 0.00932096410543, 0.00452099693939, 0.00206296960823, 0.00387407676317, 0.00169669091702, 0.0030590291135, 0.00369221181609, 0.0101292068139, 0.0270311590284, 0.00263438886032, 0.000181072799023],
        "mean": [0.00029448341229, 0.00462406920269, 0.00171923509333, 0.000898117839824, 0.00491064181551, 0.00167534407228, 0.00281481910497, 0.00186025712173, 0.00305868312716, 0.00480237603188, 0.00149464304559, 0.000734820787329, 0.000749708036892, 0.000855017104186, 0.000486169388751, 0.000370590540115, 0.000223776441999, 0.000250332319411, 0.000208858371479, 0.000204589217901, 0.000136899572681, 9.16654607863e-05, 0.000102012752905, 0.000153574117576, 0.000209288831684, 4.76521745441e-05, 4.00710086979e-06],
        "min": [1.61279380961e-08, 6.25353720807e-07, 9.92218019746e-07, 1.44065836594e-06, 5.77306782361e-05, 6.4039895733e-06, 1.75159020728e-05, 7.15718942956e-06, 1.25282067529e-05, 1.88089179574e-05, 4.91104083267e-06, 6.62628099235e-06, 2.38174379774e-06, 2.36594064518e-06, 1.77165065907e-06, 1.33586422635e-06, 2.43177055381e-06, 4.19589241574e-06, 2.09912377613e-06, 1.84290240668e-06, 7.08207323896e-07, 1.43955719523e-06, 1.63518802765e-06, 7.15348164704e-07, 2.67138460686e-07, 1.5787784946e-07, 4.51356596542e-09],
        "stdev": [0.000448037637398, 0.00630609830841, 0.00185375404544, 0.00130042526871, 0.00547602726147, 0.00206814170815, 0.0037521396298, 0.00336954277009, 0.00468886177987, 0.00782943330705, 0.00278558209538, 0.00113859353587, 0.00224887952209, 0.00231309537776, 0.00205997261219, 0.000703296100255, 0.000499901012518, 0.000377179327188, 0.000244224094786, 0.000318812933983, 0.000204166630283, 0.000194518113858, 0.000264341855654, 0.000757123052608, 0.00132485327777, 0.000189797894564, 1.19440455819e-05]
    },
    "erbbands": {
        "max": [1.57401394844, 8.3481054306, 18.3556289673, 32.5935974121, 62.80909729, 290.867492676, 311.10559082, 177.15272522, 378.3230896, 641.90826416, 739.056091309, 1865.03320312, 1722.19592285, 1865.24230957, 870.251586914, 585.635620117, 1704.97351074, 768.625244141, 1151.04382324, 3083.72973633, 453.002960205, 275.082611084, 253.301025391, 92.0863952637, 153.300567627, 162.571044922, 73.2321777344, 85.6439819336, 100.162910461, 117.378120422, 114.766082764, 172.19909668, 350.523071289, 390.694488525, 92.1348876953, 17.4153270721, 4.25951576233, 0.515054225922, 0.0365122891963, 0.000919408514164],
        "mean": [0.180219992995, 0.846545696259, 1.92936754227, 2.66583228111, 7.66428184509, 19.661283493, 14.5794239044, 17.8094615936, 38.3528289795, 43.8397941589, 41.1108016968, 77.4957046509, 134.583114624, 87.9694595337, 51.5079078674, 31.8178119659, 35.9457511902, 33.8135032654, 34.5588226318, 29.2453098297, 17.1682434082, 12.2209291458, 13.6017389297, 11.6586418152, 10.0058660507, 9.87655830383, 6.32146453857, 5.01518774033, 3.42810583115, 3.10991048813, 2.87156629562, 2.82225108147, 3.0281829834, 2.90147852898, 0.999393343925, 0.27627903223, 0.0823321864009, 0.0113506102934, 0.000812960613985, 6.27302069915e-05],
        "min": [1.43767165355e-05, 0.00035018887138, 0.00177320768125, 0.00782876741141, 0.0580448955297, 0.20738607645, 0.333254188299, 0.446834921837, 0.524128556252, 0.310667127371, 0.47572812438, 0.671115279198, 0.632095694542, 1.21443033218, 0.358948916197, 0.363231182098, 0.276633054018, 0.204790920019, 0.113707520068, 0.124074846506, 0.183062165976, 0.200004324317, 0.321892470121, 0.144467204809, 0.146741971374, 0.16796657443, 0.0845360085368, 0.036776099354, 0.0511186681688, 0.0441709831357, 0.0424045175314, 0.0203794017434, 0.0124807916582, 0.00379083165899, 0.00224621011876, 0.00100357306655, 0.000276633596513, 3.48214089172e-05, 3.54995859198e-06, 5.33876027475e-06],
        "stdev": [0.275270670652, 1.15325844288, 2.05920386314, 2.83269357681, 8.52036476135, 28.3593196869, 20.0701713562, 20.5994205475, 47.207775116, 76.5825042725, 59.6209487915, 123.161979675, 207.555557251, 152.358764648, 77.7801361084, 47.6044807434, 98.9685897827, 73.4187393188, 86.2618103027, 117.365280151, 33.0872039795, 20.5746212006, 20.3011703491, 13.2800559998, 12.7962875366, 15.5104255676, 8.72484397888, 8.01446247101, 6.76422405243, 7.18740606308, 7.85897636414, 11.4899377823, 17.6459693909, 18.1996974945, 6.16665744781, 1.33785068989, 0.311270534992, 0.0387514531612, 0.00226420094259, 7.35490830266e-05]
    },
    "gfcc": {
        "mean": [22.2124633789, 95.1564407349, -110.578323364, 11.8499298096, -67.1363754272, 9.98015594482, -32.7483940125, 13.2288484573, -26.3871879578, -1.28823721409, -16.3390083313, 2.51848745346, -8.11852931976],
        "cov": [[1709.98474121, -578.182067871, -251.951934814, 103.16847229, 155.063491821, 357.18762207, 192.281082153, 91.6533126831, 99.4909667969, 201.793060303, -94.7662582397, -47.9737167358, 35.4011955261], [-578.182067871, 878.541320801, 105.85684967, 82.7220306396, 137.680404663, -118.052589417, 89.3410263062, 30.5880203247, 71.9189529419, -61.0414276123, 77.0353164673, -24.233127594, 8.3319644928], [-251.951934814, 105.85684967, 792.113647461, 203.372879028, 54.2281494141, 119.996994019, -47.0446624756, 86.5378723145, 50.864025116, -15.5575933456, 30.2728309631, 56.2323036194, -22.7676773071], [103.16847229, 82.7220306396, 203.372879028, 339.460601807, 112.839759827, 79.0938186646, 36.8532562256, 67.5347900391, 80.332572937, -0.804018437862, -18.2763900757, 23.458990097, 31.653591156], [155.063491821, 137.680404663, 54.2281494141, 112.839759827, 214.618896484, 119.240768433, 86.507850647, 59.1510009766, 56.8767623901, 33.3333816528, -13.0635948181, -0.248153746128, 29.7398948669], [357.18762207, -118.052589417, 119.996994019, 79.0938186646, 119.240768433, 309.317016602, 132.072479248, 63.755443573, 26.524356842, 71.13621521, 3.19240260124, -21.0104637146, 20.0013008118], [192.281082153, 89.3410263062, -47.0446624756, 36.8532562256, 86.507850647, 132.072479248, 225.672958374, 50.3336372375, 18.3551502228, 52.484336853, 16.9052467346, -19.8899250031, 13.3126878738], [91.6533126831, 30.5880203247, 86.5378723145, 67.5347900391, 59.1510009766, 63.755443573, 50.3336372375, 124.179718018, 77.7975616455, 15.6480884552, -2.83138465881, 9.73843097687, 27.0142555237], [99.4909667969, 71.9189529419, 50.864025116, 80.332572937, 56.8767623901, 26.524356842, 18.3551502228, 77.7975616455, 131.559997559, 28.4855575562, -17.1569919586, 8.52253437042, 21.4506187439], [201.793060303, -61.0414276123, -15.5575933456, -0.804018437862, 33.3333816528, 71.13621521, 52.484336853, 15.6480884552, 28.4855575562, 105.756263733, 21.8533706665, -16.4780807495, 4.77346229553], [-94.7662582397, 77.0353164673, 30.2728309631, -18.2763900757, -13.0635948181, 3.19240260124, 16.9052467346, -2.83138465881, -17.1569919586, 21.8533706665, 100.003540039, 2.77088499069, -17.5007686615], [-47.9737167358, -24.233127594, 56.2323036194, 23.458990097, -0.248153746128, -21.0104637146, -19.8899250031, 9.73843097687, 8.52253437042, -16.4780807495, 2.77088499069, 82.34349823, 27.8781490326], [35.4011955261, 8.3319644928, -22.7676773071, 31.653591156, 29.7398948669, 20.0013008118, 13.3126878738, 27.0142555237, 21.4506187439, 4.77346229553, -17.5007686615, 27.8781490326, 83.4980697632]],
        "icov": [[0.00150596885942, 0.000954998482484, 0.000583616027143, -0.000429358362453, -0.000622550433036, -0.000680015888065, -0.00051372271264, -8.72386954143e-05, -0.000835459446535, -0.00120111822616, 0.000643824634608, 0.000279419939034, 0.000407818239182], [0.000954998482484, 0.00406786147505, -0.000836428895127, 0.00026786379749, -0.00367921241559, 0.00304246810265, -0.00323034333996, 0.00226053106599, -0.00380366668105, 0.0032701944001, -0.00372536107898, 0.00383183383383, -0.0020450768061], [0.000583616027143, -0.000836428895127, 0.00273711746559, -0.00140490254853, 0.0010254328372, -0.002635252662, 0.00206666300073, -0.00218677939847, 0.00109359202906, -0.00147858844139, 0.000964234874118, -0.00262188655324, 0.00264003663324], [-0.000429358362453, 0.00026786379749, -0.00140490254853, 0.00486893253401, -0.00188016484026, 0.000619224214461, -0.000821441295557, 0.000970457331277, -0.00233342614956, 0.00212066760287, -0.000538271560799, 0.000437309296103, -0.00151582679246], [-0.000622550433036, -0.00367921241559, 0.0010254328372, -0.00188016484026, 0.0109691275284, -0.00471120607108, 0.00156920321751, -0.00248671229929, 0.00205826642923, -0.00354169518687, 0.00426609907299, -0.00356298964471, 0.0011568571208], [-0.000680015888065, 0.00304246810265, -0.002635252662, 0.000619224214461, -0.00471120607108, 0.0101019851863, -0.00499426480383, 0.00102272024378, -0.00096630922053, 0.00160204258282, -0.00341077125631, 0.00507841585204, -0.00349883455783], [-0.00051372271264, -0.00323034333996, 0.00206666300073, -0.000821441295557, 0.00156920321751, -0.00499426480383, 0.0101488539949, -0.00463818013668, 0.00447826972231, -0.00423601130024, 0.00193646049593, -0.00288426550105, 0.0023955621291], [-8.72386954143e-05, 0.00226053106599, -0.00218677939847, 0.000970457331277, -0.00248671229929, 0.00102272024378, -0.00463818013668, 0.018220404163, -0.0112660750747, 0.0054033906199, -0.0040908139199, 0.00285051879473, -0.00489120278507], [-0.000835459446535, -0.00380366668105, 0.00109359202906, -0.00233342614956, 0.00205826642923, -0.00096630922053, 0.00447826972231, -0.0112660750747, 0.0190995577723, -0.00823026709259, 0.0062590460293, -0.00424189167097, 0.00263782776892], [-0.00120111822616, 0.0032701944001, -0.00147858844139, 0.00212066760287, -0.00354169518687, 0.00160204258282, -0.00423601130024, 0.0054033906199, -0.00823026709259, 0.0199997182935, -0.00914273783565, 0.00597384478897, -0.00415907008573], [0.000643824634608, -0.00372536107898, 0.000964234874118, -0.000538271560799, 0.00426609907299, -0.00341077125631, 0.00193646049593, -0.0040908139199, 0.0062590460293, -0.00914273783565, 0.0175116732717, -0.00605595204979, 0.00548509601504], [0.000279419939034, 0.00383183383383, -0.00262188655324, 0.000437309296103, -0.00356298964471, 0.00507841585204, -0.00288426550105, 0.00285051879473, -0.00424189167097, 0.00597384478897, -0.00605595204979, 0.0202635675669, -0.00907798018306], [0.000407818239182, -0.0020450768061, 0.00264003663324, -0.00151582679246, 0.0011568571208, -0.00349883455783, 0.0023955621291, -0.00489120278507, 0.00263782776892, -0.00415907008573, 0.00548509601504, -0.00907798018306, 0.0186692848802]]
    },
    "melbands": {
        "max": [0.0115115595981, 0.00831928942353, 0.00529280537739, 0.0091492049396, 0.0113510759547, 0.00349482172169, 0.00541475135833, 0.00785997416824, 0.00691250618547, 0.0120402872562, 0.00899690575898, 0.00753498543054, 0.00228131166659, 0.00148509116843, 0.00511315045878, 0.0029074754566, 0.0018616868183, 0.00277494406328, 0.00367336301133, 0.00203427043743, 0.000736396701541, 0.000422408338636, 0.000332664669259, 0.000275143887848, 9.01317689568e-05, 0.000110393521027, 0.000199904723559, 0.00012886771583, 6.09044618614e-05, 4.649897528e-05, 4.60747723992e-05, 5.13204904564e-05, 8.10650453786e-05, 5.93874428887e-05, 7.18596566003e-05, 7.92897699284e-05, 0.000144748977618, 0.00014368329721, 0.000757380097639, 0.00020640117873],
        "mean": [0.00139805977233, 0.00101496721618, 0.000583293789532, 0.000998727977276, 0.000646719592623, 0.000406920677051, 0.000560342043173, 0.000469007587526, 0.000385620660381, 0.000455622997833, 0.000699838565197, 0.00040506478399, 0.000177961730515, 9.26206703298e-05, 8.92449752428e-05, 6.90388042131e-05, 6.67690546834e-05, 6.55502662994e-05, 3.83848200727e-05, 3.41718550771e-05, 1.73677726707e-05, 1.24716307255e-05, 1.19782607726e-05, 1.25239994304e-05, 8.97269001143e-06, 8.03905550129e-06, 6.24048288955e-06, 6.78005608279e-06, 4.28212524639e-06, 3.34113087774e-06, 2.64695017904e-06, 1.85568671895e-06, 1.83879899396e-06, 1.70989369508e-06, 1.61972138812e-06, 1.67024802522e-06, 1.75033187588e-06, 1.7083604007e-06, 3.03975048155e-06, 2.25191593017e-06],
        "min": [2.47687069077e-07, 9.03474926872e-07, 1.4115249769e-06, 1.18151147035e-05, 6.24852782494e-06, 7.74761758748e-07, 4.83084295411e-06, 1.15807165457e-06, 2.18441982724e-06, 1.90696880509e-06, 2.39632822741e-06, 2.41548059421e-06, 8.41182895783e-07, 7.53256870212e-07, 3.51497362772e-07, 2.22149338924e-07, 2.49596297408e-07, 1.72938655396e-07, 1.91426892115e-07, 9.31021730821e-08, 1.55126201662e-07, 1.43868575719e-07, 2.15394933889e-07, 1.75037129679e-07, 8.30190742818e-08, 6.67109176788e-08, 7.69718297988e-08, 5.65979512146e-08, 3.188274178e-08, 1.34796644957e-08, 1.80007422301e-08, 2.50691662984e-08, 1.5351165672e-08, 2.98014537492e-08, 2.43981137515e-08, 1.43840130917e-08, 1.0346828283e-08, 7.93007259858e-09, 5.33920063717e-09, 1.67604119472e-09],
        "stdev": [0.00200698617846, 0.00105207192246, 0.000577865750529, 0.00112895935308, 0.000882246706169, 0.000443704397185, 0.000687586551066, 0.000848356925417, 0.000577387341764, 0.000748850521632, 0.00110404449515, 0.000723736069631, 0.000291592237772, 0.000138496790896, 0.000215822685277, 0.000221452108235, 0.000162025899044, 0.000183703989023, 0.000170950079337, 9.07465509954e-05, 4.39204886789e-05, 2.47066454904e-05, 1.95552402147e-05, 2.04002608371e-05, 1.07718769868e-05, 1.11402705443e-05, 1.03519942058e-05, 1.13930773296e-05, 6.47497154205e-06, 5.26111398358e-06, 4.55056851933e-06, 3.78531308343e-06, 4.25845155405e-06, 4.02068235417e-06, 4.33862032878e-06, 5.4100255511e-06, 8.16733972897e-06, 8.65098445502e-06, 2.5436436772e-05, 1.32829363793e-05]
    },
    "melbands128": {
        "max": [0.00219401228242, 0.0139018995687, 0.0161104761064, 0.0132736116648, 0.00870499294251, 0.00972397439182, 0.00779173569754, 0.00850799214095, 0.0086725410074, 0.0093321185559, 0.0210187584162, 0.0205774828792, 0.0133602451533, 0.00930342637002, 0.00663020648062, 0.0067586582154, 0.00736957695335, 0.0080530596897, 0.00995363574475, 0.0117452703416, 0.013178168796, 0.00988882873207, 0.0130631383508, 0.00826894119382, 0.0175281148404, 0.015565671958, 0.00780615769327, 0.0152430441231, 0.0194148626179, 0.0136154918, 0.012634107843, 0.00696632498875, 0.0036931252107, 0.00659090699628, 0.00273871398531, 0.0022800876759, 0.00167527329177, 0.00498906103894, 0.01024842076, 0.00380310998298, 0.0037225310225, 0.00207609217614, 0.00223875814117, 0.00449838489294, 0.00921000912786, 0.00332729169168, 0.00314744771458, 0.00380101567134, 0.00958622060716, 0.00463463924825, 0.00125863484573, 0.000820464396384, 0.000647038570605, 0.00182012061123, 0.0013545647962, 0.000245228671702, 0.000358315475751, 0.000585533154663, 0.000280700071016, 0.000381656398531, 0.0004861492489, 0.000370071502402, 0.000155441215611, 0.000135392649099, 0.000120388358482, 0.000196408611373, 0.000163060147315, 5.96193494857e-05, 0.000384067476261, 0.000335098186042, 0.000200246518943, 0.000336419325322, 0.000109267588414, 9.77833042271e-05, 6.25653046882e-05, 9.07203720999e-05, 5.75992635277e-05, 0.00012610599515, 6.51081136311e-05, 6.50364600006e-05, 7.95494997874e-05, 6.8966546678e-05, 5.6838580349e-05, 0.000101459503639, 8.09642588138e-05, 6.63446699036e-05, 7.88088145782e-05, 5.45281582163e-05, 0.000103917795059, 6.18945050519e-05, 0.000124409925775, 7.78639441705e-05, 9.84978178167e-05, 0.000137045077281, 0.000237380460021, 0.000102094469185, 0.000160524432431, 0.000278343941318, 0.00107706349809, 0.000999325304292, 0.00021160650067, 0.000295824371278, 0.000230020479648, 9.28155131987e-05, 0.000182459742064, 0.000182747171493, 8.39578278828e-05, 4.87950565002e-05, 4.31936023233e-05, 3.36336124747e-05, 1.71743304236e-05, 1.61397911143e-05, 1.75123423105e-05, 1.15471257232e-05, 7.10883887223e-06, 4.92994104206e-06, 2.87386205855e-06, 2.32678644352e-06, 2.83536860479e-06, 1.43234774441e-06, 3.64084058901e-07, 3.60031577884e-07, 1.41945548648e-07, 4.24586161785e-08, 4.19264374329e-08, 4.14816661021e-08, 4.1165048259e-08, 4.09689064895e-08],
        "mean": [0.000288995652227, 0.0016001224285, 0.00173618644476, 0.00127443985548, 0.00103924761061, 0.000797004206106, 0.000505067058839, 0.000458521506516, 0.000747041078284, 0.00103939545806, 0.00119516800623, 0.00100021262188, 0.000401952449465, 0.000329072383465, 0.000416634313297, 0.00031930746627, 0.000738574017305, 0.000555251201149, 0.000443870201707, 0.000503563904203, 0.000535062456038, 0.000214172483538, 0.000306090980303, 0.000618918042164, 0.000615946773905, 0.000327007903252, 0.000236179825151, 0.000802155409474, 0.00115978578106, 0.000383498205338, 0.000218199798837, 0.000219252629904, 0.000145907324622, 0.000208627985558, 8.63310488057e-05, 6.39460922685e-05, 7.3655435699e-05, 0.000107675972686, 8.56018377817e-05, 7.78413523221e-05, 7.45871366234e-05, 3.70855414076e-05, 4.07443330914e-05, 9.37700242503e-05, 0.00012379339023, 4.13089619542e-05, 2.77962335531e-05, 3.57429671567e-05, 4.66868477815e-05, 4.07171792176e-05, 3.58673532901e-05, 2.40569224843e-05, 1.38069081004e-05, 1.98846391868e-05, 1.30692305902e-05, 1.07963232949e-05, 1.19640608318e-05, 1.26681115944e-05, 1.13029827844e-05, 1.21631392176e-05, 1.39925641633e-05, 1.15987095342e-05, 9.79378273769e-06, 7.7823351603e-06, 8.29608779895e-06, 8.68305232871e-06, 8.0402023741e-06, 5.23315202372e-06, 6.23794039711e-06, 6.78736932969e-06, 6.43153362034e-06, 7.85883275967e-06, 5.09565188622e-06, 3.81891777579e-06, 2.71122394224e-06, 3.25598875861e-06, 3.95840424972e-06, 3.01366026179e-06, 2.74321473626e-06, 1.76027469934e-06, 1.87114756045e-06, 1.76755622761e-06, 2.03790250453e-06, 1.94041876966e-06, 1.57816987212e-06, 1.69859958987e-06, 1.82205565125e-06, 1.58633065439e-06, 1.66570748661e-06, 1.56441001309e-06, 1.63143431564e-06, 1.74127740138e-06, 1.63260176578e-06, 1.82324708931e-06, 1.84716986951e-06, 1.39578128255e-06, 1.57024339842e-06, 2.28014573622e-06, 3.23741369357e-06, 3.3935796182e-06, 2.68192411568e-06, 2.13853923015e-06, 1.72120951447e-06, 1.07013534034e-06, 1.09205666377e-06, 1.09209281618e-06, 6.67764993523e-07, 4.70092857086e-07, 4.07526272284e-07, 3.86218744097e-07, 3.57385061989e-07, 3.07182318693e-07, 2.5563156214e-07, 1.99135484991e-07, 1.61052739145e-07, 1.02057683193e-07, 5.22168406292e-08, 4.0883346486e-08, 3.58435805481e-08, 2.38441479894e-08, 1.28996502369e-08, 9.20742326826e-09, 5.05912156612e-09, 2.07192762947e-10, 5.95894653066e-11, 5.90101578712e-11, 5.85545084641e-11, 5.82691325746e-11],
        "min": [1.92431737212e-09, 3.90337095979e-09, 6.45209468075e-08, 1.826757412e-08, 3.33386708462e-07, 3.28427915974e-07, 1.56076296776e-07, 4.73843556392e-07, 1.39533926813e-06, 3.2791438116e-06, 1.81013683687e-06, 4.17718354129e-07, 1.25824465158e-06, 5.75961109917e-07, 3.13819327857e-07, 2.74315908655e-07, 9.06439652226e-07, 1.4467341316e-06, 3.12392842261e-07, 1.45410538721e-07, 2.8676984698e-07, 2.43391383492e-07, 1.53225897748e-07, 4.21545394147e-07, 7.54477753162e-07, 3.89403339796e-07, 2.11443818898e-07, 1.52349684868e-06, 5.56497127491e-07, 4.15250440255e-07, 7.36607773888e-07, 4.75903505048e-07, 1.7676478592e-07, 4.37939917219e-07, 3.46394557482e-07, 2.38135413611e-07, 1.51627546074e-07, 4.56137208005e-08, 4.66825298417e-08, 1.59314566872e-07, 1.20115061009e-07, 5.44935829794e-08, 1.50027048562e-07, 1.04182412031e-07, 6.94510191579e-08, 6.70459314733e-08, 7.71680959133e-08, 1.03705104948e-07, 4.07949194425e-08, 2.90675110648e-08, 5.11159861105e-08, 7.03459832607e-08, 5.5250794162e-08, 6.79074929621e-08, 8.22946759627e-08, 3.72328159415e-08, 9.41994713344e-08, 1.03728190481e-07, 7.92975782815e-08, 6.90579966545e-08, 6.83572878302e-08, 2.81121401713e-08, 4.67871181797e-08, 2.26128147318e-08, 4.49625332521e-08, 5.26633066045e-08, 4.57577691293e-08, 3.05292218172e-08, 4.22706278869e-08, 2.77893938971e-08, 2.93344193381e-08, 4.43317524912e-08, 4.21967527586e-08, 1.21928040997e-08, 1.54327715052e-08, 1.01925099472e-08, 8.38041724904e-09, 1.15135083689e-08, 6.29244878425e-09, 5.74633629569e-09, 1.05522630633e-08, 1.1953795287e-08, 8.7846538932e-09, 1.79031189873e-08, 1.04778115073e-08, 1.79829893199e-08, 2.1205865508e-08, 1.67312883548e-08, 5.87553916631e-09, 1.57798947242e-08, 7.66329844026e-09, 1.01686810083e-08, 8.67423644024e-09, 9.28869070549e-09, 6.04743632948e-09, 7.67687247105e-09, 4.79037032264e-09, 3.97145205611e-09, 3.20947846078e-09, 2.88344303989e-09, 1.26863963779e-09, 1.21555510102e-09, 2.21829110636e-09, 1.00924535396e-09, 1.26266019862e-09, 2.21063634065e-09, 2.52216403318e-09, 1.57128576816e-09, 1.11372766565e-09, 1.29167398999e-09, 1.24927301837e-09, 8.57554693923e-10, 8.01358368552e-10, 6.3351873747e-10, 1.60370244862e-10, 2.35151564887e-10, 6.59854809681e-11, 1.20330275691e-12, 1.20124030623e-13, 1.08600052508e-13, 8.88212368781e-14, 8.07448522649e-14, 7.6758044365e-14, 5.08683535832e-14, 3.19551785206e-14, 1.52698576575e-14, 2.7887598406e-15, 1.26134998133e-16],
        "stdev": [0.000442021817435, 0.00255416845903, 0.00272819888778, 0.00176669133361, 0.00121806084644, 0.000856559141539, 0.000608577567618, 0.000766979181208, 0.00103121204302, 0.00138246826828, 0.00212915195152, 0.00176177872345, 0.000752830703277, 0.000631943868939, 0.00067455205135, 0.000531303405296, 0.00108940014616, 0.00085029163165, 0.00113162980415, 0.00116266147234, 0.00119651237037, 0.000593171687797, 0.00077530083945, 0.00120766262989, 0.0012472247472, 0.000902341853362, 0.000655956333503, 0.00157545076218, 0.00231325649656, 0.000966618768871, 0.000741550815292, 0.000628773297649, 0.000299664301565, 0.000467917241622, 0.000183480879059, 0.000171094914549, 0.000148436054587, 0.000272196688456, 0.00041919722571, 0.000291836215183, 0.000314254168188, 0.000146640988532, 0.000139929077704, 0.000296418147627, 0.000496125838254, 0.000156267225975, 0.000127145889564, 0.000158211521921, 0.000363015511539, 0.000170854633325, 9.63985658018e-05, 6.6297223384e-05, 3.43270876328e-05, 8.35938044474e-05, 5.93655640841e-05, 1.93679716176e-05, 2.5728766559e-05, 3.06226829707e-05, 2.04837615456e-05, 2.14895080717e-05, 2.91962387564e-05, 2.58664858848e-05, 1.60598847287e-05, 1.1935539078e-05, 1.37881716e-05, 1.669773701e-05, 1.3639253666e-05, 7.15342684998e-06, 1.64157609106e-05, 1.72050949914e-05, 1.2844214325e-05, 1.96068231162e-05, 8.84396649781e-06, 7.93987146608e-06, 4.70944314657e-06, 6.25406664767e-06, 6.89838907419e-06, 7.27214910512e-06, 5.09098799739e-06, 4.22647462983e-06, 4.63072638013e-06, 3.99697046305e-06, 4.49520985057e-06, 5.08646735398e-06, 4.2921824388e-06, 4.27100849265e-06, 4.47356887889e-06, 3.57808607987e-06, 5.33299589733e-06, 4.40484109276e-06, 5.72979843128e-06, 5.98911583438e-06, 6.0913712332e-06, 8.55081816553e-06, 1.10026603579e-05, 6.71504312777e-06, 7.72144539951e-06, 1.50354426296e-05, 3.37175151799e-05, 3.15709039569e-05, 1.5580051695e-05, 1.36980852403e-05, 1.14881868285e-05, 6.25258462605e-06, 7.71235409047e-06, 9.11989718588e-06, 4.34194316767e-06, 2.40593863055e-06, 1.98519705918e-06, 1.80657343662e-06, 1.38320910992e-06, 1.22239794109e-06, 1.02066758245e-06, 7.03543719283e-07, 5.58369606551e-07, 3.4347092992e-07, 1.82871119137e-07, 1.62011787097e-07, 1.34827274678e-07, 8.01695350106e-08, 2.91438961852e-08, 2.34493278128e-08, 1.36934081851e-08, 1.54717361145e-09, 1.42136624692e-09, 1.4084232669e-09, 1.39816969114e-09, 1.39153688572e-09]
    },
    "mfcc": {
        "mean": [-625.922546387, 133.062179565, 5.95557880402, 8.231590271, -7.89046573639, -5.18673944473, 1.81418907642, 6.51802301407, -1.02453303337, 1.46936678886, -6.09471130371, -5.7991604805, -3.86952233315],
        "cov": [[1956.16308594, -640.85559082, -444.726135254, -110.512969971, -54.4435539246, 283.203948975, 125.197967529, 5.06792068481, 220.954040527, 229.173614502, 65.5756988525, -41.4625740051, -19.8638362885], [-640.85559082, 749.765319824, 23.9783744812, 117.726394653, 24.7583808899, -75.1742553711, 12.6650152206, 36.2101860046, -38.8553733826, 7.45206928253, 21.7553062439, 36.9383773804, 4.72738552094], [-444.726135254, 23.9783744812, 686.290893555, 94.4499206543, 191.412368774, 8.81701374054, 10.8423748016, 66.3778686523, 16.0118789673, -53.3157653809, 67.435295105, 59.2571563721, 49.8113746643], [-110.512969971, 117.726394653, 94.4499206543, 280.523101807, 88.2841644287, 3.38831210136, -35.7429695129, 66.4390411377, 63.5880012512, -22.8234500885, -5.50716495514, 44.7632713318, 19.7810211182], [-54.4435539246, 24.7583808899, 191.412368774, 88.2841644287, 239.244674683, 42.1762924194, -9.74416446686, 52.5263900757, 74.2300872803, -2.1382727623, 29.1195487976, 30.9927940369, 13.0994997025], [283.203948975, -75.1742553711, 8.81701374054, 3.38831210136, 42.1762924194, 222.452468872, 125.91192627, 35.4601554871, 69.6700210571, 75.9793243408, 42.9860153198, -10.951748848, -9.29204177856], [125.197967529, 12.6650152206, 10.8423748016, -35.7429695129, -9.74416446686, 125.91192627, 211.318634033, 32.4572944641, 9.68069171906, 89.4745635986, 28.7327804565, 1.85861599445, 11.5908517838], [5.06792068481, 36.2101860046, 66.3778686523, 66.4390411377, 52.5263900757, 35.4601554871, 32.4572944641, 137.187606812, 77.7767562866, 9.15897941589, 21.463842392, 8.57612228394, 2.18090009689], [220.954040527, -38.8553733826, 16.0118789673, 63.5880012512, 74.2300872803, 69.6700210571, 9.68069171906, 77.7767562866, 197.584579468, 51.1322479248, 8.2939825058, -1.90379941463, 5.14856624603], [229.173614502, 7.45206928253, -53.3157653809, -22.8234500885, -2.1382727623, 75.9793243408, 89.4745635986, 9.15897941589, 51.1322479248, 175.154434204, 52.027557373, -14.1109933853, 0.0975074768066], [65.5756988525, 21.7553062439, 67.435295105, -5.50716495514, 29.1195487976, 42.9860153198, 28.7327804565, 21.463842392, 8.2939825058, 52.027557373, 115.350189209, 16.8163261414, -11.7805490494], [-41.4625740051, 36.9383773804, 59.2571563721, 44.7632713318, 30.9927940369, -10.951748848, 1.85861599445, 8.57612228394, -1.90379941463, -14.1109933853, 16.8163261414, 77.4547729492, 33.2977828979], [-19.8638362885, 4.72738552094, 49.8113746643, 19.7810211182, 13.0994997025, -9.29204177856, 11.5908517838, 2.18090009689, 5.14856624603, 0.0975074768066, -11.7805490494, 33.2977828979, 78.1943130493]],
        "icov": [[0.00144741451368, 0.00112637854181, 0.00100642233156, -3.24021748384e-05, 2.13836738112e-05, -0.000806213996839, -1.76309022208e-05, 0.000193640778889, -0.00102937931661, -0.000763264717534, -0.000899774546269, -0.000502144335769, -0.000288495299174], [0.00112637854181, 0.00253111333586, 0.000941250124015, -0.000861147884279, -0.000228751538089, 0.000447945290944, -0.00073131051613, -0.000190825405298, -0.000259091757471, -0.000864925095811, -0.00110115937423, -0.000582317763474, 5.6852317357e-05], [0.00100642233156, 0.000941250124015, 0.00302394968458, -0.000331502233166, -0.00164709310047, -4.71800194646e-05, -0.000764298951253, -0.000212041413761, -0.000370267138351, 0.000717369432095, -0.00232081394643, -4.03569392802e-05, -0.00156314612832], [-3.24021748384e-05, -0.000861147884279, -0.000331502233166, 0.00552118802443, -0.000656842137687, -0.00114033475984, 0.00187372905202, -0.0019071380375, -0.000620036385953, -0.000201501359697, 0.00165290664881, -0.0027093028184, 5.2081701142e-05], [2.13836738112e-05, -0.000228751538089, -0.00164709310047, -0.000656842137687, 0.00685445172712, -0.00152951001655, 0.00139640097041, -0.00033501588041, -0.0016756108962, -0.000172222935362, -3.07613881887e-05, -0.0014451550087, 0.000428266444942], [-0.000806213996839, 0.000447945290944, -4.71800194646e-05, -0.00114033475984, -0.00152951001655, 0.0101458802819, -0.00611660489812, 0.00112320610788, -0.0019411155954, 0.000905994034838, -0.00218197028153, 0.00214808457531, 0.00130710471421], [-1.76309022208e-05, -0.00073131051613, -0.000764298951253, 0.00187372905202, 0.00139640097041, -0.00611660489812, 0.0108421938494, -0.00339790200815, 0.00280981860124, -0.00435949582607, 0.00249120034277, -0.00217394065112, -0.00129907845985], [0.000193640778889, -0.000190825405298, -0.000212041413761, -0.0019071380375, -0.00033501588041, 0.00112320610788, -0.00339790200815, 0.0119695328176, -0.00494335545227, 0.00236849812791, -0.00259329983965, 0.00118050863966, 0.000466822151793], [-0.00102937931661, -0.000259091757471, -0.000370267138351, -0.000620036385953, -0.0016756108962, -0.0019411155954, 0.00280981860124, -0.00494335545227, 0.0101733664051, -0.00290682492778, 0.00264128856361, 0.000474408239825, -0.000552013865672], [-0.000763264717534, -0.000864925095811, 0.000717369432095, -0.000201501359697, -0.000172222935362, 0.000905994034838, -0.00435949582607, 0.00236849812791, -0.00290682492778, 0.0112841520458, -0.0050703943707, 0.00351995392703, -0.00191642332356], [-0.000899774546269, -0.00110115937423, -0.00232081394643, 0.00165290664881, -3.07613881887e-05, -0.00218197028153, 0.00249120034277, -0.00259329983965, 0.00264128856361, -0.0050703943707, 0.0148537354544, -0.00529793510213, 0.0046734623611], [-0.000502144335769, -0.000582317763474, -4.03569392802e-05, -0.0027093028184, -0.0014451550087, 0.00214808457531, -0.00217394065112, 0.00118050863966, 0.000474408239825, 0.00351995392703, -0.00529793510213, 0.0206592101604, -0.00822577346116], [-0.000288495299174, 5.6852317357e-05, -0.00156314612832, 5.2081701142e-05, 0.000428266444942, 0.00130710471421, -0.00129907845985, 0.000466822151793, -0.000552013865672, -0.00191642332356, 0.0046734623611, -0.00822577346116, 0.0182032771409]]
    },
    "spectral_contrast_coeffs": {
        "max": [-0.350564271212, -0.460412800312, -0.468729764223, -0.57966864109, -0.615692615509, -0.648041367531],
        "mean": [-0.680825531483, -0.682874441147, -0.701270639896, -0.779100716114, -0.784082233906, -0.784137785435],
        "min": [-0.866962909698, -0.919921755791, -0.866678237915, -0.897818744183, -0.877758979797, -0.871206462383],
        "stdev": [0.0865076854825, 0.0730879157782, 0.0716393813491, 0.0608955807984, 0.0406217910349, 0.0360473580658]
    },
    "spectral_contrast_valleys": {
        "max": [-5.18963956833, -5.00209712982, -5.49915790558, -5.73960113525, -6.10955715179, -7.3353972435],
        "mean": [-6.66794204712, -6.56227445602, -7.04970216751, -7.64747810364, -7.63003587723, -10.0191602707],
        "min": [-9.30297470093, -8.13020420074, -8.71313858032, -9.26879501343, -9.10849094391, -11.7719345093],
        "stdev": [0.74331253767, 0.51066583395, 0.578563868999, 0.624982297421, 0.608688652515, 0.683398604393]
    }
},
"rhythm": {
    "beats_count": 51,
    "beats_loudness": {
        "max": 0.080771766603,
        "mean": 0.042406026274,
        "min": 0.0149815799668,
        "stdev": 0.0180860962719
    },
    "bpm": 106.109588623,
    "bpm_histogram_first_peak_bpm": 105,
    "bpm_histogram_first_peak_weight": 0.291666686535,
    "bpm_histogram_second_peak_bpm": 115,
    "bpm_histogram_second_peak_spread": 0.5,
    "bpm_histogram_second_peak_weight": 0.019999999553,
    "danceability": 1.14884388447,
    "onset_rate": 3.79136013985,
    "beats_loudness_band_ratio": {
        "max": [0.814619600773, 0.567487716675, 0.684508740902, 0.755784869194, 0.264000177383, 0.0879901498556],
        "mean": [0.275788038969, 0.177450165153, 0.285979956388, 0.227768152952, 0.0692408829927, 0.0309684518725],
        "min": [0.00226436252706, 0.0145295085385, 0.0324257612228, 0.00955723132938, 0.00363525189459, 0.00296703446656],
        "stdev": [0.202811270952, 0.11572907865, 0.164414688945, 0.167757704854, 0.0614471137524, 0.0236013829708]
    },
    "beats_position": [0.49922901392, 1.01006805897, 1.53251695633, 2.08979582787, 2.6470746994, 3.21596360207, 3.78485250473, 4.34213161469, 4.91102027893, 5.47990942001, 6.04879808426, 6.6176867485, 7.17496585846, 7.74385452271, 8.31274318695, 8.87002277374, 9.43891143799, 10.0078001022, 10.5650787354, 11.1339683533, 11.7028570175, 12.2717456818, 12.840634346, 13.3979139328, 13.966802597, 14.5356912613, 15.0929698944, 15.6618595123, 16.2307472229, 16.7880268097, 17.3569164276, 17.9258041382, 18.4946937561, 19.0635814667, 19.6324710846, 20.2013607025, 20.7702484131, 21.339138031, 21.8964176178, 22.4653053284, 23.0341949463, 23.6030826569, 24.1603622437, 24.7176418304, 25.286529541, 25.8554191589, 26.4243087769, 26.9931964874, 27.5620861053, 28.1193637848, 28.6766433716],
