{
"metadata": {
    "version": {
        "essentia": "2.1-beta5",
        "essentia_git_sha": "Undefined",
        "extractor": "music 2.0"
    },
    "audio_properties": {
        "analysis": {
            "equal_loudness": 0,
            "length": 26.5055561066,
            "sample_rate": 44100,
            "start_time": 158.998641968,
            "downmix": "mix"
        },
        "bit_rate": 192000,
        "length": 185.52746582,
        "lossless": 0,
        "number_channels": 2,
        "replay_gain": -0.224143981934,
        "sample_rate": 48000,
        "codec": "mp3",
        "md5_encoded": "674f42c82d49bfd1b7fa658fcbc0a1a6"
    },
    "tags": {
        "file_name": "Ireland_Et Cetera_Sinéad Mulvey _ Black Daisy.mp3",
        "encoding": ["Lavf58.29.100"]
    }
},
"lowlevel": {
    "average_loudness": 0.973938524723,
    "barkbands_crest": {
        "max": 26.8157329559,
        "mean": 9.78166484833,
        "min": 2.60242033005,
        "stdev": 4.18933963776
    },
    "barkbands_flatness_db": {
        "max": 0.434428244829,
        "mean": 0.12233466655,
        "min": 0.0268875099719,
        "stdev": 0.0484520606697
    },
    "barkbands_kurtosis": {
        "max": 408.049438477,
        "mean": 1.68114876747,
        "min": -1.84708547592,
        "stdev": 13.0894880295
    },
    "barkbands_skewness": {
        "max": 20.0314178467,
        "mean": 0.73818051815,
        "min": -1.4720928669,
        "stdev": 1.04933226109
    },
    "barkbands_spread": {
        "max": 120.719909668,
        "mean": 25.9484348297,
        "min": 1.33648502827,
        "stdev": 15.2606706619
    },
    "dissonance": {
        "max": 0.499997913837,
        "mean": 0.47603482008,
        "min": 0.380293279886,
        "stdev": 0.0221039261669
    },
    "dynamic_complexity": 1.68754124641,
    "erbbands_crest": {
        "max": 31.1927204132,
        "mean": 11.518494606,
        "min": 2.74119400978,
        "stdev": 5.95475292206
    },
    "erbbands_flatness_db": {
        "max": 0.336534321308,
        "mean": 0.181080520153,
        "min": 0.0635815709829,
        "stdev": 0.058763936162
    },
    "erbbands_kurtosis": {
        "max": 17.9606285095,
        "mean": 1.86908316612,
        "min": -1.2189950943,
        "stdev": 2.46342802048
    },
    "erbbands_skewness": {
        "max": 3.74565410614,
        "mean": 0.671647310257,
        "min": -2.22411584854,
        "stdev": 0.955560207367
    },
    "erbbands_spread": {
        "max": 72.1644134521,
        "mean": 24.1286773682,
        "min": 5.36191082001,
        "stdev": 12.7661523819
    },
    "hfc": {
        "max": 97.3725891113,
        "mean": 34.8918190002,
        "min": 2.62519705529e-07,
        "stdev": 15.9371099472
    },
    "loudness_ebu128": {
        "integrated": -21.3426628113,
        "loudness_range": 1.27316665649,
        "momentary": {
            "max": -19.7914333344,
            "mean": -21.7513504028,
            "min": -77.8163528442,
            "stdev": 3.7514359951
        },
        "short_term": {
            "max": -20.3222503662,
            "mean": -21.3205394745,
            "min": -24.5527324677,
            "stdev": 0.670696675777
        }
    },
    "melbands_crest": {
        "max": 39.8562164307,
        "mean": 13.4086503983,
        "min": 4.15685129166,
        "stdev": 5.37172603607
    },
    "melbands_flatness_db": {
        "max": 0.406353920698,
        "mean": 0.161835506558,
        "min": 0.0519678667188,
        "stdev": 0.0442191399634
    },
    "melbands_kurtosis": {
        "max": 630.49407959,
        "mean": 5.09297847748,
        "min": -1.40186679363,
        "stdev": 21.0553035736
    },
    "melbands_skewness": {
        "max": 24.2249240875,
        "mean": 1.45937466621,
        "min": -0.960095107555,
        "stdev": 1.39793157578
    },
    "melbands_spread": {
        "max": 171.645065308,
        "mean": 31.7391014099,
        "min": 1.4210613966,
        "stdev": 16.9207401276
    },
    "pitch_salience": {
        "max": 0.855501651764,
        "mean": 0.563884854317,
        "min": 0.0104803079739,
        "stdev": 0.12362024188
    },
    "silence_rate_20dB": {
        "max": 1,
        "mean": 1,
        "min": 1,
        "stdev": 0
    },
    "silence_rate_30dB": {
        "max": 1,
        "mean": 1,
        "min": 1,
        "stdev": 0
    },
    "silence_rate_60dB": {
        "max": 1,
        "mean": 0.0122484685853,
        "min": 0,
        "stdev": 0.109992921352
    },
    "spectral_centroid": {
        "max": 4984.27197266,
        "mean": 1741.06494141,
        "min": 878.904174805,
        "stdev": 518.754516602
    },
    "spectral_complexity": {
        "max": 54,
        "mean": 30.7996501923,
        "min": 0,
        "stdev": 9.41634941101
    },
    "spectral_decrease": {
        "max": -8.86726697873e-18,
        "mean": -8.5822646767e-09,
        "min": -2.73456155497e-08,
        "stdev": 4.01975253084e-09
    },
    "spectral_energy": {
        "max": 0.110561057925,
        "mean": 0.0355562493205,
        "min": 5.72784701613e-11,
        "stdev": 0.0161909703165
    },
    "spectral_energyband_high": {
        "max": 0.00812257733196,
        "mean": 0.00108205282595,
        "min": 2.48198475661e-11,
        "stdev": 0.000915863260161
    },
    "spectral_energyband_low": {
        "max": 0.0971382781863,
        "mean": 0.00948863849044,
        "min": 1.91818158579e-11,
        "stdev": 0.0100177628919
    },
    "spectral_energyband_middle_high": {
        "max": 0.0813554897904,
        "mean": 0.0165148824453,
        "min": 2.10297859855e-12,
        "stdev": 0.0112779410556
    },
    "spectral_energyband_middle_low": {
        "max": 0.0980740562081,
        "mean": 0.0111698275432,
        "min": 2.98926378442e-12,
        "stdev": 0.00903800316155
    },
    "spectral_entropy": {
        "max": 9.0026845932,
        "mean": 7.78163099289,
        "min": 7.08784675598,
        "stdev": 0.255085587502
    },
    "spectral_flux": {
        "max": 0.233784660697,
        "mean": 0.105284839869,
        "min": 2.27886903303e-05,
        "stdev": 0.033815599978
    },
    "spectral_kurtosis": {
        "max": 14.1932258606,
        "mean": 4.34976053238,
        "min": -0.399636745453,
        "stdev": 1.83536851406
    },
    "spectral_rms": {
        "max": 0.0103857815266,
        "mean": 0.0057128360495,
        "min": 2.36392537545e-07,
        "stdev": 0.0014326593373
    },
    "spectral_rolloff": {
        "max": 17980.2246094,
        "mean": 1795.58190918,
        "min": 21.533203125,
        "stdev": 1242.47509766
    },
    "spectral_skewness": {
        "max": 2.68404221535,
        "mean": 1.49900007248,
        "min": 0.560270547867,
        "stdev": 0.349599421024
    },
    "spectral_spread": {
        "max": 12871916,
        "mean": 4088777.75,
        "min": 2287473.75,
        "stdev": 1105591.75
    },
    "spectral_strongpeak": {
        "max": 9.72557449341,
        "mean": 1.83210384846,
        "min": 0,
        "stdev": 1.95003128052
    },
    "zerocrossingrate": {
        "max": 0.49951171875,
        "mean": 0.0691227689385,
        "min": 0,
        "stdev": 0.0320319533348
    },
    "barkbands": {
        "max": [0.00791577715427, 0.0889219865203, 0.0195544846356, 0.00936049688607, 0.0226146634668, 0.0108098899946, 0.0185894425958, 0.0147403012961, 0.0294617377222, 0.0836202278733, 0.03675249964, 0.0289460588247, 0.0308968517929, 0.0289611201733, 0.026405012235, 0.0141985602677, 0.00456640962511, 0.00376579095609, 0.00472315726802, 0.00265085557476, 0.00236672651954, 0.00100006943103, 0.00138667703141, 0.00164614920504, 0.00336975138634, 0.00140561780427, 3.84816084988e-05],
        "mean": [0.000511804129928, 0.00633483193815, 0.00199176114984, 0.00107325566933, 0.00140998512506, 0.000656919844914, 0.000775080930907, 0.000719184055924, 0.0029402251821, 0.00756789045408, 0.00276963296346, 0.00162917410489, 0.000913748168387, 0.00146629742812, 0.00095905206399, 0.000757344299927, 0.000613107287791, 0.000494253938086, 0.000672374677379, 0.000428541738074, 0.000349303882103, 0.000157242146088, 0.000115936942166, 9.72864581854e-05, 0.000106816121843, 4.46898229711e-05, 5.37414848623e-07],
        "min": [1.48844721271e-11, 5.028255156e-12, 1.32746207283e-14, 7.35109486439e-15, 8.41862387094e-14, 1.79840138007e-13, 1.91274052803e-13, 1.56525874618e-13, 1.86036746446e-13, 1.06884295793e-13, 8.66811844199e-14, 2.4097650958e-13, 1.20768561709e-13, 7.72079814903e-14, 4.0925409898e-14, 8.30425341664e-14, 2.97538062981e-13, 3.44321278304e-13, 3.39233632504e-13, 9.2647113939e-13, 9.71479624176e-13, 7.55386031503e-12, 2.12137946098e-12, 3.48338458772e-12, 1.36706195409e-12, 3.75967356206e-12, 5.1540477615e-12],
        "stdev": [0.000864792033099, 0.00878108944744, 0.00238563399762, 0.00118805968668, 0.00231165136211, 0.000754404638428, 0.00130215834361, 0.00102102698293, 0.00430128956214, 0.0099494792521, 0.00469041988254, 0.00307510560378, 0.00251149083488, 0.002646347275, 0.00174574367702, 0.000967695086729, 0.000525271869265, 0.000407744839322, 0.000515751191415, 0.000337947887601, 0.000298378436128, 0.000133710374939, 0.000121828052215, 0.000130849613925, 0.000281978602288, 0.000133351946715, 2.60787214756e-06]
    },
    "erbbands": {
        "max": [3.89372825623, 14.7252550125, 23.3060455322, 25.6927337646, 62.2472190857, 71.8820800781, 47.586566925, 108.248748779, 207.104598999, 173.472320557, 402.005218506, 683.840820312, 3485.86791992, 2174.13378906, 1509.03149414, 1496.5579834, 1671.73071289, 1469.12866211, 1449.28918457, 778.164794922, 396.601806641, 203.192047119, 241.774520874, 232.019119263, 307.878479004, 95.2266159058, 109.511749268, 82.599937439, 32.2722702026, 45.9469680786, 40.641872406, 31.0546684265, 34.4932098389, 31.8155708313, 32.4747543335, 8.92869567871, 2.2447373867, 0.265239864588, 0.00858313590288, 0.000282036635326],
        "mean": [0.226713776588, 1.22984576225, 2.21487092972, 3.5853536129, 4.61255931854, 3.71227383614, 4.25095129013, 5.33778190613, 10.9089193344, 12.302690506, 20.2773303986, 60.4413261414, 238.575164795, 164.125030518, 92.169921875, 73.2198028564, 48.0348815918, 75.4242858887, 50.1196746826, 57.004360199, 36.3479766846, 31.9358692169, 26.0565567017, 35.1994438171, 29.2034015656, 21.0280513763, 16.430606842, 11.0450696945, 5.93620824814, 4.25019359589, 3.17898488045, 2.19691705704, 1.55474460125, 1.17647325993, 0.75840139389, 0.278526008129, 0.0661714226007, 0.00672041764483, 0.000166090074345, 5.07694167027e-05],
        "min": [5.08138475741e-10, 2.66696026374e-10, 8.66786017961e-11, 5.29315064002e-11, 1.27570565223e-10, 2.58344096116e-10, 8.0737361241e-10, 1.24057186746e-09, 3.02451508283e-09, 4.32815649987e-09, 3.52755846755e-09, 4.13537648569e-09, 3.7249554552e-09, 3.6606393472e-09, 3.80939502165e-09, 1.09387530145e-08, 6.49316955759e-09, 4.46774794938e-09, 1.74294911837e-09, 4.46554837552e-09, 5.39629407825e-09, 1.92929974219e-08, 2.33178969467e-08, 1.10053868241e-08, 2.64695714236e-08, 3.76284106096e-08, 3.62678882482e-08, 5.74170400114e-08, 2.36406449972e-07, 1.91085376855e-07, 8.42345002638e-08, 8.33614208773e-08, 4.00472082163e-08, 1.47852805554e-08, 1.19373906315e-08, 1.65124838247e-08, 7.50608197819e-09, 2.03587569025e-09, 8.57570403578e-10, 7.04189345724e-11],
        "stdev": [0.384280502796, 1.6326546669, 2.54795908928, 3.83523011208, 7.00210857391, 6.88638687134, 5.85276460648, 6.47495365143, 16.930639267, 18.8614139557, 27.798374176, 77.0868911743, 345.269348145, 234.956085205, 155.704940796, 142.367996216, 124.266212463, 125.03313446, 85.2267532349, 75.4744873047, 34.4192390442, 25.6734199524, 23.113325119, 27.1372051239, 23.507068634, 16.1502056122, 13.5942516327, 9.87688827515, 5.18167257309, 4.10766506195, 3.24667239189, 2.72288870811, 2.38217759132, 2.59775948524, 2.39415669441, 0.830847382545, 0.194045886397, 0.0214540958405, 0.000499504152685, 2.86404847429e-05]
    },
    "gfcc": {
        "mean": [28.6828308105, 70.0117950439, -147.453613281, 24.6682224274, -56.0368156433, 29.3891391754, -20.8461837769, 24.9096469879, -25.369146347, 2.67410516739, -21.3139762878, -0.810620486736, -6.29459285736],
        "cov": [[11944.9365234, 2167.92016602, 488.591888428, 1198.89257812, 83.9287719727, 2.01953721046, -433.390075684, -48.3834075928, -398.49041748, 5.69824028015, -153.265594482, -0.637656807899, -100.37297821], [2167.92016602, 878.237121582, 302.729736328, 468.043670654, 167.549957275, 56.4871902466, 14.8263311386, -16.8413257599, -55.1523590088, -21.5826225281, 26.7570571899, 6.05312538147, 27.1706008911], [488.591888428, 302.729736328, 1054.41223145, 784.187438965, 299.367553711, -33.0350418091, -189.168365479, -18.5678081512, -77.0165176392, 108.293899536, 32.0753555298, 124.060554504, -1.12465202808], [1198.89257812, 468.043670654, 784.187438965, 884.440673828, 263.784362793, -58.8623657227, -192.248306274, -44.4138832092, -55.6646499634, 70.080116272, 30.9652709961, 78.4848175049, -0.459997922182], [83.9287719727, 167.549957275, 299.367553711, 263.784362793, 216.716873169, 83.2791137695, 19.083366394, 16.6559619904, -3.61562895775, 40.6276702881, 49.5982437134, 29.2012844086, 6.89566278458], [2.01953721046, 56.4871902466, -33.0350418091, -58.8623657227, 83.2791137695, 166.582000732, 117.655731201, 26.1735363007, 11.0299139023, 12.5229635239, 48.7726097107, -11.3804893494, 4.21828460693], [-433.390075684, 14.8263311386, -189.168365479, -192.248306274, 19.083366394, 117.655731201, 229.032104492, 69.3603515625, 55.3510894775, -20.9903144836, 21.4600658417, -22.0099887848, 21.9075737], [-48.3834075928, -16.8413257599, -18.5678081512, -44.4138832092, 16.6559619904, 26.1735363007, 69.3603515625, 111.507087708, 56.8690872192, -5.86414337158, -9.45721721649, 1.02394104004, 21.1329689026], [-398.49041748, -55.1523590088, -77.0165176392, -55.6646499634, -3.61562895775, 11.0299139023, 55.3510894775, 56.8690872192, 93.0220489502, 9.15640163422, 10.4932422638, -7.92186450958, 10.0359487534], [5.69824028015, -21.5826225281, 108.293899536, 70.080116272, 40.6276702881, 12.5229635239, -20.9903144836, -5.86414337158, 9.15640163422, 77.9752960205, 41.6914710999, 18.4394340515, -17.9017734528], [-153.265594482, 26.7570571899, 32.0753555298, 30.9652709961, 49.5982437134, 48.7726097107, 21.4600658417, -9.45721721649, 10.4932422638, 41.6914710999, 84.455116272, 17.8150730133, -2.91056489944], [-0.637656807899, 6.05312538147, 124.060554504, 78.4848175049, 29.2012844086, -11.3804893494, -22.0099887848, 1.02394104004, -7.92186450958, 18.4394340515, 17.8150730133, 60.9445457458, 19.0267829895], [-100.37297821, 27.1706008911, -1.12465202808, -0.459997922182, 6.89566278458, 4.21828460693, 21.9075737, 21.1329689026, 10.0359487534, -17.9017734528, -2.91056489944, 19.0267829895, 59.5691642761]],
        "icov": [[0.00054352695588, -0.00149634561967, 0.00114499602932, -0.000779384048656, 0.00107408640906, -0.00161821045913, 0.0016406478826, -0.00223864545114, 0.00225017592311, -0.00206890236586, 0.00204496784136, -0.00146390555892, 0.00136166310403], [-0.00149634561967, 0.00635221600533, -0.00275839329697, 0.00010960430518, -0.00255844416097, 0.00387098034844, -0.00569057278335, 0.00592892989516, -0.00467650545761, 0.00693623768166, -0.00644662277773, 0.00522609520704, -0.00457029975951], [0.00114499602932, -0.00275839329697, 0.00707151507959, -0.00447158422321, -0.000409938395023, -0.00339513341896, 0.00406661676243, -0.0063057327643, 0.00723333004862, -0.00715789245442, 0.00663470197469, -0.00715725915506, 0.00355629599653], [-0.000779384048656, 0.00010960430518, -0.00447158422321, 0.00746765173972, -0.0051757376641, 0.00489606847987, -3.30217335431e-06, 0.00463483063504, -0.00564599456266, 0.00320047675632, -0.00325003149919, 0.00261022010818, -0.00186011742335], [0.00107408640906, -0.00255844416097, -0.000409938395023, -0.0051757376641, 0.0181327871978, -0.0107277566567, 0.00151823833585, -0.00573721714318, 0.00413881521672, -0.00351473549381, 0.00093886256218, -0.00153166544624, 0.00184825260658], [-0.00161821045913, 0.00387098034844, -0.00339513341896, 0.00489606847987, -0.0107277566567, 0.0214827060699, -0.0105432225391, 0.0058355811052, -0.00277945189737, 0.00464099552482, -0.0112979318947, 0.00834427867085, -0.00434505287558], [0.0016406478826, -0.00569057278335, 0.00406661676243, -3.30217335431e-06, 0.00151823833585, -0.0105432225391, 0.0168763175607, -0.00959828309715, 0.0030654433649, -0.00412134872749, 0.00596133805811, -0.00530147692189, 0.00343580311164], [-0.00223864545114, 0.00592892989516, -0.0063057327643, 0.00463483063504, -0.00573721714318, 0.0058355811052, -0.00959828309715, 0.0266834814101, -0.0193770807236, 0.00895202066749, -0.00299895834178, 0.00426309276372, -0.00779848685488], [0.00225017592311, -0.00467650545761, 0.00723333004862, -0.00564599456266, 0.00413881521672, -0.00277945189737, 0.0030654433649, -0.0193770807236, 0.0310545880347, -0.0136373220012, 0.00454829726368, -0.0021580865141, 0.00306344171986], [-0.00206890236586, 0.00693623768166, -0.00715789245442, 0.00320047675632, -0.00351473549381, 0.00464099552482, -0.00412134872749, 0.00895202066749, -0.0136373220012, 0.0338584668934, -0.0186410900205, 0.00341842113994, 0.00212788302451], [0.00204496784136, -0.00644662277773, 0.00663470197469, -0.00325003149919, 0.00093886256218, -0.0112979318947, 0.00596133805811, -0.00299895834178, 0.00454829726368, -0.0186410900205, 0.0321698263288, -0.01397178974, 0.00571541767567], [-0.00146390555892, 0.00522609520704, -0.00715725915506, 0.00261022010818, -0.00153166544624, 0.00834427867085, -0.00530147692189, 0.00426309276372, -0.0021580865141, 0.00341842113994, -0.01397178974, 0.0349656119943, -0.0154016278684], [0.00136166310403, -0.00457029975951, 0.00355629599653, -0.00186011742335, 0.00184825260658, -0.00434505287558, 0.00343580311164, -0.00779848685488, 0.00306344171986, 0.00212788302451, 0.00571541767567, -0.0154016278684, 0.0281377397478]]
    },
    "melbands": {
        "max": [0.0293503608555, 0.0110800117254, 0.00427826121449, 0.00559957697988, 0.0021086782217, 0.00254859402776, 0.0036210778635, 0.00172443711199, 0.00367187312804, 0.00508493604138, 0.0171738732606, 0.00869275722653, 0.00552377710119, 0.00296052335761, 0.00246836477891, 0.00313275773078, 0.00327868387103, 0.00206830049865, 0.00178563420195, 0.00138705503196, 0.000423270976171, 0.000285587768303, 0.00023290788522, 0.000158160546562, 0.00022940436611, 0.000236322841374, 0.000154748457135, 6.87680949341e-05, 6.94385526003e-05, 8.88281574589e-05, 4.63167853013e-05, 2.18552777369e-05, 2.42412279476e-05, 3.65598752978e-05, 2.0431507437e-05, 2.64587306447e-05, 1.76365738298e-05, 2.26224947255e-05, 3.00917436107e-05, 2.86060185317e-05],
        "mean": [0.00188316986896, 0.00131838151719, 0.000630818249192, 0.000307622278342, 0.000149679355673, 0.000131159205921, 0.000164688855875, 0.000132184126414, 0.000183556403499, 0.000425745965913, 0.00120037968736, 0.000670174951665, 0.000351207389031, 0.000188967824215, 0.00013718023547, 9.41326288739e-05, 0.000151610554894, 8.18176049506e-05, 7.32195330784e-05, 6.67364802212e-05, 4.02917103202e-05, 3.63099607057e-05, 2.41475190705e-05, 2.30249897868e-05, 2.96306716336e-05, 2.30347959587e-05, 1.68559163285e-05, 1.31225197038e-05, 1.03929614852e-05, 8.80523384694e-06, 5.65472737435e-06, 3.43985698237e-06, 2.63467768491e-06, 2.27256305152e-06, 1.93313508134e-06, 1.48990750404e-06, 1.26734710193e-06, 1.07101675439e-06, 1.04491493857e-06, 9.71906956693e-07],
        "min": [4.32753789401e-12, 5.59975641364e-15, 6.99829293637e-15, 1.81535762442e-14, 2.52303891348e-14, 3.12762951659e-14, 4.07261979132e-14, 4.37828518286e-14, 2.79998328126e-14, 2.65661279054e-14, 1.84656638396e-14, 1.48135440682e-14, 1.20706650377e-14, 2.25878445451e-14, 2.75208034936e-14, 8.50848661275e-15, 8.5539409418e-15, 2.61361036776e-15, 3.57153390386e-15, 7.15237246464e-15, 5.45962963559e-15, 1.98113179778e-14, 2.47834284833e-14, 1.19034454873e-14, 8.25803506387e-15, 1.2824402388e-14, 2.69754701297e-14, 2.68957626353e-14, 1.84165071295e-14, 3.72523565543e-14, 2.56571954844e-14, 1.24712320007e-13, 1.74047760796e-13, 6.47430785199e-14, 3.99667380083e-14, 5.89306300156e-14, 4.18864907494e-14, 3.07392085148e-14, 1.90755089269e-14, 9.80004922699e-15],
        "stdev": [0.00283104344271, 0.00139145064168, 0.000638096826151, 0.000532491889317, 0.000219662702875, 0.000159271919983, 0.000261318986304, 0.000194963344256, 0.000261498818872, 0.000577106315177, 0.00174848118331, 0.000973741873167, 0.000617227924522, 0.000323843065416, 0.000268023723038, 0.000230462042964, 0.000276382517768, 0.000143243058119, 0.00013197446242, 9.42422702792e-05, 3.96352479584e-05, 3.1669413147e-05, 2.34183753491e-05, 1.86952765944e-05, 2.45085066126e-05, 1.89386064449e-05, 1.4218868273e-05, 1.06983088699e-05, 8.97454447113e-06, 8.57498071127e-06, 5.26149779034e-06, 3.08948528982e-06, 2.51499909609e-06, 2.54114729614e-06, 1.97805366042e-06, 1.84248972346e-06, 1.68494318586e-06, 1.57933186529e-06, 1.93356504496e-06, 2.33684750128e-06]
    },
    "melbands128": {
        "max": [0.00745799578726, 0.0333100184798, 0.0428909473121, 0.0206269305199, 0.0146293025464, 0.00928813312203, 0.00586128793657, 0.00451031560078, 0.0075933681801, 0.00868937838823, 0.00406417669728, 0.00435505388305, 0.00167936214712, 0.00123195978813, 0.00163246155716, 0.00475126691163, 0.0038661537692, 0.00552717410028, 0.00551417702809, 0.00270421686582, 0.00359485903755, 0.00175035709981, 0.00642531458288, 0.00592903513461, 0.00502422591671, 0.0113281374797, 0.0158357787877, 0.0319404378533, 0.0158419664949, 0.0104073919356, 0.0168795082718, 0.0101023986936, 0.0100892158225, 0.0104185771197, 0.00512102153152, 0.0038488083519, 0.00843651592731, 0.00224970956333, 0.00722177093849, 0.00850825849921, 0.00331204105169, 0.00280232424848, 0.00490507530048, 0.00751549284905, 0.00392282754183, 0.00257096649148, 0.00534211751074, 0.0028066423256, 0.00257142470218, 0.00191294541582, 0.00276687555015, 0.000972163514234, 0.00095534970751, 0.000420364027377, 0.000925536558498, 0.000319101498462, 0.000334166950779, 0.000391396868508, 0.000501899165101, 0.000418408861151, 0.000296813232126, 0.000315509474603, 0.000348497298546, 0.000280063832179, 0.000500575464685, 0.000195397020434, 0.000544086506125, 0.000168467042386, 0.000203239891562, 0.000118020623631, 0.000148952269228, 0.00010695571109, 0.000128550527734, 0.000136808419484, 0.000157282702276, 0.000123278790852, 0.000126624727272, 6.33404342807e-05, 6.72234673402e-05, 3.62923638022e-05, 2.79905179923e-05, 2.5025992727e-05, 2.8304886655e-05, 2.96063135465e-05, 2.54597925959e-05, 2.38444426941e-05, 6.57096024952e-05, 3.71234491467e-05, 1.84496020665e-05, 3.07750997308e-05, 2.89322615572e-05, 2.89070467261e-05, 2.57392039202e-05, 2.03066392714e-05, 2.81228421954e-05, 1.90944210772e-05, 2.28298522416e-05, 4.12631379731e-05, 2.89565286948e-05, 4.1479623178e-05, 3.73236944142e-05, 2.76774153463e-05, 3.33521893481e-05, 8.09743869468e-05, 4.47942729807e-05, 3.98324009439e-05, 2.89389627142e-05, 3.01893851429e-05, 2.00422273338e-05, 1.28182009576e-05, 1.20248432722e-05, 1.06875304482e-05, 8.8926326498e-06, 4.16195416619e-06, 4.89332205689e-06, 4.46156946055e-06, 1.2633862525e-06, 1.97543101876e-07, 3.50280600969e-07, 2.02405914251e-07, 1.18709557739e-07, 1.08638225527e-07, 4.24963637613e-08, 9.55781287448e-11, 9.24979814965e-11, 8.75755926111e-11, 8.50020123733e-11, 8.37795874342e-11],
        "mean": [0.000457983784145, 0.00190856680274, 0.00246720062569, 0.00189515028615, 0.00117491825949, 0.00100376468617, 0.000785951619036, 0.000439838360762, 0.000518668151926, 0.000326666369801, 0.000155319386977, 0.000183060459676, 0.000153262852109, 0.000107163192297, 7.84078802099e-05, 0.000175302309799, 0.000218163084355, 0.00014026518329, 0.000132419154397, 0.000147628903505, 0.00011828794959, 0.000120861099276, 0.000188499936485, 0.000232357444474, 0.000321496045217, 0.00036154143163, 0.000993632595055, 0.00171236798633, 0.000964953331277, 0.000634597497992, 0.000681105942931, 0.000441176001914, 0.000386369531043, 0.000242978494498, 0.000133723995532, 0.000179651615326, 0.000284180656308, 8.07207252365e-05, 0.000106307576061, 0.000111951318104, 7.22076219972e-05, 0.000100126766483, 0.00014396631741, 0.000229667304666, 7.19652380212e-05, 5.38392741873e-05, 8.52893135743e-05, 5.45829898329e-05, 7.28883533156e-05, 0.000105327781057, 6.36988479528e-05, 3.46664819517e-05, 3.40994520229e-05, 4.11336804973e-05, 5.67157476326e-05, 3.27221459884e-05, 2.42917940341e-05, 2.44100083364e-05, 2.54494370893e-05, 2.18781187868e-05, 1.98176021513e-05, 2.4586546715e-05, 3.43616557075e-05, 3.11522890115e-05, 2.22510007006e-05, 2.25301228056e-05, 2.53005910054e-05, 1.7843391106e-05, 1.39917647175e-05, 1.63936401805e-05, 1.36475737236e-05, 1.16426053864e-05, 1.02757421701e-05, 1.05946519398e-05, 9.3686649052e-06, 1.06095085357e-05, 7.71600025473e-06, 5.9178569245e-06, 5.95225446887e-06, 4.73125783174e-06, 3.54765256816e-06, 2.85511237053e-06, 3.01873046737e-06, 2.583443802e-06, 2.44122520598e-06, 2.12571990232e-06, 2.37968538386e-06, 2.23730171456e-06, 1.96456130652e-06, 1.65127596574e-06, 1.53166604377e-06, 1.42737997066e-06, 1.4562403976e-06, 1.27698262986e-06, 1.17122476695e-06, 1.06401728317e-06, 1.06218101337e-06, 1.05005767637e-06, 1.07230334834e-06, 9.88637680166e-07, 1.05985145638e-06, 9.22931519654e-07, 9.57300812843e-07, 9.1502494115e-07, 8.7069872734e-07, 8.7088710643e-07, 7.4943659456e-07, 6.04519073022e-07, 4.15767914319e-07, 3.67613239405e-07, 3.01195910879e-07, 2.49691709087e-07, 1.97368450472e-07, 1.34888779257e-07, 1.27995861021e-07, 6.73675870644e-08, 2.10201296369e-08, 4.13514028574e-10, 4.14228207291e-10, 2.599832849e-10, 1.60865043508e-10, 1.43432946076e-10, 6.14201189908e-11, 5.12452970683e-12, 4.82613124811e-12, 4.37762629965e-12, 4.12950056095e-12, 4.07567946406e-12],
        "min": [7.01402434397e-12, 5.27640041034e-12, 1.16545998113e-12, 4.2703839427e-15, 5.72178125057e-15, 6.94502091673e-15, 2.39843392949e-15, 2.1116029508e-15, 1.12864582182e-14, 1.24254922215e-14, 7.63953584095e-15, 1.27810266778e-14, 2.60582096808e-14, 2.0301563707e-14, 1.54668741329e-14, 1.10170576953e-14, 5.04479135332e-14, 1.99222996227e-14, 1.52097183183e-14, 4.15443368726e-14, 3.32317622042e-14, 1.843466921e-14, 2.73917614123e-14, 2.53772290725e-14, 2.54460623579e-14, 2.95382276039e-14, 2.38111464682e-14, 1.51745715331e-14, 1.60914355706e-14, 1.57609656663e-14, 1.25891042586e-14, 1.63557996357e-14, 1.37614258097e-14, 6.53325024898e-15, 1.26788262235e-14, 2.94795790426e-14, 3.58671527537e-14, 3.29704423756e-14, 1.90551936887e-14, 1.06821662789e-14, 6.22727611393e-15, 3.97229822549e-15, 1.17981287988e-14, 9.76448739573e-15, 2.63114670263e-15, 1.65243369576e-15, 1.90463172069e-15, 1.4183727638e-15, 4.51243334826e-15, 9.45763700509e-15, 6.84790647175e-15, 6.54150331451e-15, 2.79819155246e-15, 4.85714187647e-15, 1.20207756441e-14, 2.85996134544e-14, 1.85812059099e-14, 1.45181497981e-14, 3.40963795555e-14, 3.25675020263e-14, 5.34218385877e-15, 1.16390511409e-15, 8.07892994718e-15, 1.10994155558e-14, 7.64900905744e-15, 9.94931506702e-15, 1.51162499266e-14, 2.78457236381e-14, 3.69499488515e-14, 1.74597664749e-14, 1.11615665983e-14, 5.06212740725e-14, 2.6910152031e-14, 5.88240876704e-15, 1.30552798525e-14, 4.01170050413e-14, 5.80727957042e-14, 1.38844149936e-14, 8.59097406929e-15, 3.48346771892e-14, 1.33596475896e-13, 1.33261525187e-13, 1.44235236818e-13, 1.46846253148e-13, 2.15333542555e-13, 6.3490398106e-14, 1.09191728738e-14, 1.28231013454e-14, 3.22567527431e-14, 8.43373087296e-14, 2.72864989338e-14, 5.55096502889e-14, 1.04740922966e-13, 2.80914292614e-14, 1.11517401691e-14, 4.45617901032e-14, 2.7435202344e-14, 2.26028387223e-14, 2.91536170476e-14, 1.13531705331e-14, 8.27026706667e-15, 1.2037945002e-14, 5.45882707187e-15, 1.89435191708e-14, 1.15922023838e-14, 7.3787318554e-15, 1.85118796513e-14, 2.38599423422e-14, 5.0461815038e-14, 1.78352155229e-14, 2.168276443e-14, 3.79005163299e-14, 2.95789868293e-14, 1.09823556025e-14, 1.06413536904e-14, 1.37057342404e-14, 1.65581693593e-14, 1.69771660651e-14, 1.7802979143e-14, 2.47277157382e-14, 3.59840805699e-14, 3.49987542474e-14, 2.04565436313e-14, 1.54296368705e-14, 2.63889252247e-14, 8.69316605327e-15, 1.3577707328e-15, 1.60908135837e-16],
        "stdev": [0.000774470798206, 0.00350331375375, 0.00403740024194, 0.00249400967732, 0.00152589613572, 0.00123043602798, 0.000905121327378, 0.000514858809765, 0.000864400935825, 0.000726289581507, 0.000350709364284, 0.000367799861124, 0.000239253247855, 0.000149568892084, 0.00011320746853, 0.000268041389063, 0.000360058242222, 0.000330191745888, 0.000342046725564, 0.000259287015069, 0.000221659211093, 0.000170548199094, 0.000416946626501, 0.000415332237026, 0.000573871366214, 0.000766902812757, 0.00177252292633, 0.0031318932306, 0.00166009634268, 0.00118959671818, 0.00153980776668, 0.000929726054892, 0.000948101223912, 0.000713502755389, 0.000396104500396, 0.000352623144863, 0.000797922257334, 0.000168217651662, 0.000415319227614, 0.000467897654744, 0.000199993170099, 0.000230823090533, 0.000315816869261, 0.0005665239878, 0.000185764234629, 0.00012395074009, 0.000284949608613, 0.000171705236426, 0.000166390571394, 0.00017683605256, 0.000134518166305, 5.8123117924e-05, 5.8450124925e-05, 4.65386001451e-05, 7.32271655579e-05, 3.68472647096e-05, 2.73237401416e-05, 3.14508106385e-05, 3.49195652234e-05, 3.36947196047e-05, 2.18755067181e-05, 2.37097883655e-05, 3.53124814865e-05, 3.23499843944e-05, 2.61387431237e-05, 2.08949004445e-05, 2.99087514577e-05, 1.88720750884e-05, 1.54739536811e-05, 1.57166268764e-05, 1.41691098179e-05, 1.247291857e-05, 1.13133110062e-05, 1.12674251795e-05, 1.07380392365e-05, 1.25506285258e-05, 9.73128953774e-06, 6.68591292197e-06, 6.75636238157e-06, 4.65836046715e-06, 3.60688227374e-06, 3.36579751092e-06, 3.44408317687e-06, 3.00757983496e-06, 2.68931717073e-06, 2.51047140409e-06, 3.66714652955e-06, 2.75620686807e-06, 2.12290274249e-06, 2.00540057449e-06, 2.21915547627e-06, 1.98322140932e-06, 2.12166742131e-06, 1.89724312349e-06, 1.77077697572e-06, 1.65364747318e-06, 1.56534667894e-06, 2.2304459435e-06, 1.84716373042e-06, 2.19558455683e-06, 2.53025268648e-06, 2.33592049881e-06, 2.6035954761e-06, 3.4878689803e-06, 3.19066020893e-06, 3.11430540023e-06, 2.32452612181e-06, 2.223042884e-06, 1.19042238111e-06, 1.08377184915e-06, 9.64006972026e-07, 8.00974078174e-07, 6.18731007762e-07, 3.92110933944e-07, 4.0568534132e-07, 2.58451848367e-07, 9.63638271401e-08, 6.54205445372e-09, 1.05640358683e-08, 6.14328632409e-09, 3.61303076346e-09, 3.28716431852e-09, 1.30697441758e-09, 6.87931742821e-12, 6.74998772154e-12, 6.62368857679e-12, 6.54626353125e-12, 6.50149075201e-12]
    },
    "mfcc": {
        "mean": [-601.213439941, 100.723358154, -27.8288726807, 7.50265550613, -6.86844778061, 4.72850036621, 12.8735675812, 14.9298381805, 12.8849544525, 9.70075702667, -1.53270685673, -4.02662324905, -2.81003499031],
        "cov": [[6851.01611328, 899.633666992, 594.54675293, 907.040344238, 443.110626221, 186.094985962, 88.5674514771, -31.9309635162, -38.0805435181, -30.5161762238, -107.173629761, -40.4022903442, 123.873825073], [899.633666992, 434.559082031, 109.753074646, 150.253814697, 74.0417175293, 95.3991699219, 114.725120544, 71.2957000732, 33.3579368591, 24.2062168121, 3.35003852844, -14.5893697739, 14.9894886017], [594.54675293, 109.753074646, 713.997497559, 663.666137695, 403.880157471, 118.671379089, 3.29075908661, -75.8101501465, -62.2405929565, -74.9679946899, -54.1707725525, 6.35223531723, 118.736701965], [907.040344238, 150.253814697, 663.666137695, 848.723022461, 439.342041016, 121.311210632, -23.1826591492, -66.3157806396, -52.65391922, -70.6652297974, -64.5448608398, 9.86066818237, 117.097557068], [443.110626221, 74.0417175293, 403.880157471, 439.342041016, 353.612915039, 100.288162231, 24.2836513519, -40.4971389771, -38.6871490479, -32.384059906, -23.9756622314, 16.4736232758, 85.6597900391], [186.094985962, 95.3991699219, 118.671379089, 121.311210632, 100.288162231, 144.451583862, 89.9679031372, 9.59650802612, -16.7946949005, -1.39795386791, 20.282869339, 18.722946167, 29.6802253723], [88.5674514771, 114.725120544, 3.29075908661, -23.1826591492, 24.2836513519, 89.9679031372, 152.28427124, 58.8358154297, 20.6519317627, 26.1816692352, 33.6270866394, 16.1829719543, 9.14206790924], [-31.9309635162, 71.2957000732, -75.8101501465, -66.3157806396, -40.4971389771, 9.59650802612, 58.8358154297, 118.384178162, 70.2929534912, 44.4128837585, 19.5009021759, 1.73971557617, -11.1104545593], [-38.0805435181, 33.3579368591, -62.2405929565, -52.65391922, -38.6871490479, -16.7946949005, 20.6519317627, 70.2929534912, 92.7221832275, 47.0843467712, 10.0919561386, -14.3174381256, -15.4792356491], [-30.5161762238, 24.2062168121, -74.9679946899, -70.6652297974, -32.384059906, -1.39795386791, 26.1816692352, 44.4128837585, 47.0843467712, 80.2918548584, 41.915599823, 6.12557268143, -13.9282741547], [-107.173629761, 3.35003852844, -54.1707725525, -64.5448608398, -23.9756622314, 20.282869339, 33.6270866394, 19.5009021759, 10.0919561386, 41.915599823, 75.9239730835, 33.7144126892, -3.85294485092], [-40.4022903442, -14.5893697739, 6.35223531723, 9.86066818237, 16.4736232758, 18.722946167, 16.1829719543, 1.73971557617, -14.3174381256, 6.12557268143, 33.7144126892, 61.1594161987, 23.1749782562], [123.873825073, 14.9894886017, 118.736701965, 117.097557068, 85.6597900391, 29.6802253723, 9.14206790924, -11.1104545593, -15.4792356491, -13.9282741547, -3.85294485092, 23.1749782562, 70.6104888916]],
        "icov": [[0.000236631545704, -0.000511750695296, 0.000166393307154, -0.000231497571804, -4.08406776842e-05, 8.40658613015e-05, 3.55656120519e-05, 0.000277789367829, 8.0443227489e-05, -0.000186376477359, 0.00025099090999, -2.29267388931e-05, -0.000146983205923], [-0.000511750695296, 0.00471373135224, -0.000300073326798, -0.000681619974785, 0.000855895399582, -0.000863718800247, -0.00230364385061, -0.00203830492683, 0.000335422693752, -0.000439855095465, -0.000282861525193, 0.00182959402446, 0.000205209915293], [0.000166393307154, -0.000300073326798, 0.00679022120312, -0.00360743119381, -0.0025859021116, 8.00674388302e-05, -0.000923359300941, 0.00143663212657, -0.000139103765832, 0.00158999755513, -0.000616488279775, 0.00192205014173, -0.00259639276192], [-0.000231497571804, -0.000681619974785, -0.00360743119381, 0.00625568674877, -0.00315336650237, -0.00158510229085, 0.00332641368732, -0.00075049669249, -0.00102377869189, 0.000475518085295, 0.00126727542374, -0.00172061054036, 0.000688996980898], [-4.08406776842e-05, 0.000855895399582, -0.0025859021116, -0.00315336650237, 0.0109172100201, -0.00168865849264, -0.00183565053158, 0.000824308954179, 0.000832147081383, -0.00245089270175, 0.000960907316767, 2.32211386901e-05, -0.00295529630966], [8.40658613015e-05, -0.000863718800247, 8.00674388302e-05, -0.00158510229085, -0.00168865849264, 0.0163870956749, -0.0091548608616, 0.000529837794602, 0.00329270283692, 0.000995835056528, -0.0034676657524, 0.000734483357519, -0.000552994606551], [3.55656120519e-05, -0.00230364385061, -0.000923359300941, 0.00332641368732, -0.00183565053158, -0.0091548608616, 0.0170828364789, -0.00546033075079, -0.000178026588401, 0.000339089863701, -0.00166079658084, -0.0011061928235, -0.000232666323427], [0.000277789367829, -0.00203830492683, 0.00143663212657, -0.00075049669249, 0.000824308954179, 0.000529837794602, -0.00546033075079, 0.0212790220976, -0.0133068142459, -0.00131840596441, 0.00222410005517, -0.00403779977933, -0.000123947727843], [8.0443227489e-05, 0.000335422693752, -0.000139103765832, -0.00102377869189, 0.000832147081383, 0.00329270283692, -0.000178026588401, -0.0133068142459, 0.0271696466953, -0.0105372192338, 0.00122963672038, 0.00661176070571, -0.000970258959569], [-0.000186376477359, -0.000439855095465, 0.00158999755513, 0.000475518085295, -0.00245089270175, 0.000995835056528, 0.000339089863701, -0.00131840596441, -0.0105372192338, 0.027757294476, -0.0143967792392, 0.00217076390982, 0.000928633497097], [0.00025099090999, -0.000282861525193, -0.000616488279775, 0.00126727542374, 0.000960907316767, -0.0034676657524, -0.00166079658084, 0.00222410005517, 0.00122963672038, -0.0143967792392, 0.030238956213, -0.0151101583615, 0.00345070147887], [-2.29267388931e-05, 0.00182959402446, 0.00192205014173, -0.00172061054036, 2.32211386901e-05, 0.000734483357519, -0.0011061928235, -0.00403779977933, 0.00661176070571, 0.00217076390982, -0.0151101583615, 0.0306940265, -0.0105767985806], [-0.000146983205923, 0.000205209915293, -0.00259639276192, 0.000688996980898, -0.00295529630966, -0.000552994606551, -0.000232666323427, -0.000123947727843, -0.000970258959569, 0.000928633497097, 0.00345070147887, -0.0105767985806, 0.0250583086163]]
    },
    "spectral_contrast_coeffs": {
        "max": [-0.58790397644, -0.515618741512, -0.435549288988, -0.623677372932, -0.711323738098, -0.638790071011],
        "mean": [-0.767923235893, -0.761202275753, -0.704401195049, -0.776108205318, -0.796441316605, -0.752998888493],
        "min": [-0.945001065731, -0.963712215424, -0.944735765457, -0.956153154373, -0.937077581882, -0.9275649786],
        "stdev": [0.05371728912, 0.0730525925756, 0.0839081257582, 0.0499922819436, 0.0266034398228, 0.034749828279]
    },
    "spectral_contrast_valleys": {
        "max": [-5.42354297638, -5.13703584671, -5.02578020096, -6.05926799774, -5.9103770256, -8.12952804565],
        "mean": [-6.96225738525, -6.72171449661, -6.60776996613, -6.99347877502, -6.84681081772, -9.80988883972],
        "min": [-18.9194660187, -18.8965492249, -18.8379859924, -17.6905384064, -16.7696304321, -18.0455570221],
        "stdev": [1.6409291029, 1.15671038628, 1.11879062653, 0.983835756779, 0.988731324673, 0.873346805573]
    }
},
"rhythm": {
    "beats_count": 50,
    "beats_loudness": {
        "max": 0.0899508371949,
        "mean": 0.0360047109425,
        "min": 0.0107663339004,
        "stdev": 0.016458908096
    },
    "bpm": 112.248954773,
    "bpm_histogram_first_peak_bpm": 112,
    "bpm_histogram_first_peak_weight": 0.405405342579,
    "bpm_histogram_second_peak_bpm": 129,
    "bpm_histogram_second_peak_spread": 0.363636374474,
    "bpm_histogram_second_peak_weight": 0.142857149243,
    "danceability": 1.14860975742,
    "onset_rate": 2.18726038933,
    "beats_loudness_band_ratio": {
        "max": [0.885247886181, 0.377044171095, 0.732562839985, 0.714549422264, 0.215684592724, 0.271464556456],
        "mean": [0.309931516647, 0.0575156509876, 0.224734053016, 0.330439120531, 0.0917116999626, 0.059529658407],
        "min": [0.000156982132467, 0.000183743220987, 0.0186866410077, 0.0137410406023, 0.01854349114, 0.00867593847215],
        "stdev": [0.221531063318, 0.07420668751, 0.182191714644, 0.197699472308, 0.0506288856268, 0.0562404096127]
    },
    "beats_position": [0.49922901392, 1.02167797089, 1.54412698746, 2.06657600403, 2.60063481331, 3.13469386101, 3.66875267029, 4.20281171799, 4.73687076569, 5.27092981339, 5.78176879883, 6.31582736969, 6.84988641739, 7.37233543396, 7.89478445053, 8.4172334671, 8.93968200684, 9.47374153137, 10.0078001022, 10.5534696579, 11.0875282288, 11.6331968307, 12.1672563553, 12.7129249573, 13.2585935593, 13.8158731461, 14.3731517792, 14.9304304123, 15.4644899368, 15.9985485077, 16.5326080322, 17.0666656494, 17.600725174, 18.1347846985, 18.6688423157, 19.2029018402, 19.7369613647, 20.2594108582, 20.7934684753, 21.246257782, 21.6990470886, 22.1518363953, 22.616235733, 23.0806350708, 23.5450344086, 24.009431839, 24.4738311768, 24.9382305145, 25.4026298523, 25.8786392212],
