{
"metadata": {
    "version": {
        "essentia": "2.1-beta5",
        "essentia_git_sha": "Undefined",
        "extractor": "music 2.0"
    },
    "audio_properties": {
        "analysis": {
            "equal_loudness": 0,
            "length": 32.4963264465,
            "sample_rate": 44100,
            "start_time": 175.240997314,
            "downmix": "mix"
        },
        "bit_rate": 192000,
        "length": 233.290893555,
        "lossless": 0,
        "number_channels": 2,
        "replay_gain": -3.42556762695,
        "sample_rate": 48000,
        "codec": "mp3",
        "md5_encoded": "0b33c041eab5d37b3c7e4c213144e86a"
    },
    "tags": {
        "file_name": "Cyprus_Firefly_Christina Metaxa.mp3",
        "encoding": ["Lavf58.29.100"]
    }
},
"lowlevel": {
    "average_loudness": 0.955530881882,
    "barkbands_crest": {
        "max": 21.6299324036,
        "mean": 8.45895957947,
        "min": 2.19715046883,
        "stdev": 3.40389060974
    },
    "barkbands_flatness_db": {
        "max": 0.246998339891,
        "mean": 0.116442151368,
        "min": 0.021623024717,
        "stdev": 0.036205470562
    },
    "barkbands_kurtosis": {
        "max": 15.1542129517,
        "mean": 1.14941847324,
        "min": -1.7158446312,
        "stdev": 1.92160904408
    },
    "barkbands_skewness": {
        "max": 3.32652711868,
        "mean": 0.552157282829,
        "min": -2.76883745193,
        "stdev": 0.677886068821
    },
    "barkbands_spread": {
        "max": 74.9432830811,
        "mean": 19.2548370361,
        "min": 3.85624694824,
        "stdev": 10.8586425781
    },
    "dissonance": {
        "max": 0.49999281764,
        "mean": 0.461486697197,
        "min": 0.261720389128,
        "stdev": 0.0281819328666
    },
    "dynamic_complexity": 2.2333650589,
    "erbbands_crest": {
        "max": 25.3097782135,
        "mean": 10.0297698975,
        "min": 2.77406406403,
        "stdev": 4.11636400223
    },
    "erbbands_flatness_db": {
        "max": 0.304907202721,
        "mean": 0.185975149274,
        "min": 0.0753019973636,
        "stdev": 0.0390427000821
    },
    "erbbands_kurtosis": {
        "max": 12.6399478912,
        "mean": 1.45768022537,
        "min": -1.66775584221,
        "stdev": 1.92293465137
    },
    "erbbands_skewness": {
        "max": 2.56386876106,
        "mean": 0.663035809994,
        "min": -1.69728887081,
        "stdev": 0.562855660915
    },
    "erbbands_spread": {
        "max": 85.5742797852,
        "mean": 23.9255256653,
        "min": 5.10303258896,
        "stdev": 14.0773973465
    },
    "hfc": {
        "max": 168.53012085,
        "mean": 35.3748512268,
        "min": 0.0301155932248,
        "stdev": 20.6640796661
    },
    "loudness_ebu128": {
        "integrated": -18.5087203979,
        "loudness_range": 3.412733078,
        "momentary": {
            "max": -16.1592063904,
            "mean": -18.8821849823,
            "min": -28.9446430206,
            "stdev": 1.96969008446
        },
        "short_term": {
            "max": -16.7287387848,
            "mean": -18.7277698517,
            "min": -21.2502689362,
            "stdev": 1.236156106
        }
    },
    "melbands_crest": {
        "max": 28.409614563,
        "mean": 10.0460329056,
        "min": 2.6591117382,
        "stdev": 3.82319784164
    },
    "melbands_flatness_db": {
        "max": 0.261511951685,
        "mean": 0.149178400636,
        "min": 0.0339602157474,
        "stdev": 0.0423600189388
    },
    "melbands_kurtosis": {
        "max": 29.3950805664,
        "mean": 2.68455934525,
        "min": -1.65407550335,
        "stdev": 3.45087409019
    },
    "melbands_skewness": {
        "max": 4.95514774323,
        "mean": 0.949070036411,
        "min": -1.03042018414,
        "stdev": 0.804043233395
    },
    "melbands_spread": {
        "max": 179.135406494,
        "mean": 30.3808517456,
        "min": 5.58683919907,
        "stdev": 20.918504715
    },
    "pitch_salience": {
        "max": 0.906024694443,
        "mean": 0.586955487728,
        "min": 0.293823719025,
        "stdev": 0.0936970487237
    },
    "silence_rate_20dB": {
        "max": 1,
        "mean": 1,
        "min": 1,
        "stdev": 0
    },
    "silence_rate_30dB": {
        "max": 1,
        "mean": 1,
        "min": 1,
        "stdev": 0
    },
    "silence_rate_60dB": {
        "max": 1,
        "mean": 0.0413990020752,
        "min": 0,
        "stdev": 0.199209630489
    },
    "spectral_centroid": {
        "max": 5438.48535156,
        "mean": 1485.43518066,
        "min": 561.147705078,
        "stdev": 542.064758301
    },
    "spectral_complexity": {
        "max": 57,
        "mean": 23.7059249878,
        "min": 0,
        "stdev": 8.44966030121
    },
    "spectral_decrease": {
        "max": -4.94115772603e-12,
        "mean": -7.25445037375e-09,
        "min": -2.42585365129e-08,
        "stdev": 4.25360413558e-09
    },
    "spectral_energy": {
        "max": 0.100456811488,
        "mean": 0.0305886249989,
        "min": 2.13806579268e-05,
        "stdev": 0.0171538479626
    },
    "spectral_energyband_high": {
        "max": 0.015525881201,
        "mean": 0.00103345897514,
        "min": 6.80408390963e-07,
        "stdev": 0.00177560781594
    },
    "spectral_energyband_low": {
        "max": 0.0355217158794,
        "mean": 0.00282299448736,
        "min": 1.35294527581e-07,
        "stdev": 0.00437826337293
    },
    "spectral_energyband_middle_high": {
        "max": 0.056597456336,
        "mean": 0.0140349399298,
        "min": 1.77224483195e-05,
        "stdev": 0.00997495092452
    },
    "spectral_energyband_middle_low": {
        "max": 0.0647381916642,
        "mean": 0.0130933141336,
        "min": 3.23880772157e-06,
        "stdev": 0.0095983305946
    },
    "spectral_entropy": {
        "max": 8.89198875427,
        "mean": 7.70844697952,
        "min": 6.86439704895,
        "stdev": 0.36751267314
    },
    "spectral_flux": {
        "max": 0.26261484623,
        "mean": 0.0928209349513,
        "min": 0.0152657330036,
        "stdev": 0.0343815721571
    },
    "spectral_kurtosis": {
        "max": 17.0040798187,
        "mean": 4.87832307816,
        "min": -1.18760180473,
        "stdev": 2.51159620285
    },
    "spectral_rms": {
        "max": 0.00989983044565,
        "mean": 0.00518984161317,
        "min": 0.000144427074702,
        "stdev": 0.00170531752519
    },
    "spectral_rolloff": {
        "max": 13070.6542969,
        "mean": 2284.55273438,
        "min": 495.263671875,
        "stdev": 2233.46411133
    },
    "spectral_skewness": {
        "max": 3.43662071228,
        "mean": 1.7304071188,
        "min": 0.234260067344,
        "stdev": 0.405816257
    },
    "spectral_spread": {
        "max": 21436738,
        "mean": 4703407,
        "min": 2504513,
        "stdev": 2056281.375
    },
    "spectral_strongpeak": {
        "max": 10.627245903,
        "mean": 2.46699786186,
        "min": 0.00524146202952,
        "stdev": 1.94837939739
    },
    "zerocrossingrate": {
        "max": 0.39453125,
        "mean": 0.0833720192313,
        "min": 0.01416015625,
        "stdev": 0.0576806887984
    },
    "barkbands": {
        "max": [0.000560780754313, 0.027689088136, 0.0201249718666, 0.00570394424722, 0.0126235261559, 0.0240061171353, 0.0404727011919, 0.0409550517797, 0.0591042637825, 0.0301753617823, 0.0378859005868, 0.0476113706827, 0.0391844920814, 0.016066936776, 0.00830132607371, 0.00778416544199, 0.00344824464992, 0.00694660330191, 0.00223796628416, 0.00241422373801, 0.000976661918685, 0.00150407850742, 0.00344845722429, 0.00460170069709, 0.00783194694668, 0.0020435382612, 0.000410144246416],
        "mean": [4.35699730588e-05, 0.00167272554245, 0.000872936449014, 0.000465337914648, 0.00104080000892, 0.00188865605742, 0.00119147601072, 0.00260987179354, 0.00532693043351, 0.00161942862906, 0.0021774917841, 0.00512645812705, 0.00155205104966, 0.0011646685889, 0.00092649681028, 0.000600967963692, 0.00045998202404, 0.000423548364779, 0.000269038195256, 0.000212997940253, 0.000101667508716, 0.000114452450362, 0.000168373080669, 0.000282070192043, 0.000219869500143, 4.88383739139e-05, 7.90913600213e-06],
        "min": [3.05547115387e-10, 1.29571731122e-08, 3.0706139853e-09, 1.01397198193e-07, 8.3234988324e-07, 3.86776036976e-07, 2.62976755039e-07, 7.36684853564e-07, 3.60027286206e-07, 2.72157740255e-06, 4.12929011873e-06, 2.49278582487e-06, 9.38539415074e-07, 2.45119462505e-08, 1.54447104705e-06, 5.04283491409e-07, 8.62155957293e-07, 4.11418056956e-07, 4.00816105639e-07, 2.11284714169e-07, 1.6455018681e-07, 1.67765563219e-07, 4.43925856075e-08, 5.31565049755e-08, 5.32483639404e-08, 4.25077288924e-08, 7.28721083476e-09],
        "stdev": [8.47166229505e-05, 0.0033905657474, 0.00148245226592, 0.000573656230699, 0.00124057638459, 0.00264732167125, 0.00207957369275, 0.00386502966285, 0.00680228322744, 0.00270047527738, 0.00363261182792, 0.00685051875189, 0.00251785013825, 0.00149424700066, 0.0012289112201, 0.000777667737566, 0.000423285673605, 0.000458464841358, 0.000259355816524, 0.000228937526117, 0.000116634655569, 0.000167836813489, 0.000290507799946, 0.000587903719861, 0.000695510127116, 0.000154715075041, 2.51578148891e-05]
    },
    "erbbands": {
        "max": [0.629489064217, 7.15343093872, 22.4658985138, 19.5049743652, 34.2528953552, 64.0202941895, 147.369354248, 304.4581604, 248.285964966, 744.955566406, 870.415100098, 1467.2722168, 1333.16821289, 1553.84362793, 1419.46777344, 1924.61486816, 1261.44140625, 913.969360352, 519.034790039, 571.794311523, 330.349365234, 237.435775757, 360.399353027, 148.151260376, 117.623168945, 125.079681396, 51.3541145325, 51.9349822998, 54.2449798584, 54.2918739319, 113.485649109, 108.757316589, 110.977256775, 111.533325195, 51.1025161743, 13.6792354584, 3.37442374229, 0.715619564056, 0.0716470628977, 0.00351387541741],
        "mean": [0.0449586361647, 0.384426593781, 0.914557635784, 1.47207129002, 2.77917408943, 3.57368898392, 6.01825475693, 19.147403717, 13.6873064041, 31.2571201324, 71.5646209717, 96.1244659424, 100.953216553, 68.4406433105, 114.373123169, 176.616073608, 89.2114257812, 60.4615859985, 50.4245223999, 47.3224143982, 32.5619735718, 27.4939575195, 23.4963607788, 17.1083106995, 13.2300338745, 9.68646621704, 4.92542695999, 3.89024472237, 3.9131500721, 4.39816665649, 5.08625125885, 5.79636335373, 4.57915973663, 3.30449509621, 1.06708621979, 0.28802087903, 0.079298146069, 0.0138065489009, 0.00152753014117, 9.37121294555e-05],
        "min": [1.58153184771e-07, 4.70929307994e-06, 5.99806953687e-05, 0.000245694973273, 0.000787019205745, 0.00333505636081, 0.00504262652248, 0.00241431221366, 0.00325603457168, 0.00918085128069, 0.0133167682216, 0.00853140559047, 0.0578895248473, 0.119035728276, 0.262861937284, 0.177279919386, 0.0552157312632, 0.00573092326522, 0.0243402607739, 0.0927844420075, 0.0307808257639, 0.0455423109233, 0.0215320494026, 0.0294471476227, 0.0117134191096, 0.0092736966908, 0.00998468883336, 0.00626396853477, 0.00572973117232, 0.00188432424329, 0.000925301748794, 0.0011355059687, 0.000753894972149, 0.00056063849479, 0.00037298630923, 0.000160829033121, 8.18024127511e-05, 1.95241627807e-05, 1.79925018529e-06, 6.89818534738e-07],
        "stdev": [0.0896403491497, 0.825832307339, 1.67684876919, 1.92108178139, 3.07213068008, 5.30818033218, 10.9060840607, 28.2838954926, 18.3969554901, 46.4880256653, 95.3252792358, 134.342269897, 154.976226807, 107.319458008, 152.505096436, 242.670944214, 113.11756134, 73.9189758301, 64.4214019775, 63.9622192383, 35.6568641663, 24.6774101257, 23.8567428589, 16.1454277039, 12.9224319458, 11.4542417526, 5.62939929962, 4.78862047195, 5.72681331635, 6.38407564163, 9.61765766144, 11.5385971069, 10.3627967834, 10.3121767044, 3.54968237877, 0.905301630497, 0.259735763073, 0.0462836362422, 0.00466920714825, 0.000173281412572]
    },
    "gfcc": {
        "mean": [27.3159484863, 63.9804382324, -147.683197021, -4.21018075943, -69.1443786621, 17.1726150513, -40.6238517761, 10.3597421646, -25.4750461578, -3.88862943649, -13.2325267792, -3.79682993889, -14.5747356415],
        "cov": [[2159.88989258, 581.652404785, 421.190002441, 499.222015381, 396.431884766, 274.417419434, 272.279907227, 292.228088379, 190.100845337, 94.5235519409, 7.60432815552, 53.3065185547, -36.1341247559], [581.652404785, 1995.07727051, 26.0569076538, 490.877044678, 470.013000488, 21.53358078, 436.531433105, 211.298904419, 212.773590088, 32.1453971863, 116.337524414, 62.0507850647, 15.2011575699], [421.190002441, 26.0569076538, 554.286804199, 278.463928223, 157.846984863, 184.373306274, 51.2568206787, 117.804130554, 65.1171035767, 85.9628143311, -12.5547714233, 36.528503418, -7.46033763885], [499.222015381, 490.877044678, 278.463928223, 549.725341797, 277.899475098, 201.891311646, 137.121429443, 151.249893188, 136.244857788, 71.1514816284, -8.5911397934, 32.6646118164, 33.4195899963], [396.431884766, 470.013000488, 157.846984863, 277.899475098, 323.415100098, 147.824783325, 183.113464355, 112.559371948, 91.8345489502, 52.02967453, -4.03551387787, 15.5412092209, 18.941034317], [274.417419434, 21.53358078, 184.373306274, 201.891311646, 147.824783325, 369.351135254, 152.756622314, 122.02280426, 44.277015686, 38.9345283508, -40.64112854, -25.3104457855, 23.4548377991], [272.279907227, 436.531433105, 51.2568206787, 137.121429443, 183.113464355, 152.756622314, 282.141326904, 114.190338135, 63.1948928833, 23.5499019623, 9.01149940491, -0.896819353104, 0.400238484144], [292.228088379, 211.298904419, 117.804130554, 151.249893188, 112.559371948, 122.02280426, 114.190338135, 151.685958862, 71.2966156006, 24.315404892, 4.51637363434, 3.85606694221, -1.19741868973], [190.100845337, 212.773590088, 65.1171035767, 136.244857788, 91.8345489502, 44.277015686, 63.1948928833, 71.2966156006, 116.143325806, 37.0351028442, 1.4878616333, 9.78301906586, 11.6511936188], [94.5235519409, 32.1453971863, 85.9628143311, 71.1514816284, 52.02967453, 38.9345283508, 23.5499019623, 24.315404892, 37.0351028442, 80.9532012939, 13.6094751358, 10.3489780426, 1.98826467991], [7.60432815552, 116.337524414, -12.5547714233, -8.5911397934, -4.03551387787, -40.64112854, 9.01149940491, 4.51637363434, 1.4878616333, 13.6094751358, 95.74168396, 28.7640151978, -15.4599819183], [53.3065185547, 62.0507850647, 36.528503418, 32.6646118164, 15.5412092209, -25.3104457855, -0.896819353104, 3.85606694221, 9.78301906586, 10.3489780426, 28.7640151978, 57.2137107849, 14.1634845734], [-36.1341247559, 15.2011575699, -7.46033763885, 33.4195899963, 18.941034317, 23.4548377991, 0.400238484144, -1.19741868973, 11.6511936188, 1.98826467991, -15.4599819183, 14.1634845734, 63.6225318909]],
        "icov": [[0.000755396729801, 5.05199241161e-05, -0.000101863086456, -0.000174534216058, -0.00044441310456, -2.81280790659e-05, -5.47432282474e-05, -0.000743172422517, -0.000266852264758, 5.47043491679e-05, 0.000218448476517, -0.000730477157049, 0.000888579292223], [5.05199241161e-05, 0.00152450299356, 0.000324450258631, -0.000984293525107, -0.00108571141027, 0.00134419824462, -0.00180575973354, -0.000174515560502, -0.000784330826718, 0.00106144486926, -0.00145676103421, 0.000262964575086, -0.000246787560172], [-0.000101863086456, 0.000324450258631, 0.00355595326982, -0.00103085918818, -0.000647066743113, -0.00088016979862, 0.000889201182872, -0.0014027513098, 0.000679255579598, -0.00205407314934, 0.00105062080547, -0.00284565286711, 0.00213679601438], [-0.000174534216058, -0.000984293525107, -0.00103085918818, 0.00523465685546, -0.00184411625378, -0.00179058429785, 0.00216085626744, -0.000594222510699, -0.00183948187623, -0.000450204621302, 0.000858291808981, -0.00117249356117, -0.000729629711714], [-0.00044441310456, -0.00108571141027, -0.000647066743113, -0.00184411625378, 0.00896777119488, -0.000588895170949, -0.00254716863856, 0.000678295851685, 5.02024995512e-05, -0.00194962834939, 0.001483895001, 0.000157368165674, -0.00114681571722], [-2.81280790659e-05, 0.00134419824462, -0.00088016979862, -0.00179058429785, -0.000588895170949, 0.00698951724917, -0.00368507485837, -0.00261630583555, 0.00165320327505, -0.000289797812002, -0.000270856573479, 0.00422821193933, -0.00322804483585], [-5.47432282474e-05, -0.00180575973354, 0.000889201182872, 0.00216085626744, -0.00254716863856, -0.00368507485837, 0.00995426531881, -0.00284349243157, 0.000291771430057, -0.000860311789438, 0.000771165534388, -0.00110449048225, 0.00177699537016], [-0.000743172422517, -0.000174515560502, -0.0014027513098, -0.000594222510699, 0.000678295851685, -0.00261630583555, -0.00284349243157, 0.0160551778972, -0.00582951307297, 0.00262401532382, -0.00187123205978, 0.000814197352156, 0.00119950179942], [-0.000266852264758, -0.000784330826718, 0.000679255579598, -0.00183948187623, 5.02024995512e-05, 0.00165320327505, 0.000291771430057, -0.00582951307297, 0.0169985350221, -0.00575189432129, 0.001859389944, 0.000591262243688, -0.00226722052321], [5.47043491679e-05, 0.00106144486926, -0.00205407314934, -0.000450204621302, -0.00194962834939, -0.000289797812002, -0.000860311789438, 0.00262401532382, -0.00575189432129, 0.0186408273876, -0.00463125063106, 0.000584134540986, -0.000269469077466], [0.000218448476517, -0.00145676103421, 0.00105062080547, 0.000858291808981, 0.001483895001, -0.000270856573479, 0.000771165534388, -0.00187123205978, 0.001859389944, -0.00463125063106, 0.0167971532792, -0.00952195655555, 0.00576809840277], [-0.000730477157049, 0.000262964575086, -0.00284565286711, -0.00117249356117, 0.000157368165674, 0.00422821193933, -0.00110449048225, 0.000814197352156, 0.000591262243688, 0.000584134540986, -0.00952195655555, 0.0293582864106, -0.0107548180968], [0.000888579292223, -0.000246787560172, 0.00213679601438, -0.000729629711714, -0.00114681571722, -0.00322804483585, 0.00177699537016, 0.00119950179942, -0.00226722052321, -0.000269469077466, 0.00576809840277, -0.0107548180968, 0.0226774513721]]
    },
    "melbands": {
        "max": [0.00689302524552, 0.00899633485824, 0.00310342642479, 0.00304675218649, 0.00395077513531, 0.00583029258996, 0.00478086667135, 0.00666178343818, 0.00610142340884, 0.0100116869435, 0.0064808097668, 0.00637156935409, 0.00597251625732, 0.00431200023741, 0.00564897945151, 0.00501205679029, 0.00165474391542, 0.00102572946344, 0.000847960240208, 0.000655024545267, 0.000353612093022, 0.000297961407341, 0.000623557018116, 0.000436134258052, 0.000124255107949, 0.000112448760774, 9.03159016161e-05, 8.82133535924e-05, 3.75867966795e-05, 2.35339684878e-05, 3.18954371323e-05, 2.97521819448e-05, 4.35626789113e-05, 3.5916469642e-05, 8.24497110443e-05, 7.47216108721e-05, 6.02422769589e-05, 7.57220041123e-05, 7.09620217094e-05, 0.000110115528514],
        "mean": [0.000439656461822, 0.000494707608595, 0.000292180426186, 0.000231156867812, 0.000196394525119, 0.000403689249652, 0.000226795935305, 0.000389367050957, 0.000596249941736, 0.000689221255016, 0.000497843837366, 0.000256197876297, 0.000344077096088, 0.000494397652801, 0.000400822551455, 0.000146322505316, 0.000101245437691, 8.2868100435e-05, 7.51029801904e-05, 4.57047972304e-05, 3.60558333341e-05, 2.93865869025e-05, 2.0310484615e-05, 2.18067198148e-05, 1.28794245029e-05, 1.00956294773e-05, 8.9076711447e-06, 5.8490209085e-06, 3.2218808883e-06, 2.27797340813e-06, 2.2027443265e-06, 2.1693645067e-06, 2.26283964366e-06, 2.48875426223e-06, 2.76660966847e-06, 3.29491831508e-06, 3.67262396139e-06, 3.31701562573e-06, 2.8683682558e-06, 2.8082154131e-06],
        "min": [2.61362664844e-09, 2.44904292401e-08, 5.33524797675e-08, 1.40727635767e-07, 1.83277336419e-07, 5.8012350479e-08, 4.90865730285e-08, 1.23953711295e-07, 9.30613452965e-08, 5.30745722926e-08, 3.03437616367e-07, 4.4744541583e-07, 8.74479383128e-07, 3.02477076275e-07, 3.10521386382e-07, 4.84980766657e-08, 4.06307476553e-09, 1.7703364108e-08, 1.38013973583e-07, 6.90900989753e-08, 3.46867672363e-08, 5.50123040455e-08, 2.45488145367e-08, 1.86365749499e-08, 2.58216950044e-08, 1.02206465513e-08, 7.13092163096e-09, 5.6621449751e-09, 7.06434288844e-09, 3.73825281841e-09, 4.48893988647e-09, 4.70448124901e-09, 7.1479272501e-10, 1.21862320235e-09, 5.233013467e-10, 5.1043652638e-10, 7.10803804704e-10, 5.78884051805e-10, 4.57878290838e-10, 4.9171072769e-10],
        "stdev": [0.000877672631759, 0.000866067071911, 0.000329691945808, 0.000284331385046, 0.000321677653119, 0.000572423450649, 0.000319846556522, 0.000561102351639, 0.00077837734716, 0.000978029682301, 0.000772956293076, 0.000420233351178, 0.0004991494352, 0.000684042985085, 0.000736688729376, 0.00024944767938, 0.000129680585815, 0.000122482015286, 9.83999707387e-05, 6.87162173563e-05, 4.01973156841e-05, 2.90346379188e-05, 2.38562897721e-05, 2.71820263151e-05, 1.26409377117e-05, 1.09008788058e-05, 8.99649421626e-06, 8.06403113529e-06, 3.86001192965e-06, 2.74045942206e-06, 2.90032130579e-06, 3.08626681544e-06, 3.83706719731e-06, 3.67212146557e-06, 5.47548188479e-06, 6.57763803247e-06, 7.55481141823e-06, 7.59608110457e-06, 7.25893733033e-06, 9.67405776464e-06]
    },
    "melbands128": {
        "max": [0.000553201301955, 0.00513443211094, 0.0121672814712, 0.0131184216589, 0.0127056380734, 0.0084597337991, 0.0041815796867, 0.00247970875353, 0.00395873608068, 0.00321350293234, 0.00468086032197, 0.00273274304345, 0.00601021992043, 0.00898747891188, 0.0111953383312, 0.00780568551272, 0.00384089816362, 0.0054289624095, 0.0145304501057, 0.010694145225, 0.00823867786676, 0.015886630863, 0.00867150351405, 0.00881589204073, 0.0145924743265, 0.0166554152966, 0.01774045825, 0.00683269184083, 0.00537091493607, 0.00625549489632, 0.0111127225682, 0.0102560985833, 0.0115408916026, 0.00730904331431, 0.010638397187, 0.00774501170963, 0.0095148878172, 0.0103452922776, 0.00437350198627, 0.00335217360407, 0.0116026997566, 0.00281773065217, 0.00342883775011, 0.000830926524941, 0.00246555474587, 0.00165900588036, 0.000806935888249, 0.0016262991121, 0.00162351562176, 0.00136485963594, 0.000884265813511, 0.000565345108043, 0.000549276708625, 0.000735431211069, 0.000495015177876, 0.000600733503234, 0.000225010880968, 0.000535785220563, 0.00116825010628, 0.000261199107626, 0.000964701932389, 0.000332747615175, 0.000315529468935, 0.000150787833263, 0.000240936235059, 0.000207173230592, 0.000127744628116, 0.000175217282958, 0.000139896175824, 0.000122977275169, 0.000157416303409, 5.4402727983e-05, 7.55107685109e-05, 5.00036112498e-05, 2.68834228336e-05, 2.57531264651e-05, 2.78079369309e-05, 3.96460127376e-05, 4.08886808145e-05, 4.16851216869e-05, 3.03897668346e-05, 4.2498944822e-05, 7.48090533307e-05, 5.31209043402e-05, 3.28418682329e-05, 3.48239518644e-05, 3.50358677679e-05, 0.000109713786514, 0.000108354041004, 0.000146496167872, 9.30992537178e-05, 9.73930582404e-05, 0.000125545135234, 7.39890383556e-05, 9.13988333195e-05, 9.92967397906e-05, 9.62107078522e-05, 0.00011868558795, 6.54954492347e-05, 9.63755373959e-05, 0.000124853599118, 0.000126850500237, 0.000137543713208, 6.02625586907e-05, 4.93310544698e-05, 5.41605404578e-05, 6.88742802595e-05, 3.20888393617e-05, 2.8445116186e-05, 1.97299941647e-05, 1.3512400983e-05, 2.03524159588e-05, 1.29140917124e-05, 1.39084841067e-05, 1.27060620798e-05, 7.63705793361e-06, 4.84127076561e-06, 3.83486849387e-06, 4.57115993413e-06, 2.38581037593e-06, 1.28907095132e-06, 3.53688369614e-06, 2.47959906119e-06, 1.04450947447e-07, 2.57685268679e-08, 2.44243132386e-08, 2.35941133298e-08, 2.31284715824e-08],
        "mean": [4.14496498706e-05, 0.000313556200126, 0.000636292505078, 0.000632061331999, 0.000468368496513, 0.000446408375865, 0.000295064237434, 0.000230810663197, 0.000307450216496, 0.000235407816945, 0.000200177470106, 0.000132039305754, 0.00016316548863, 0.00030621260521, 0.000485614786157, 0.000463854026748, 0.000193205560208, 0.000147580838529, 0.000299887324218, 0.00032374841976, 0.000425345584517, 0.000640256330371, 0.000651977024972, 0.000553061137907, 0.000391533336369, 0.000876213307492, 0.00106557097752, 0.000298739381833, 0.000237756263232, 0.000173745909706, 0.000279649131699, 0.000380500190658, 0.000303250999423, 0.000271201017313, 0.000681562058162, 0.000405672879424, 0.000439846597146, 0.000653210212477, 0.000161227100762, 0.000107655403554, 0.000153580869664, 0.000183623109479, 9.86264712992e-05, 4.36961781816e-05, 0.00012216786854, 8.34277379909e-05, 4.49230537924e-05, 9.69208631432e-05, 7.11228567525e-05, 6.55860494589e-05, 3.75000563508e-05, 2.91728629236e-05, 5.03362243762e-05, 3.03800516122e-05, 2.53509297181e-05, 3.4876880818e-05, 2.73137666227e-05, 1.93190808204e-05, 1.81949362741e-05, 2.09680274565e-05, 2.61903587671e-05, 1.89150905499e-05, 1.27575885926e-05, 1.08210015242e-05, 1.37100041684e-05, 9.33527007874e-06, 7.9552655734e-06, 1.12308371172e-05, 8.36986146169e-06, 7.240584182e-06, 6.69959445077e-06, 4.62295520265e-06, 3.57039129995e-06, 3.18895149576e-06, 2.6070115382e-06, 2.08514234146e-06, 2.2106914912e-06, 2.41838870352e-06, 2.13786029235e-06, 2.06874506148e-06, 2.18334412239e-06, 2.17664933189e-06, 2.2112149054e-06, 2.12986356019e-06, 2.49565209742e-06, 2.44630177804e-06, 2.49344793701e-06, 2.57736724052e-06, 2.61723971562e-06, 3.0436376619e-06, 3.19557807416e-06, 3.27587599713e-06, 3.65149571735e-06, 3.70117390958e-06, 3.71745704797e-06, 3.56029067916e-06, 3.27100087816e-06, 2.91141350317e-06, 2.74277203971e-06, 2.84554153041e-06, 3.20013964483e-06, 2.98268491861e-06, 2.19612320507e-06, 1.42430576489e-06, 1.04183607164e-06, 8.45645956815e-07, 6.81717096995e-07, 5.50752702111e-07, 4.85821885832e-07, 3.57775149951e-07, 3.04061387624e-07, 2.93855407563e-07, 2.40381154981e-07, 2.03130241516e-07, 1.63943852272e-07, 1.20740523357e-07, 8.30722015621e-08, 6.35888497413e-08, 6.05370402695e-08, 4.50926442852e-08, 3.3124077703e-08, 3.72089061784e-08, 2.83613381669e-08, 9.05706454279e-10, 2.29145383224e-11, 2.17038886863e-11, 2.09675523472e-11, 2.05949320098e-11],
        "min": [4.23238310718e-12, 8.41499314674e-10, 1.60305879682e-09, 4.67216132449e-09, 4.06330036284e-09, 9.2534796492e-10, 7.24237469996e-09, 2.65940318656e-08, 6.64668178274e-08, 1.23822715636e-07, 1.03087160142e-07, 7.23319999452e-08, 7.64779741758e-08, 1.07259339188e-07, 4.75773731523e-08, 1.98612664093e-08, 4.56141080463e-08, 5.49846674858e-08, 2.73730567102e-08, 4.66614480388e-08, 1.85076558523e-07, 1.73916731683e-07, 2.4607984983e-08, 2.9094707088e-08, 2.98048092873e-08, 5.71961571438e-08, 1.17561256729e-07, 3.18334571148e-07, 4.8749978987e-07, 4.03762811629e-07, 3.10615519084e-07, 5.50015329281e-07, 2.39069549934e-07, 5.61601041227e-07, 2.92901603416e-07, 2.12834493141e-07, 6.88981387498e-08, 1.63023045729e-07, 1.6862367147e-07, 5.88003956636e-08, 3.13304688859e-08, 1.18282068584e-08, 2.49765474969e-09, 6.19248485823e-10, 1.577114217e-09, 6.07843286815e-09, 5.0193186496e-08, 1.19402074006e-07, 1.92506576013e-07, 1.44769501276e-07, 2.77880189969e-08, 1.94577065571e-08, 1.80291888086e-08, 4.23005985795e-08, 7.11896745997e-08, 6.32432275438e-08, 3.46246764593e-08, 3.11504173567e-08, 2.10578452453e-08, 1.11345572762e-08, 1.47432768216e-08, 2.84899339675e-08, 2.59196610841e-08, 2.80210468162e-08, 2.00276630835e-08, 8.54742410183e-09, 3.95501453809e-09, 8.15944734001e-09, 7.48639905623e-09, 7.03168812066e-09, 5.15156850511e-09, 4.08275102615e-09, 9.14821907116e-09, 6.61862564755e-09, 6.24869356258e-09, 5.77396619406e-09, 1.19706689006e-09, 1.15208553808e-09, 2.86910806224e-09, 1.10143529852e-08, 7.10597269915e-09, 1.53583379348e-09, 4.89344287313e-10, 9.17862341687e-10, 4.19971085686e-10, 1.04952557756e-09, 1.88796600575e-09, 7.18696102631e-10, 4.39106917494e-10, 3.38032657421e-10, 2.49847004197e-10, 5.12388353968e-10, 1.08463871218e-09, 5.42309475104e-10, 7.1266581525e-10, 7.02076563552e-10, 6.19805429203e-10, 2.00206393131e-10, 6.51591836043e-10, 4.30047109035e-10, 2.62649013649e-10, 6.36138530741e-10, 5.85709258871e-10, 4.96494290125e-10, 3.98769101073e-10, 3.28564286889e-10, 2.92370516686e-10, 2.43812248168e-10, 2.80736767166e-10, 2.52612958329e-10, 1.30998295544e-10, 2.64478078327e-10, 2.3943308447e-10, 1.24697543957e-10, 5.21597418035e-11, 8.7423866757e-11, 2.25063009895e-10, 2.43772558563e-12, 3.12014411703e-13, 3.35551275351e-13, 2.80008140155e-13, 2.65175224444e-13, 2.91627182472e-13, 2.11842709715e-13, 1.09290282716e-13, 7.16313740636e-14, 1.02592054589e-14, 3.38493450434e-16],
        "stdev": [8.27032563393e-05, 0.000663877697662, 0.00143011438195, 0.00144660088699, 0.00100733328145, 0.00069613661617, 0.000440908304881, 0.000279076892184, 0.000357152603101, 0.00037450902164, 0.000368470791727, 0.000229210985708, 0.000368701090338, 0.000710858555976, 0.000849808391649, 0.00078446167754, 0.000342559913406, 0.000304730550852, 0.00069915590575, 0.000670232460834, 0.000753040832933, 0.00130823196378, 0.00110773893539, 0.000950354384258, 0.00099259102717, 0.00165541353635, 0.00199106615037, 0.000630850088783, 0.000527389755007, 0.000374502240447, 0.000645348744001, 0.000806424533948, 0.00073296733899, 0.000629654037766, 0.00132773502264, 0.00083604484098, 0.00102621247061, 0.0014463091502, 0.000383408827474, 0.000244620227022, 0.000448755483376, 0.00028341106372, 0.000201831120648, 7.15717251296e-05, 0.000238189080846, 0.000166021491168, 7.63806092436e-05, 0.000150558451423, 0.000134627465741, 0.00012996949954, 7.1091861173e-05, 5.08464690938e-05, 6.53626266285e-05, 4.4398879254e-05, 3.70447487512e-05, 4.8997993872e-05, 2.86475005851e-05, 2.92793047265e-05, 3.68948167306e-05, 2.68767325906e-05, 5.30721263203e-05, 2.86161430267e-05, 2.174522524e-05, 1.29272566483e-05, 1.8869915948e-05, 1.55050020112e-05, 1.26226386783e-05, 1.65097517311e-05, 9.9306116681e-06, 1.0566290257e-05, 1.33878857014e-05, 6.10294500802e-06, 5.76644333705e-06, 4.42500868303e-06, 3.39266648552e-06, 2.9685240861e-06, 2.95423683383e-06, 3.28247369907e-06, 3.27419775203e-06, 3.10420819005e-06, 2.98438408208e-06, 3.61688921657e-06, 4.38213828602e-06, 4.36709160567e-06, 4.055601039e-06, 3.64106085726e-06, 3.98093607146e-06, 5.57126486456e-06, 5.82148913963e-06, 7.43563941796e-06, 6.58056069369e-06, 7.23655784896e-06, 8.08760705695e-06, 7.90430112829e-06, 8.47189858177e-06, 8.67138169269e-06, 8.22174570203e-06, 7.48846059651e-06, 6.70009376336e-06, 8.00498310127e-06, 1.11832250695e-05, 1.12308889584e-05, 8.6044155978e-06, 4.78996616948e-06, 3.55241172656e-06, 2.96915209219e-06, 2.91964829557e-06, 1.9764352146e-06, 1.46848879012e-06, 1.10191740532e-06, 1.02022761439e-06, 1.08895108042e-06, 8.01131932349e-07, 7.65588424656e-07, 6.50581739592e-07, 4.38137476522e-07, 2.87589500658e-07, 2.34596555515e-07, 2.14507039686e-07, 1.40177988328e-07, 1.08203956017e-07, 1.48113187493e-07, 1.05885241908e-07, 4.66432092949e-09, 6.88145318506e-10, 6.52255638389e-10, 6.30084817654e-10, 6.17653095336e-10]
    },
    "mfcc": {
        "mean": [-608.891174316, 105.996070862, -24.4524440765, -16.9194469452, -8.07483386993, -8.33250331879, -1.98294007778, 4.16743946075, -6.75200796127, 2.0956697464, -2.80756187439, -1.6561653614, -2.85663676262],
        "cov": [[2048.83666992, 397.844940186, 164.465774536, 402.409637451, 256.527557373, 208.898254395, 178.499923706, 285.226623535, 263.804077148, 140.180618286, 168.147567749, 169.849731445, 137.039459229], [397.844940186, 1353.45507812, -142.191131592, 452.559967041, 28.6387214661, 68.0254745483, 148.179229736, 216.659927368, 131.066131592, 26.6795539856, 149.459716797, 159.797866821, 120.606628418], [164.465774536, -142.191131592, 439.989318848, 101.018417358, 163.860321045, 92.544342041, 52.6807022095, 47.9523277283, 103.872802734, 4.08835601807, 62.9171943665, 90.5558166504, 37.8703422546], [402.409637451, 452.559967041, 101.018417358, 472.531707764, 180.451019287, 112.13961792, 54.4313278198, 110.929473877, 148.550979614, 26.2577705383, 64.6491394043, 145.692001343, 103.048583984], [256.527557373, 28.6387214661, 163.860321045, 180.451019287, 247.428710938, 114.671302795, 47.2710838318, 61.515827179, 126.062835693, 35.0549430847, 33.8610343933, 75.4067230225, 46.2835197449], [208.898254395, 68.0254745483, 92.544342041, 112.13961792, 114.671302795, 242.18196106, 125.98135376, 88.2341766357, 165.551483154, 48.7321434021, 62.9799537659, 48.9920692444, 11.5175924301], [178.499923706, 148.179229736, 52.6807022095, 54.4313278198, 47.2710838318, 125.98135376, 202.679489136, 116.383842468, 104.48311615, 36.4606399536, 73.0962295532, 58.8120193481, 18.5320491791], [285.226623535, 216.659927368, 47.9523277283, 110.929473877, 61.515827179, 88.2341766357, 116.383842468, 177.065063477, 118.314109802, 53.6050834656, 58.6051445007, 51.2698669434, 36.1001663208], [263.804077148, 131.066131592, 103.872802734, 148.550979614, 126.062835693, 165.551483154, 104.48311615, 118.314109802, 237.501541138, 69.6487884521, 70.8586807251, 59.9168510437, 34.1159858704], [140.180618286, 26.6795539856, 4.08835601807, 26.2577705383, 35.0549430847, 48.7321434021, 36.4606399536, 53.6050834656, 69.6487884521, 87.927520752, 32.4548416138, 11.4279174805, 2.87326931953], [168.147567749, 149.459716797, 62.9171943665, 64.6491394043, 33.8610343933, 62.9799537659, 73.0962295532, 58.6051445007, 70.8586807251, 32.4548416138, 114.196861267, 69.4600067139, 20.9881515503], [169.849731445, 159.797866821, 90.5558166504, 145.692001343, 75.4067230225, 48.9920692444, 58.8120193481, 51.2698669434, 59.9168510437, 11.4279174805, 69.4600067139, 148.135253906, 71.0540237427], [137.039459229, 120.606628418, 37.8703422546, 103.048583984, 46.2835197449, 11.5175924301, 18.5320491791, 36.1001663208, 34.1159858704, 2.87326931953, 20.9881515503, 71.0540237427, 92.2705917358]],
        "icov": [[0.000757245637942, 0.000136578455567, 9.80842742138e-05, -0.00039655607543, -0.000289868476102, -4.50205843663e-05, 9.05961060198e-05, -0.000835293554701, 0.000198764639208, -0.000436108821305, -0.000711902219336, 0.000284897862002, -0.000558296975214], [0.000136578455567, 0.00193626747932, 0.00115353509318, -0.00193602498621, 0.000614905555267, 0.000542109133676, -0.000407847837778, -0.00151873193681, 6.58562421449e-05, 0.000976732932031, -0.00211820215918, 0.00030544216861, -0.000553171208594], [9.80842742138e-05, 0.00115353509318, 0.00413814838976, -0.00045042464626, -0.00185401225463, 0.000264983566012, 0.000116987896035, -0.00111632712651, -0.000634761760011, 0.00217186217196, -0.00236789463088, -0.00102817674633, -4.12270528614e-05], [-0.00039655607543, -0.00193602498621, -0.00045042464626, 0.00646679988131, -0.00238363700919, -0.00113028334454, 0.0020060131792, 4.14553360315e-05, -0.00114236096852, 0.000510541140102, 0.00228807795793, -0.00304729980417, -0.000767526507843], [-0.000289868476102, 0.000614905555267, -0.00185401225463, -0.00238363700919, 0.00893235299736, -0.00158515246585, 0.000301093416056, 0.000390912027797, -0.00152027758304, -0.00130706373602, 0.00188284565229, -0.00109076045919, -0.000431821506936], [-4.50205843663e-05, 0.000542109133676, 0.000264983566012, -0.00113028334454, -0.00158515246585, 0.0104479137808, -0.00449277972803, 0.00135326047894, -0.0050412286073, 0.000311849900754, -0.000941933016293, 0.000582955195569, 0.00199526641518], [9.05961060198e-05, -0.000407847837778, 0.000116987896035, 0.0020060131792, 0.000301093416056, -0.00449277972803, 0.0116523606703, -0.00579154165462, 0.000341658946127, 0.00122286588885, -0.00196687853895, -0.00269231572747, 0.000801792892162], [-0.000835293554701, -0.00151873193681, -0.00111632712651, 4.14553360315e-05, 0.000390912027797, 0.00135326047894, -0.00579154165462, 0.0148375965655, -0.00323572359048, -0.00387763604522, 0.00163540488575, 0.00126807414927, -0.00140069611371], [0.000198764639208, 6.58562421449e-05, -0.000634761760011, -0.00114236096852, -0.00152027758304, -0.0050412286073, 0.000341658946127, -0.00323572359048, 0.012245606631, -0.00389508181252, -0.00188385695219, 0.00155535968952, -0.00143137737177], [-0.000436108821305, 0.000976732932031, 0.00217186217196, 0.000510541140102, -0.00130706373602, 0.000311849900754, 0.00122286588885, -0.00387763604522, -0.00389508181252, 0.0181699879467, -0.00396821694449, 0.000498733657878, 0.00119056983385], [-0.000711902219336, -0.00211820215918, -0.00236789463088, 0.00228807795793, 0.00188284565229, -0.000941933016293, -0.00196687853895, 0.00163540488575, -0.00188385695219, -0.00396821694449, 0.0194145087153, -0.00793757569045, 0.00368727557361], [0.000284897862002, 0.00030544216861, -0.00102817674633, -0.00304729980417, -0.00109076045919, 0.000582955195569, -0.00269231572747, 0.00126807414927, 0.00155535968952, 0.000498733657878, -0.00793757569045, 0.0182272847742, -0.00929938070476], [-0.000558296975214, -0.000553171208594, -4.12270528614e-05, -0.000767526507843, -0.000431821506936, 0.00199526641518, 0.000801792892162, -0.00140069611371, -0.00143137737177, 0.00119056983385, 0.00368727557361, -0.00929938070476, 0.020433075726]]
    },
    "spectral_contrast_coeffs": {
        "max": [-0.393576323986, -0.476764261723, -0.503499507904, -0.617955625057, -0.637603521347, -0.679708838463],
        "mean": [-0.698675870895, -0.720877945423, -0.700573205948, -0.77239137888, -0.784413278103, -0.796998620033],
        "min": [-0.870855689049, -0.932356655598, -0.933675885201, -0.880701959133, -0.887938499451, -0.90858155489],
        "stdev": [0.0896227732301, 0.0714497938752, 0.0750078931451, 0.0462294220924, 0.0365280210972, 0.0311122704297]
    },
    "spectral_contrast_valleys": {
        "max": [-5.45556735992, -4.93526744843, -5.32949590683, -5.1781167984, -5.93436098099, -7.53668403625],
        "mean": [-7.5439119339, -6.48278284073, -6.65760087967, -6.98645448685, -7.27138185501, -9.60287189484],
        "min": [-11.3983306885, -9.52762794495, -8.60247993469, -10.3921756744, -10.0696964264, -12.2167100906],
        "stdev": [1.32459187508, 0.660848259926, 0.541603446007, 0.524567723274, 0.468567728996, 0.71707290411]
    }
},
"rhythm": {
    "beats_count": 55,
    "beats_loudness": {
        "max": 0.0802335068583,
        "mean": 0.037184920162,
        "min": 0.00859008170664,
        "stdev": 0.0126475458965
    },
    "bpm": 102.259368896,
    "bpm_histogram_first_peak_bpm": 101,
    "bpm_histogram_first_peak_weight": 0.509433925152,
    "bpm_histogram_second_peak_bpm": 108,
    "bpm_histogram_second_peak_spread": 0,
    "bpm_histogram_second_peak_weight": 0.0185185186565,
    "danceability": 1.05395567417,
    "onset_rate": 3.07617163658,
    "beats_loudness_band_ratio": {
        "max": [0.403389573097, 0.313488513231, 0.595190703869, 0.696013331413, 0.462239921093, 0.30581381917],
        "mean": [0.0859770551324, 0.0810476318002, 0.269021600485, 0.34170922637, 0.176267161965, 0.0623396262527],
        "min": [0.000314278935548, 0.00449342792854, 0.0345312692225, 0.111371636391, 0.0278265550733, 0.0091114891693],
        "stdev": [0.0889469236135, 0.0701036825776, 0.150353863835, 0.118885613978, 0.125801563263, 0.0641435608268]
    },
    "beats_position": [0.557278871536, 1.11455774307, 1.68344664574, 2.2523355484, 2.83283448219, 3.41333317757, 3.99383211136, 4.57433080673, 5.16644001007, 5.75854873657, 6.35065746307, 6.94276618958, 7.52326536179, 8.10376358032, 8.6958732605, 9.287981987, 9.8800907135, 10.4605894089, 11.0526981354, 11.6331968307, 12.2136955261, 12.8058052063, 13.3979139328, 13.9784126282, 14.5589113235, 15.1394100189, 15.7431287766, 16.3236274719, 16.904127121, 17.4846248627, 18.0651245117, 18.6804523468, 19.272562027, 19.8646717072, 20.45677948, 21.037279129, 21.6293869019, 22.221496582, 22.8136043549, 23.405714035, 23.9978218079, 24.589931488, 25.1704311371, 25.7509288788, 26.343038559, 26.9351463318, 27.5156459808, 28.0961437225, 28.6882534027, 29.2803630829, 29.8724708557, 30.4645805359, 31.0450782776, 31.6255779266, 32.2176856995],
