{
"metadata": {
    "version": {
        "essentia": "2.1-beta5",
        "essentia_git_sha": "Undefined",
        "extractor": "music 2.0"
    },
    "audio_properties": {
        "analysis": {
            "equal_loudness": 0,
            "length": 32.4963264465,
            "sample_rate": 44100,
            "start_time": 12.7477550507,
            "downmix": "mix"
        },
        "bit_rate": 192000,
        "length": 193.445465088,
        "lossless": 0,
        "number_channels": 2,
        "replay_gain": -5.41578102112,
        "sample_rate": 48000,
        "codec": "mp3",
        "md5_encoded": "7aef5a20ad5506c8f0b7397d2ed83e58"
    },
    "tags": {
        "file_name": "Azerbaijan_Always_AySel _ Arash.mp3",
        "encoding": ["Lavf58.29.100"]
    }
},
"lowlevel": {
    "average_loudness": 0.82532197237,
    "barkbands_crest": {
        "max": 25.5339775085,
        "mean": 9.79350471497,
        "min": 2.92947411537,
        "stdev": 4.14020013809
    },
    "barkbands_flatness_db": {
        "max": 0.270649313927,
        "mean": 0.135633006692,
        "min": 0.0327999256551,
        "stdev": 0.0414180532098
    },
    "barkbands_kurtosis": {
        "max": 90.1257629395,
        "mean": 2.5234978199,
        "min": -1.74686217308,
        "stdev": 5.5287976265
    },
    "barkbands_skewness": {
        "max": 8.63853549957,
        "mean": 1.06952238083,
        "min": -0.972100436687,
        "stdev": 1.00861847401
    },
    "barkbands_spread": {
        "max": 86.4150848389,
        "mean": 18.3145675659,
        "min": 2.23744106293,
        "stdev": 11.0965423584
    },
    "dissonance": {
        "max": 0.499828785658,
        "mean": 0.466345846653,
        "min": 0.33997631073,
        "stdev": 0.0245654378086
    },
    "dynamic_complexity": 4.02358722687,
    "erbbands_crest": {
        "max": 28.1816310883,
        "mean": 9.61264228821,
        "min": 2.4265422821,
        "stdev": 4.24311828613
    },
    "erbbands_flatness_db": {
        "max": 0.304494738579,
        "mean": 0.179362073541,
        "min": 0.0496012084186,
        "stdev": 0.0498586446047
    },
    "erbbands_kurtosis": {
        "max": 15.4451026917,
        "mean": 0.931124031544,
        "min": -1.47535455227,
        "stdev": 1.64718604088
    },
    "erbbands_skewness": {
        "max": 2.70128798485,
        "mean": 0.527854681015,
        "min": -1.55080413818,
        "stdev": 0.611636996269
    },
    "erbbands_spread": {
        "max": 113.780212402,
        "mean": 28.5478458405,
        "min": 5.62783002853,
        "stdev": 16.7943878174
    },
    "hfc": {
        "max": 171.546936035,
        "mean": 20.0598945618,
        "min": 0.281491667032,
        "stdev": 21.3697872162
    },
    "loudness_ebu128": {
        "integrated": -17.6185455322,
        "loudness_range": 11.6498088837,
        "momentary": {
            "max": -14.1369781494,
            "mean": -19.7450141907,
            "min": -33.9390945435,
            "stdev": 4.76771640778
        },
        "short_term": {
            "max": -15.6108427048,
            "mean": -18.9911079407,
            "min": -28.7221088409,
            "stdev": 3.72840976715
        }
    },
    "melbands_crest": {
        "max": 32.9138412476,
        "mean": 12.4253587723,
        "min": 3.5012357235,
        "stdev": 5.14550352097
    },
    "melbands_flatness_db": {
        "max": 0.379154682159,
        "mean": 0.187807768583,
        "min": 0.0544920153916,
        "stdev": 0.0492581911385
    },
    "melbands_kurtosis": {
        "max": 182.87840271,
        "mean": 7.37801456451,
        "min": -1.35487568378,
        "stdev": 14.6174440384
    },
    "melbands_skewness": {
        "max": 11.5587978363,
        "mean": 1.70998740196,
        "min": -0.714175820351,
        "stdev": 1.539047122
    },
    "melbands_spread": {
        "max": 101.639411926,
        "mean": 22.5184516907,
        "min": 1.41450440884,
        "stdev": 11.0954704285
    },
    "pitch_salience": {
        "max": 0.833210468292,
        "mean": 0.569557130337,
        "min": 0.106038488448,
        "stdev": 0.116383098066
    },
    "silence_rate_20dB": {
        "max": 1,
        "mean": 1,
        "min": 1,
        "stdev": 0
    },
    "silence_rate_30dB": {
        "max": 1,
        "mean": 0.947894334793,
        "min": 0,
        "stdev": 0.222239926457
    },
    "silence_rate_60dB": {
        "max": 1,
        "mean": 0.178443968296,
        "min": 0,
        "stdev": 0.382889449596
    },
    "spectral_centroid": {
        "max": 3945.30883789,
        "mean": 1323.93786621,
        "min": 351.22555542,
        "stdev": 449.756195068
    },
    "spectral_complexity": {
        "max": 59,
        "mean": 17.7987155914,
        "min": 1,
        "stdev": 8.8544883728
    },
    "spectral_decrease": {
        "max": -1.05979273968e-10,
        "mean": -7.00972302425e-09,
        "min": -5.97198521746e-08,
        "stdev": 8.5220852597e-09
    },
    "spectral_energy": {
        "max": 0.231810703874,
        "mean": 0.0282757934183,
        "min": 0.000431674357969,
        "stdev": 0.033474303782
    },
    "spectral_energyband_high": {
        "max": 0.0187866520137,
        "mean": 0.000665519677568,
        "min": 1.47718310473e-06,
        "stdev": 0.00133387790993
    },
    "spectral_energyband_low": {
        "max": 0.189539775252,
        "mean": 0.0109192803502,
        "min": 5.53220661459e-06,
        "stdev": 0.0253694579005
    },
    "spectral_energyband_middle_high": {
        "max": 0.0918720588088,
        "mean": 0.00675736926496,
        "min": 7.82673669164e-05,
        "stdev": 0.00889238156378
    },
    "spectral_energyband_middle_low": {
        "max": 0.1262524575,
        "mean": 0.0108059495687,
        "min": 0.000130498970975,
        "stdev": 0.011868622154
    },
    "spectral_entropy": {
        "max": 8.80301761627,
        "mean": 7.54239225388,
        "min": 6.32917642593,
        "stdev": 0.357094317675
    },
    "spectral_flux": {
        "max": 0.343103319407,
        "mean": 0.0819749012589,
        "min": 0.00935310870409,
        "stdev": 0.0583461783826
    },
    "spectral_kurtosis": {
        "max": 24.165561676,
        "mean": 5.23785448074,
        "min": -0.259524106979,
        "stdev": 3.10120391846
    },
    "spectral_rms": {
        "max": 0.0150385098532,
        "mean": 0.00453447923064,
        "min": 0.000648957444355,
        "stdev": 0.00265040039085
    },
    "spectral_rolloff": {
        "max": 7515.08789062,
        "mean": 1359.5567627,
        "min": 64.599609375,
        "stdev": 899.926818848
    },
    "spectral_skewness": {
        "max": 3.51176214218,
        "mean": 1.63649153709,
        "min": 0.579984664917,
        "stdev": 0.378823399544
    },
    "spectral_spread": {
        "max": 14648509,
        "mean": 3926187,
        "min": 1974973.5,
        "stdev": 1388871.75
    },
    "spectral_strongpeak": {
        "max": 8.3804397583,
        "mean": 1.13879168034,
        "min": 0.00992159824818,
        "stdev": 1.14501941204
    },
    "zerocrossingrate": {
        "max": 0.19921875,
        "mean": 0.0559909790754,
        "min": 0.009765625,
        "stdev": 0.0243186857551
    },
    "barkbands": {
        "max": [0.0164191313088, 0.166910231113, 0.101432666183, 0.0921441316605, 0.04484558478, 0.0182127840817, 0.0254928898066, 0.0609657838941, 0.0899977758527, 0.0445398837328, 0.0474773719907, 0.0281915608793, 0.0663021430373, 0.0123365530744, 0.011150624603, 0.00347525533289, 0.00232954788953, 0.00539992470294, 0.00477662775666, 0.00605120835826, 0.00509988656268, 0.00464630825445, 0.00393023341894, 0.00257466104813, 0.00248104846105, 0.000950446468778, 8.13778169686e-05],
        "mean": [0.000172445114003, 0.0073974779807, 0.00272703333758, 0.00114755844697, 0.00308330589905, 0.000889009505045, 0.000658002158161, 0.00131758057978, 0.00327324145474, 0.00143195979763, 0.00101252435707, 0.00128186226357, 0.00120679440442, 0.000589776958805, 0.000306147267111, 0.00020788742404, 0.000145458790939, 0.00027231691638, 0.000349476467818, 0.00021283008391, 0.000133143083076, 0.000146948732436, 0.000130040047225, 8.7086998974e-05, 6.40525686322e-05, 2.96427861031e-05, 2.20616698243e-06],
        "min": [1.08987441294e-09, 3.89970693959e-07, 6.84363328673e-07, 1.93374461332e-07, 5.24066263097e-06, 1.70009855083e-06, 2.45787600761e-06, 3.29864201376e-06, 2.24698351303e-06, 1.1264859495e-05, 3.35792810802e-06, 6.30073463981e-06, 4.36413074567e-06, 6.60195473756e-06, 3.90941841033e-06, 2.18618902181e-06, 1.5014542214e-06, 1.36094388381e-06, 7.59109127557e-07, 1.01377850115e-06, 4.33612598272e-07, 1.0041394205e-07, 6.9167057859e-08, 4.36177067797e-08, 2.95162507769e-08, 1.89777704662e-08, 4.66042100744e-11],
        "stdev": [0.000847135088407, 0.0208824314177, 0.00747195910662, 0.00426328601316, 0.004720677156, 0.00144734093919, 0.00143837125506, 0.00443947920576, 0.00609691813588, 0.003017435316, 0.00286656548269, 0.00266430038027, 0.00350152258761, 0.00131706125103, 0.000687383813784, 0.000401427678298, 0.0002474351204, 0.000392198358895, 0.000482059869682, 0.000383865175536, 0.000321421655826, 0.000290376279736, 0.000289900694042, 0.000189056750969, 0.00018413887301, 9.12162213353e-05, 8.69824089023e-06]
    },
    "erbbands": {
        "max": [5.29846191406, 42.8380050659, 111.032653809, 211.841751099, 188.588165283, 194.564254761, 203.689056396, 174.345611572, 112.525215149, 551.673522949, 1703.24963379, 1835.39099121, 1272.89074707, 1741.75817871, 1961.46533203, 771.093017578, 2269.46899414, 1159.66564941, 828.450622559, 488.989746094, 230.293899536, 142.655090332, 215.257888794, 337.872161865, 300.304260254, 282.06161499, 141.843505859, 231.437393188, 196.689971924, 133.794418335, 88.8617324829, 66.3264694214, 33.6882781982, 26.3330726624, 17.4178657532, 5.43309593201, 2.26657366753, 0.241390600801, 0.0167200379074, 0.000615957484115],
        "mean": [0.186784416437, 1.73442852497, 3.39219331741, 3.7207839489, 6.58498620987, 10.3382959366, 10.903336525, 6.71712398529, 8.03455162048, 13.6035089493, 39.7802505493, 71.6338195801, 63.9417648315, 35.9986763, 47.9198379517, 48.8257713318, 55.2346916199, 35.5037765503, 20.3288726807, 14.4757556915, 11.9046087265, 9.02596092224, 13.4791250229, 15.8667163849, 19.1422080994, 9.255402565, 5.36352777481, 5.45010089874, 5.54924726486, 4.52162599564, 3.3988878727, 2.23243260384, 1.26137828827, 0.764410912991, 0.438572973013, 0.156634375453, 0.0503622852266, 0.00695616565645, 0.000475480715977, 4.80002199765e-05],
        "min": [1.40026504596e-05, 0.000239672372118, 0.000970174674876, 0.00168792915065, 0.00437394529581, 0.0219582132995, 0.0124122975394, 0.0180746298283, 0.016853928566, 0.0499739423394, 0.127996087074, 0.0540525466204, 0.341631174088, 0.300548821688, 0.260837703943, 0.355204612017, 0.261675059795, 0.294284880161, 0.307929962873, 0.119196467102, 0.126276984811, 0.0984441190958, 0.0764917135239, 0.0615719594061, 0.0634171515703, 0.0616043694317, 0.0355143025517, 0.0123986126855, 0.00464360555634, 0.00325289578177, 0.00197221664712, 0.00103581370786, 0.000507916905917, 0.000331483053742, 0.000217359585804, 0.000102191013866, 2.88621558866e-05, 2.43496310759e-06, 3.19001060234e-07, 5.19202899341e-07],
        "stdev": [0.625974833965, 4.76725244522, 8.77244281769, 10.6790504456, 15.0829954147, 16.8049926758, 19.8020801544, 11.0849227905, 12.3775863647, 33.4249191284, 117.478363037, 138.523513794, 109.801902771, 81.6283340454, 124.738777161, 89.7493133545, 142.205825806, 83.0505447388, 45.0137634277, 33.6579093933, 23.126663208, 14.9083690643, 18.6211490631, 22.3034744263, 28.1564331055, 15.9126682281, 11.7138748169, 13.154083252, 11.5227193832, 8.79327964783, 7.68802452087, 4.8323674202, 2.86312222481, 2.16434836388, 1.28983688354, 0.458027869463, 0.169535696507, 0.0225036367774, 0.00176206300966, 7.4249903264e-05]
    },
    "gfcc": {
        "mean": [-16.8419971466, 100.015014648, -137.679351807, 19.8222141266, -62.546661377, 17.5715141296, -26.6134986877, 7.69996881485, -29.2359828949, -4.08796262741, -15.2995738983, -2.9796898365, -16.1338443756],
        "cov": [[5919.73339844, -1348.60095215, 1184.82263184, 844.793212891, -383.799743652, 405.547668457, -88.9567184448, 166.378372192, 142.197860718, 154.493286133, 185.912399292, 133.181777954, 7.451628685], [-1348.60095215, 1227.67944336, -134.820907593, -5.45610284805, 183.493591309, -163.948165894, 145.73651123, -111.080680847, 40.7313842773, -172.883071899, 16.7974376678, -110.583686829, -11.9047937393], [1184.82263184, -134.820907593, 826.500793457, 398.516571045, 102.052993774, 123.268348694, -27.4214000702, 84.9374465942, 94.8022232056, 127.140525818, -43.1008605957, 50.5389175415, 22.2818641663], [844.793212891, -5.45610284805, 398.516571045, 372.794769287, 65.6196517944, 89.4021987915, -0.903030157089, 37.3786888123, 94.5384140015, 55.9704475403, 2.82242679596, 1.36608707905, 31.7688388824], [-383.799743652, 183.493591309, 102.052993774, 65.6196517944, 306.16583252, 30.9545001984, 31.3648262024, 53.8196372986, 51.8252830505, 71.1965484619, -85.2272109985, -11.7813444138, 6.27597665787], [405.547668457, -163.948165894, 123.268348694, 89.4021987915, 30.9545001984, 142.13885498, 46.4475440979, 50.6761283875, 11.4861001968, 38.2668151855, 18.5827217102, 12.565823555, 4.81980276108], [-88.9567184448, 145.73651123, -27.4214000702, -0.903030157089, 31.3648262024, 46.4475440979, 162.659378052, 36.6394577026, -2.62709975243, -38.5743865967, 38.7090072632, -27.1910495758, -26.5272541046], [166.378372192, -111.080680847, 84.9374465942, 37.3786888123, 53.8196372986, 50.6761283875, 36.6394577026, 124.215377808, 43.4667854309, 54.7909317017, -11.9064149857, 0.270468831062, -4.82551813126], [142.197860718, 40.7313842773, 94.8022232056, 94.5384140015, 51.8252830505, 11.4861001968, -2.62709975243, 43.4667854309, 123.448982239, 63.0319519043, -1.56100094318, -13.5175123215, 22.4544010162], [154.493286133, -172.883071899, 127.140525818, 55.9704475403, 71.1965484619, 38.2668151855, -38.5743865967, 54.7909317017, 63.0319519043, 136.33454895, -26.1682529449, 23.5781898499, 23.5826473236], [185.912399292, 16.7974376678, -43.1008605957, 2.82242679596, -85.2272109985, 18.5827217102, 38.7090072632, -11.9064149857, -1.56100094318, -26.1682529449, 120.446884155, 6.88693284988, 2.9770796299], [133.181777954, -110.583686829, 50.5389175415, 1.36608707905, -11.7813444138, 12.565823555, -27.1910495758, 0.270468831062, -13.5175123215, 23.5781898499, 6.88693284988, 74.733039856, 21.1071796417], [7.451628685, -11.9047937393, 22.2818641663, 31.7688388824, 6.27597665787, 4.81980276108, -26.5272541046, -4.82551813126, 22.4544010162, 23.5826473236, 2.9770796299, 21.1071796417, 75.1272964478]],
        "icov": [[0.000579518673476, 0.000633805815596, -0.000410929817008, -0.000907834386453, 0.000396516610635, -0.00020960260008, 5.25418290636e-05, 3.49332913174e-05, -0.000563362147659, 0.000825580849778, -0.00064234965248, -0.000134357222123, 0.000522273243405], [0.000633805815596, 0.00364623172209, -0.00101320852991, -0.000858870509546, -0.00257199560292, 0.00344211538322, -0.00238469615579, 0.00249664252624, -0.0027853185311, 0.00456848926842, -0.00228521088138, 0.00149562826846, -0.000440236559371], [-0.000410929817008, -0.00101320852991, 0.00359751679935, -0.00278671458364, 0.000531341182068, -0.000696809031069, 0.000362407008652, -0.00112621637527, 0.00135424861219, -0.00260274112225, 0.00193741905969, -0.00220779562369, 0.00100332940929], [-0.000907834386453, -0.000858870509546, -0.00278671458364, 0.00922354403883, -0.0014702755725, -0.00238896324299, 0.000826933304779, 0.00132847158238, -0.00318173062988, 0.00135079456959, -0.00031324729207, 0.00228137592785, -0.00256806332618], [0.000396516610635, -0.00257199560292, 0.000531341182068, -0.0014702755725, 0.00882641226053, -0.0038477294147, -0.000241205401835, -0.00228132400662, 0.00114078924526, -0.0056266374886, 0.00552719971165, -0.00168944417965, 0.000975937000476], [-0.00020960260008, 0.00344211538322, -0.000696809031069, -0.00238896324299, -0.0038477294147, 0.0168660003692, -0.00667525269091, 0.000201678427402, 0.00164063565899, 0.000269123935141, -0.00344817154109, 0.00123440928292, -0.00210656691343], [5.25418290636e-05, -0.00238469615579, 0.000362407008652, 0.000826933304779, -0.000241205401835, -0.00667525269091, 0.0136290416121, -0.005603231024, 0.00106963294093, 0.00255762250163, -0.00327401072718, 0.00108919746708, 0.00276180217043], [3.49332913174e-05, 0.00249664252624, -0.00112621637527, 0.00132847158238, -0.00228132400662, 0.000201678427402, -0.005603231024, 0.0154528059065, -0.00530617823824, -0.000781867478509, 0.00053616729565, 0.000857376609929, 0.000925354659557], [-0.000563362147659, -0.0027853185311, 0.00135424861219, -0.00318173062988, 0.00114078924526, 0.00164063565899, 0.00106963294093, -0.00530617823824, 0.018547186628, -0.0103228483349, -0.000646014406811, 0.00384524581023, -0.00296321930364], [0.000825580849778, 0.00456848926842, -0.00260274112225, 0.00135079456959, -0.0056266374886, 0.000269123935141, 0.00255762250163, -0.000781867478509, -0.0103228483349, 0.0226521957666, -0.00289862905629, -0.00132926297374, -0.00138849485666], [-0.00064234965248, -0.00228521088138, 0.00193741905969, -0.00031324729207, 0.00552719971165, -0.00344817154109, -0.00327401072718, 0.00053616729565, -0.000646014406811, -0.00289862905629, 0.0154515951872, -0.00375193264335, -0.000557895982638], [-0.000134357222123, 0.00149562826846, -0.00220779562369, 0.00228137592785, -0.00168944417965, 0.00123440928292, 0.00108919746708, 0.000857376609929, 0.00384524581023, -0.00132926297374, -0.00375193264335, 0.0203168746084, -0.00584940239787], [0.000522273243405, -0.000440236559371, 0.00100332940929, -0.00256806332618, 0.000975937000476, -0.00210656691343, 0.00276180217043, 0.000925354659557, -0.00296321930364, -0.00138849485666, -0.000557895982638, -0.00584940239787, 0.018052816391]]
    },
    "melbands": {
        "max": [0.0467896908522, 0.0424191877246, 0.0352407023311, 0.0105839967728, 0.00934388209134, 0.0034648401197, 0.00227719941176, 0.0051702382043, 0.0182016920298, 0.0129355071113, 0.00685041164979, 0.00649405922741, 0.00741466134787, 0.0040755760856, 0.00262484559789, 0.00851673446596, 0.0013357171556, 0.0013395161368, 0.000720195414033, 0.000335930264555, 0.000295568956062, 0.000165947771166, 0.000163527511177, 0.0002732994908, 0.000289253337542, 0.000226430493058, 0.000217031556531, 0.000176353481947, 8.0858473666e-05, 0.000169037710293, 0.000110290828161, 0.000119237192848, 7.13116751285e-05, 8.62036104081e-05, 5.0063841627e-05, 5.69321782677e-05, 4.08825180784e-05, 2.44689035753e-05, 1.65302099049e-05, 2.82502187474e-05],
        "mean": [0.00190921791364, 0.00194333179388, 0.000712820037734, 0.000640514306724, 0.000408179301303, 0.00015280819207, 0.000126319369883, 0.000178114380105, 0.000355421652785, 0.000461930176243, 0.000317701807944, 0.000147142534843, 0.000148539736983, 0.000141718410305, 0.000131627428345, 0.000118127056339, 5.74812838749e-05, 3.51412491e-05, 2.30963960348e-05, 1.45711728692e-05, 1.34528590934e-05, 8.9314289653e-06, 9.12878840609e-06, 1.44742698467e-05, 1.24903863252e-05, 1.29253921841e-05, 1.29221052703e-05, 4.66817482447e-06, 3.29788326781e-06, 3.16706973535e-06, 3.04610557578e-06, 3.18927095577e-06, 2.73346518043e-06, 2.50999732998e-06, 2.02458954845e-06, 1.6579607518e-06, 1.27855753362e-06, 9.51712877395e-07, 6.61209412556e-07, 6.39706115635e-07],
        "min": [1.39665132792e-07, 8.08359175153e-07, 3.54801386493e-07, 9.23872505609e-07, 4.49252809176e-07, 3.43267743119e-07, 2.89801619147e-07, 3.61551741435e-07, 8.31116892641e-07, 3.37477729317e-07, 1.6170301933e-06, 1.33272305902e-06, 8.33877322748e-07, 6.94351342645e-07, 4.62162688564e-07, 5.26166957115e-07, 5.28343207407e-07, 5.32226124506e-07, 2.49699127153e-07, 1.43719489643e-07, 1.18282706296e-07, 8.04827990919e-08, 1.05914537585e-07, 4.18213055298e-08, 4.7726175012e-08, 2.06179517903e-08, 3.03864240436e-08, 2.7379014611e-08, 1.7788075013e-08, 7.56434292981e-09, 4.77911576979e-09, 2.03221794948e-09, 1.86982296313e-09, 1.16129417194e-09, 1.11852871409e-09, 8.88864148951e-10, 4.638982809e-10, 3.24699295229e-10, 3.20890841676e-10, 1.84874338061e-10],
        "stdev": [0.00577715598047, 0.00458615319803, 0.00184897158761, 0.00104918330908, 0.000728162005544, 0.000243926886469, 0.00020759376639, 0.000458582188003, 0.000947413325775, 0.000909229624085, 0.000568325223867, 0.000339695543516, 0.000394865113776, 0.000328989030095, 0.000254210724961, 0.000440462405095, 0.000129933905555, 8.67159324116e-05, 5.17858097737e-05, 3.08923008561e-05, 2.70408236247e-05, 1.61025545822e-05, 1.52672964759e-05, 2.07846787816e-05, 1.87946552614e-05, 1.91360632016e-05, 2.15425861825e-05, 9.26271150092e-06, 7.12978862794e-06, 8.29760392662e-06, 7.44913813833e-06, 6.85543727741e-06, 5.34487935511e-06, 5.20762750966e-06, 4.67352720079e-06, 4.02654950449e-06, 2.75092702395e-06, 2.20948072638e-06, 1.61599859894e-06, 1.99550345314e-06]
    },
    "melbands128": {
        "max": [0.0159245301038, 0.0420677177608, 0.0814570784569, 0.0724803060293, 0.0642273053527, 0.0420647226274, 0.0477078333497, 0.0408337377012, 0.0212885905057, 0.0114151500165, 0.012634136714, 0.0185201968998, 0.0086620580405, 0.00811414420605, 0.00660006888211, 0.00226437998936, 0.00305289588869, 0.0024972143583, 0.00749187543988, 0.00988311320543, 0.00818741694093, 0.0216328240931, 0.0264046732336, 0.0288359411061, 0.0117309652269, 0.0244270134717, 0.0136309247464, 0.00821138359606, 0.0138630112633, 0.00616536289454, 0.0140555910766, 0.00796751212329, 0.0133850742131, 0.00814469717443, 0.00699334684759, 0.00578636722639, 0.00346529716626, 0.00578014599159, 0.00490965275094, 0.00745373405516, 0.0178628470749, 0.00372806121595, 0.00212223618291, 0.00298851612024, 0.00245574023575, 0.00188055157196, 0.00269372225739, 0.000909850641619, 0.00186232640408, 0.000826372299343, 0.000339567079209, 0.000377155141905, 0.000541835848708, 0.000383864738978, 0.000363348459359, 0.000270615011686, 0.000273660814855, 0.000197294983082, 0.000295920617646, 0.000410778302466, 0.000266474206001, 0.000744792399928, 0.000582047563512, 0.000187600278878, 0.000274058140349, 0.000267807161435, 0.000537344545592, 0.000289984454866, 0.000298433413263, 0.00032740397728, 0.000157375543495, 0.000127194885863, 0.000140291595017, 0.000108074709715, 0.000139981988468, 0.000173627006006, 0.000174943561433, 0.000209960111533, 0.000142506003613, 0.00010632291378, 9.67431551544e-05, 0.000171959778527, 9.77137024165e-05, 7.71548075136e-05, 5.04248091602e-05, 6.8543056841e-05, 0.000133982946863, 0.000103937083622, 4.72190586152e-05, 8.73419267009e-05, 5.98640435783e-05, 6.72060705256e-05, 3.92472029489e-05, 4.35399124399e-05, 4.47687598353e-05, 3.029716936e-05, 1.67689158843e-05, 2.52307127084e-05, 1.62891283253e-05, 1.58695820573e-05, 3.27591660607e-05, 3.01702893921e-05, 4.52174608654e-05, 2.35923489527e-05, 2.43190243054e-05, 1.99379610422e-05, 1.12346569949e-05, 1.18182724691e-05, 9.76721457846e-06, 1.17737145047e-05, 1.11164144982e-05, 9.19707690628e-06, 7.7987460827e-06, 6.84171573084e-06, 2.71403291663e-06, 3.24569282384e-06, 1.09374502699e-06, 1.58133786954e-06, 7.25368920484e-07, 7.32660396352e-07, 7.61271394367e-07, 5.31961632078e-07, 3.30465269371e-07, 2.44510189873e-08, 4.70598138236e-09, 4.68011762678e-09, 4.64942262468e-09, 4.63053595467e-09],
        "mean": [0.000151032174472, 0.00122658442706, 0.0028360565193, 0.00288921687752, 0.00200236658566, 0.00123226072174, 0.000749322352931, 0.000533341255505, 0.000654365168884, 0.00075794570148, 0.000531727913767, 0.000526876421645, 0.000402636622312, 0.000221785434405, 0.000145401601912, 0.000113813533972, 0.000118829811981, 0.000122881872812, 0.000149920277181, 0.000112117675599, 0.000193559768377, 0.000368437409634, 0.000305716966977, 0.000436853122665, 0.000508179538883, 0.000456188165117, 0.000433245440945, 0.000262694316916, 0.000306884176098, 0.000120886674267, 0.000118817530165, 0.000125349033624, 0.000141709271702, 0.000166801284649, 0.000184885357157, 0.00010489878332, 0.000115488095616, 0.000160944837262, 0.000118573276268, 0.000115197268315, 0.000134078421979, 9.45004430832e-05, 5.11910147907e-05, 3.94832277379e-05, 5.57160747121e-05, 2.80087751889e-05, 2.14981100726e-05, 2.41566413024e-05, 2.53990365309e-05, 1.68929782376e-05, 1.08203612399e-05, 1.37699216793e-05, 1.8462911612e-05, 1.09785069071e-05, 7.59793374527e-06, 1.00595461845e-05, 8.57999475556e-06, 7.84762869444e-06, 8.84836845216e-06, 1.22169803944e-05, 1.60268136824e-05, 1.57749909704e-05, 1.1986863683e-05, 1.19692967928e-05, 1.25733813547e-05, 1.00035413197e-05, 1.46060765474e-05, 1.95266347873e-05, 1.16483352031e-05, 5.75492322241e-06, 4.72923193229e-06, 3.89717206417e-06, 3.52458596353e-06, 3.35035974786e-06, 2.80665585706e-06, 3.14938324664e-06, 3.1061476875e-06, 3.61664706361e-06, 2.95620043289e-06, 2.56463454207e-06, 3.2708812796e-06, 3.43656893165e-06, 3.1135170957e-06, 2.72491843134e-06, 2.34946105593e-06, 2.32176239479e-06, 2.7844878332e-06, 2.47321690949e-06, 1.94742619897e-06, 1.70039106706e-06, 1.81300697477e-06, 1.71962744844e-06, 1.23676409203e-06, 1.28651151954e-06, 1.26868656025e-06, 1.18444518193e-06, 8.44607598083e-07, 6.99097256529e-07, 6.64638946546e-07, 6.44905412628e-07, 6.14665111698e-07, 6.63533342049e-07, 6.20851722033e-07, 6.18766762273e-07, 5.15663259648e-07, 4.2265924094e-07, 3.27258817379e-07, 3.14479905228e-07, 2.62698478082e-07, 2.0546565338e-07, 2.1756602564e-07, 1.70518291043e-07, 1.58209019219e-07, 1.50586402015e-07, 9.06402846113e-08, 7.12463332775e-08, 2.95922912841e-08, 1.94763796202e-08, 1.7612505232e-08, 1.24676686752e-08, 9.49763023783e-09, 6.82791423401e-09, 4.2415937429e-09, 1.67394251238e-10, 1.16480445081e-11, 1.14395463588e-11, 1.12888084297e-11, 1.12258743967e-11],
        "min": [5.59228052754e-10, 4.98033747576e-09, 7.39346788237e-08, 5.59413564361e-08, 2.01464814609e-07, 2.84051452581e-07, 2.05731865321e-07, 1.09595305275e-07, 1.49215679812e-07, 6.73009665775e-08, 1.17963011803e-07, 1.19328802839e-07, 8.96242937642e-08, 2.35794459513e-07, 1.54929836071e-07, 5.94215912031e-08, 7.65202798902e-08, 1.36729497058e-07, 2.26238316969e-08, 2.16663408992e-07, 2.11024513419e-07, 1.08569992108e-07, 2.70058649221e-07, 9.03196450963e-08, 1.85707691003e-07, 1.73815863036e-07, 4.71659291179e-07, 8.19819774733e-07, 3.01278049619e-07, 7.29138605493e-07, 4.37641176632e-07, 4.48214905191e-07, 2.09818693975e-07, 2.6984997703e-07, 3.76189575491e-07, 5.61427441426e-07, 2.73457487765e-07, 1.99669642598e-07, 1.50950413058e-07, 2.46550712291e-07, 2.67001411203e-07, 2.19230855691e-07, 1.03222618009e-07, 1.74513871798e-07, 3.62243014251e-07, 2.20370026227e-07, 4.64158809166e-08, 1.62833657669e-07, 7.16237025244e-08, 9.39991764426e-08, 6.82234357896e-08, 8.92508396078e-08, 7.83818308037e-08, 5.51663532633e-08, 4.06402875797e-08, 3.32918901336e-08, 3.75180917445e-08, 6.58835830336e-08, 2.23182219372e-08, 3.63477532517e-08, 3.34998588869e-08, 2.74680775902e-08, 1.66970224313e-08, 2.39387301093e-08, 1.4681138083e-08, 1.24096040111e-08, 1.82310806451e-08, 1.67817510999e-08, 6.69950361853e-09, 1.75738659181e-08, 1.07171915786e-08, 1.18326397569e-08, 1.33056685669e-08, 6.16717255042e-09, 5.56587309575e-09, 3.56185347883e-09, 4.85332218858e-09, 4.31209246088e-09, 2.73537525963e-09, 2.26743868126e-09, 1.80983339426e-09, 1.29521171566e-09, 1.08902609153e-09, 9.99854532502e-10, 9.25864218626e-10, 1.64046753959e-09, 5.90004101131e-10, 6.64759192137e-10, 5.17613674145e-10, 7.14910020072e-10, 5.01634844774e-10, 5.00191332797e-10, 7.75868091996e-10, 2.74306660719e-10, 2.04735506326e-10, 2.66069666299e-10, 2.6285157384e-10, 2.52475609863e-11, 4.30101822213e-11, 1.92524149401e-10, 1.55167420579e-10, 2.5224345182e-11, 4.20228157827e-11, 1.43819844922e-10, 1.92356117146e-10, 2.02903804869e-10, 1.02842456773e-10, 1.36408440099e-10, 1.5248770302e-10, 2.10284029772e-11, 8.93188925599e-11, 5.49572679032e-11, 5.69909119896e-11, 3.58244892085e-11, 1.65725072554e-11, 2.53114586582e-12, 3.80890143644e-13, 2.01973854308e-13, 1.48139787655e-13, 1.5256891616e-13, 1.17467247409e-13, 1.26115413143e-13, 1.27222532639e-13, 1.24238930233e-13, 1.07686307245e-13, 4.09009713034e-14, 4.47813613719e-15, 1.67170832752e-16],
        "stdev": [0.000770493992604, 0.00456062890589, 0.00946838594973, 0.00787540525198, 0.00539313443005, 0.00332828541286, 0.00236058025621, 0.00206255004741, 0.00166336388793, 0.00130727805663, 0.00106399308424, 0.00121769215912, 0.000817680615, 0.000480750342831, 0.000328296533553, 0.00022598648502, 0.000261992390733, 0.000212087950786, 0.000444530392997, 0.000476041459478, 0.000593710748944, 0.00155828380957, 0.00122220476624, 0.00117854063865, 0.00119636277668, 0.00132698612288, 0.00113434123341, 0.000601969659328, 0.000864545756485, 0.000337179983035, 0.000537202169653, 0.000386152620194, 0.00052663765382, 0.00063382886583, 0.000584619410802, 0.000348566187313, 0.000353040668415, 0.000426252518082, 0.000282619992504, 0.000441789714387, 0.000781865499448, 0.00030139242881, 0.000160104740644, 0.000146947073517, 0.000171331252204, 8.90408555279e-05, 9.13912808755e-05, 5.87800277572e-05, 8.68658098625e-05, 5.61417436984e-05, 2.36392206716e-05, 3.07104091917e-05, 4.81125389342e-05, 2.60952001554e-05, 1.82974054042e-05, 2.25623698498e-05, 1.95713819267e-05, 1.74604301719e-05, 2.0514415155e-05, 2.55446775554e-05, 2.84728048427e-05, 3.59989644494e-05, 3.09592796839e-05, 2.00037629838e-05, 2.26420725085e-05, 2.13730891119e-05, 3.01411655528e-05, 3.46822562278e-05, 2.63208985416e-05, 1.49751131175e-05, 1.03923202914e-05, 9.06964669412e-06, 7.99634108262e-06, 7.97020220489e-06, 8.51385811984e-06, 9.11556344363e-06, 8.27390795166e-06, 9.82716755971e-06, 8.39690892462e-06, 6.40074495095e-06, 7.83370705904e-06, 7.77199511504e-06, 6.78761307427e-06, 6.13772317593e-06, 4.29199735663e-06, 4.78887841382e-06, 6.68201573717e-06, 6.47669367027e-06, 4.62556090497e-06, 4.53230904895e-06, 4.57050327896e-06, 4.5314768613e-06, 2.81807956526e-06, 2.88624892164e-06, 2.79302116724e-06, 3.15032457365e-06, 2.06149888982e-06, 1.73877526777e-06, 1.67781206528e-06, 1.75345485331e-06, 1.95820803128e-06, 2.20058132072e-06, 2.17927868107e-06, 1.82372605195e-06, 1.62374146839e-06, 1.40107272273e-06, 9.48108947796e-07, 9.28541169287e-07, 7.82127870025e-07, 6.81332380736e-07, 7.72969144691e-07, 6.39326515284e-07, 5.62982279462e-07, 5.55857013751e-07, 2.7704871286e-07, 2.60028798493e-07, 1.05294610364e-07, 1.00020521643e-07, 7.70064971789e-08, 6.0340489938e-08, 4.82400999147e-08, 3.77943791818e-08, 2.51254537176e-08, 1.36802347228e-09, 1.83353193739e-10, 1.82321907571e-10, 1.81082981943e-10, 1.80321563237e-10]
    },
    "mfcc": {
        "mean": [-654.165100098, 131.244186401, -17.2211017609, 10.4023361206, -11.9997577667, 7.13227796555, 5.91536188126, 12.1314477921, -8.44916725159, 5.67688751221, 0.522376060486, -6.36079978943, -6.72162246704],
        "cov": [[5618.96679688, -1598.99157715, 1321.08569336, 251.435440063, 147.635345459, 140.888595581, 20.4761486053, 75.0293884277, -61.9626274109, 35.3364486694, 217.327026367, 87.3452453613, 35.4839630127], [-1598.99157715, 1118.27734375, -323.290527344, 119.544250488, -38.0776138306, 2.5840845108, 6.50017166138, 76.284286499, -9.96129703522, 0.422571599483, -27.6355552673, -23.6772232056, -53.4260559082], [1321.08569336, -323.290527344, 748.980957031, 229.657684326, 143.023193359, 97.5231781006, 7.82277154922, 12.5885000229, 54.102432251, 9.14318466187, 65.0734024048, 60.5708274841, 38.8070831299], [251.435440063, 119.544250488, 229.657684326, 260.539764404, 145.837203979, 79.4503326416, -10.3684673309, 9.4800786972, 87.2151489258, 32.1942596436, 21.0053424835, 27.6567497253, 30.9696140289], [147.635345459, -38.0776138306, 143.023193359, 145.837203979, 259.628356934, 76.9420166016, -17.1880588531, -49.4145812988, 147.396026611, 37.3961257935, -1.69404506683, 33.7352218628, 73.9187927246], [140.888595581, 2.5840845108, 97.5231781006, 79.4503326416, 76.9420166016, 111.310470581, 32.5440063477, 6.14619159698, 52.070098877, 3.85992789268, 7.39727115631, 26.3362865448, 14.5709190369], [20.4761486053, 6.50017166138, 7.82277154922, -10.3684673309, -17.1880588531, 32.5440063477, 141.13420105, 71.70753479, -7.21210813522, 14.5442743301, 29.7671985626, 1.59046983719, -6.59212064743], [75.0293884277, 76.284286499, 12.5885000229, 9.4800786972, -49.4145812988, 6.14619159698, 71.70753479, 125.793281555, -33.0470161438, 19.2845897675, 39.3762168884, -10.3336038589, -30.3114738464], [-61.9626274109, -9.96129703522, 54.102432251, 87.2151489258, 147.396026611, 52.070098877, -7.21210813522, -33.0470161438, 188.898620605, 46.8280258179, -5.6294593811, 31.743309021, 66.6909790039], [35.3364486694, 0.422571599483, 9.14318466187, 32.1942596436, 37.3961257935, 3.85992789268, 14.5442743301, 19.2845897675, 46.8280258179, 109.003501892, 46.6732788086, 9.5220489502, 15.5256137848], [217.327026367, -27.6355552673, 65.0734024048, 21.0053424835, -1.69404506683, 7.39727115631, 29.7671985626, 39.3762168884, -5.6294593811, 46.6732788086, 81.2059860229, 16.4711418152, 4.11361885071], [87.3452453613, -23.6772232056, 60.5708274841, 27.6567497253, 33.7352218628, 26.3362865448, 1.59046983719, -10.3336038589, 31.743309021, 9.5220489502, 16.4711418152, 76.9270172119, 40.8488197327], [35.4839630127, -53.4260559082, 38.8070831299, 30.9696140289, 73.9187927246, 14.5709190369, -6.59212064743, -30.3114738464, 66.6909790039, 15.5256137848, 4.11361885071, 40.8488197327, 89.9173355103]],
        "icov": [[0.000571186596062, 0.000772814790253, -0.000461617106339, -0.00052420567954, -2.65980761469e-05, -0.00023307504307, 0.000371850474039, -0.00059128733119, 0.00050536240451, 0.000106478291855, -0.000618307851255, -2.11598471651e-05, 0.000145814352436], [0.000772814790253, 0.00262185931206, 0.000597362115514, -0.00282885995694, 0.000320507766446, -0.000135137917823, 0.000577416096348, -0.00167331681587, 0.000700871925801, 0.000450389168691, -0.000442330579972, -0.000578441831749, 0.000891451665666], [-0.000461617106339, 0.000597362115514, 0.00343309110031, -0.0027672201395, -0.000148056264152, -6.01000319875e-05, -0.000241502930294, 1.04809960249e-05, -2.09802383324e-05, 0.00123708846513, -0.00102776149288, -0.00107990915421, 0.000465374090709], [-0.00052420567954, -0.00282885995694, -0.0027672201395, 0.0114456927404, -0.00340287620202, -0.00277618225664, 0.00198630127124, -0.00111013988499, -0.00110850448254, -0.00140624516644, 0.000263250025455, 0.000917037134059, -0.000566805305425], [-2.65980761469e-05, 0.000320507766446, -0.000148056264152, -0.00340287620202, 0.010484084487, -0.00281634624116, -4.24633835792e-05, 0.00259279110469, -0.00413926225156, -0.001048410777, 0.000553482153919, 0.00171295413747, -0.00340695562772], [-0.00023307504307, -0.000135137917823, -6.01000319875e-05, -0.00277618225664, -0.00281634624116, 0.0161190330982, -0.00482734711841, 0.000784360512625, -0.00232610711828, 0.0025140075013, 0.000267537659965, -0.00424379389733, 0.00381435779855], [0.000371850474039, 0.000577416096348, -0.000241502930294, 0.00198630127124, -4.24633835792e-05, -0.00482734711841, 0.0121878590435, -0.00711017288268, 0.000278445950244, -0.000116499693831, -0.00169235153589, 0.000769041711465, -0.00152807834093], [-0.00059128733119, -0.00167331681587, 1.04809960249e-05, -0.00111013988499, 0.00259279110469, 0.000784360512625, -0.00711017288268, 0.0163990352303, -0.000353418436134, -0.000961901154369, -0.00393507815897, 0.00134431628976, 0.00236280285753], [0.00050536240451, 0.000700871925801, -2.09802383324e-05, -0.00110850448254, -0.00413926225156, -0.00232610711828, 0.000278445950244, -0.000353418436134, 0.0125822415575, -0.00439730007201, 0.003089730395, -0.000453372253105, -0.00421942071989], [0.000106478291855, 0.000450389168691, 0.00123708846513, -0.00140624516644, -0.001048410777, 0.0025140075013, -0.000116499693831, -0.000961901154369, -0.00439730007201, 0.0159328095615, -0.0101115582511, 0.000466730736662, 0.00105865974911], [-0.000618307851255, -0.000442330579972, -0.00102776149288, 0.000263250025455, 0.000553482153919, 0.000267537659965, -0.00169235153589, -0.00393507815897, 0.003089730395, -0.0101115582511, 0.0239859446883, -0.00392282567918, -0.00147580809426], [-2.11598471651e-05, -0.000578441831749, -0.00107990915421, 0.000917037134059, 0.00171295413747, -0.00424379389733, 0.000769041711465, 0.00134431628976, -0.000453372253105, 0.000466730736662, -0.00392282567918, 0.0200071670115, -0.00905001815408], [0.000145814352436, 0.000891451665666, 0.000465374090709, -0.000566805305425, -0.00340695562772, 0.00381435779855, -0.00152807834093, 0.00236280285753, -0.00421942071989, 0.00105865974911, -0.00147580809426, -0.00905001815408, 0.0215805675834]]
    },
    "spectral_contrast_coeffs": {
        "max": [-0.464961022139, -0.460307598114, -0.49060562253, -0.505761086941, -0.648147046566, -0.647210240364],
        "mean": [-0.707917630672, -0.751239061356, -0.753968119621, -0.790073573589, -0.778509020805, -0.751476168633],
        "min": [-0.921326577663, -0.938761591911, -0.890957176685, -0.902497649193, -0.877559065819, -0.8508862257],
        "stdev": [0.0675967559218, 0.0811345428228, 0.0684541538358, 0.0541507862508, 0.046542417258, 0.0348236523569]
    },
    "spectral_contrast_valleys": {
        "max": [-4.8455080986, -4.92571878433, -5.32253408432, -5.64158821106, -5.71705627441, -7.7122387886],
        "mean": [-7.00917100906, -6.79838991165, -6.93365097046, -7.49417543411, -7.76805257797, -10.7160606384],
        "min": [-9.41578769684, -8.8927192688, -8.49589824677, -8.97330856323, -9.55628967285, -13.3806438446],
        "stdev": [0.937777876854, 0.621819376945, 0.525197207928, 0.546779870987, 0.743865072727, 1.24979388714]
    }
},
"rhythm": {
    "beats_count": 57,
    "beats_loudness": {
        "max": 0.174993261695,
        "mean": 0.052340246737,
        "min": 0.000481288094306,
        "stdev": 0.056666623801
    },
    "bpm": 107.283737183,
    "bpm_histogram_first_peak_bpm": 108,
    "bpm_histogram_first_peak_weight": 0.294117629528,
    "bpm_histogram_second_peak_bpm": 117,
    "bpm_histogram_second_peak_spread": 0.222222208977,
    "bpm_histogram_second_peak_weight": 0.125,
    "danceability": 1.05557107925,
    "onset_rate": 2.64550757408,
    "beats_loudness_band_ratio": {
        "max": [0.96535640955, 0.493592351675, 0.739949464798, 0.722127258778, 0.28978562355, 0.0913631543517],
        "mean": [0.323494940996, 0.112200416625, 0.260853409767, 0.252355247736, 0.0602277591825, 0.0292671248317],
        "min": [0.0014900083188, 0.00631794985384, 0.0140316272154, 0.0084187798202, 0.00287012429908, 0.00281350733712],
        "stdev": [0.298191636801, 0.0974928066134, 0.198194339871, 0.200641140342, 0.0543680638075, 0.019535664469]
    },
    "beats_position": [0.650158703327, 1.31192743778, 1.97369611263, 2.62385487556, 3.27401351929, 3.92417216301, 4.57433080673, 5.22448968887, 5.87464857101, 6.51319694519, 7.1517457962, 7.72063493729, 8.28952407837, 8.85841274261, 9.41569137573, 9.97297000885, 10.5418596268, 11.110748291, 11.6796369553, 12.1672563553, 12.6548748016, 13.1424942017, 13.6649427414, 14.1873922348, 14.6982307434, 15.2090702057, 15.7199087143, 16.2307472229, 16.7415866852, 17.2524261475, 17.7632656097, 18.3321533203, 18.9010429382, 19.458322525, 20.0156002045, 20.5728797913, 21.1301574707, 21.6874370575, 22.2447166443, 22.8019943237, 23.3592739105, 23.9049434662, 24.4506111145, 25.0078907013, 25.5651702881, 26.1224479675, 26.6797275543, 27.2370071411, 27.7942848206, 28.3515644073, 28.9088420868, 29.4661216736, 30.0234012604, 30.5806789398, 31.1379585266, 31.6952381134, 32.2525177002],
