{
"metadata": {
    "version": {
        "essentia": "2.1-beta5",
        "essentia_git_sha": "Undefined",
        "extractor": "music 2.0"
    },
    "audio_properties": {
        "analysis": {
            "equal_loudness": 0,
            "length": 32.4963264465,
            "sample_rate": 44100,
            "start_time": 61.4980506897,
            "downmix": "mix"
        },
        "bit_rate": 192000,
        "length": 195.244995117,
        "lossless": 0,
        "number_channels": 2,
        "replay_gain": 4.33996391296,
        "sample_rate": 48000,
        "codec": "mp3",
        "md5_encoded": "09c7a0ef8088c478380c7d97d5236e68"
    },
    "tags": {
        "file_name": "Belarus_Eyes That Never Lie_Petr Elfimov.mp3",
        "encoding": ["Lavf58.29.100"]
    }
},
"lowlevel": {
    "average_loudness": 0.977248966694,
    "barkbands_crest": {
        "max": 24.2135314941,
        "mean": 10.0727310181,
        "min": 3.07991194725,
        "stdev": 4.13535308838
    },
    "barkbands_flatness_db": {
        "max": 0.296587407589,
        "mean": 0.149745568633,
        "min": 0.0763463675976,
        "stdev": 0.0358847267926
    },
    "barkbands_kurtosis": {
        "max": 78.9407501221,
        "mean": 3.15644240379,
        "min": -1.90521168709,
        "stdev": 7.15068817139
    },
    "barkbands_skewness": {
        "max": 8.17176818848,
        "mean": 1.21967577934,
        "min": -1.14601802826,
        "stdev": 1.17780268192
    },
    "barkbands_spread": {
        "max": 92.1449356079,
        "mean": 21.3929958344,
        "min": 2.00845932961,
        "stdev": 9.80492591858
    },
    "dissonance": {
        "max": 0.498785406351,
        "mean": 0.466560959816,
        "min": 0.296561658382,
        "stdev": 0.0233653020114
    },
    "dynamic_complexity": 1.39627122879,
    "erbbands_crest": {
        "max": 28.5897445679,
        "mean": 11.237616539,
        "min": 2.43309164047,
        "stdev": 5.84418392181
    },
    "erbbands_flatness_db": {
        "max": 0.271496206522,
        "mean": 0.176366046071,
        "min": 0.0933118760586,
        "stdev": 0.0320654548705
    },
    "erbbands_kurtosis": {
        "max": 11.5165071487,
        "mean": 1.0471214056,
        "min": -1.69509732723,
        "stdev": 2.2440264225
    },
    "erbbands_skewness": {
        "max": 2.813113451,
        "mean": 0.487770020962,
        "min": -2.90170359612,
        "stdev": 0.814696013927
    },
    "erbbands_spread": {
        "max": 113.72102356,
        "mean": 32.8745574951,
        "min": 7.53712320328,
        "stdev": 16.9037303925
    },
    "hfc": {
        "max": 175.342895508,
        "mean": 28.5870685577,
        "min": 0.396991610527,
        "stdev": 15.1455745697
    },
    "loudness_ebu128": {
        "integrated": -25.9051418304,
        "loudness_range": 1.27562332153,
        "momentary": {
            "max": -23.9756546021,
            "mean": -25.9661598206,
            "min": -28.0378398895,
            "stdev": 0.727523088455
        },
        "short_term": {
            "max": -24.9038581848,
            "mean": -25.8909091949,
            "min": -26.6140155792,
            "stdev": 0.396242380142
        }
    },
    "melbands_crest": {
        "max": 32.1808242798,
        "mean": 13.5719156265,
        "min": 3.78481531143,
        "stdev": 5.51268625259
    },
    "melbands_flatness_db": {
        "max": 0.365863025188,
        "mean": 0.182970106602,
        "min": 0.065591275692,
        "stdev": 0.050270371139
    },
    "melbands_kurtosis": {
        "max": 197.415878296,
        "mean": 10.266617775,
        "min": -1.61205661297,
        "stdev": 18.8390808105
    },
    "melbands_skewness": {
        "max": 11.5749692917,
        "mean": 2.1040058136,
        "min": -0.273500412703,
        "stdev": 1.76000058651
    },
    "melbands_spread": {
        "max": 119.314575195,
        "mean": 25.2872104645,
        "min": 1.42029953003,
        "stdev": 13.4800014496
    },
    "pitch_salience": {
        "max": 0.834501326084,
        "mean": 0.539714872837,
        "min": 0.159621715546,
        "stdev": 0.099544160068
    },
    "silence_rate_20dB": {
        "max": 1,
        "mean": 1,
        "min": 1,
        "stdev": 0
    },
    "silence_rate_30dB": {
        "max": 1,
        "mean": 0.990720927715,
        "min": 0,
        "stdev": 0.0958791002631
    },
    "silence_rate_60dB": {
        "max": 0,
        "mean": 0,
        "min": 0,
        "stdev": 0
    },
    "spectral_centroid": {
        "max": 3611.9609375,
        "mean": 1320.18493652,
        "min": 246.105773926,
        "stdev": 423.141326904
    },
    "spectral_complexity": {
        "max": 49,
        "mean": 25.6645259857,
        "min": 0,
        "stdev": 7.17460393906
    },
    "spectral_decrease": {
        "max": -1.58982937926e-10,
        "mean": -1.02642916389e-08,
        "min": -4.43704166742e-08,
        "stdev": 5.35661559553e-09
    },
    "spectral_energy": {
        "max": 0.169278264046,
        "mean": 0.0413327626884,
        "min": 0.000636045122519,
        "stdev": 0.0205887909979
    },
    "spectral_energyband_high": {
        "max": 0.0248016323894,
        "mean": 0.000826681090984,
        "min": 1.12244770207e-05,
        "stdev": 0.0012333743507
    },
    "spectral_energyband_low": {
        "max": 0.158473148942,
        "mean": 0.015895223245,
        "min": 0.000207535093068,
        "stdev": 0.0185133889318
    },
    "spectral_energyband_middle_high": {
        "max": 0.0468253754079,
        "mean": 0.0102653410286,
        "min": 0.000213059553062,
        "stdev": 0.0084662316367
    },
    "spectral_energyband_middle_low": {
        "max": 0.109020866454,
        "mean": 0.0170151479542,
        "min": 0.000145798258018,
        "stdev": 0.0126043986529
    },
    "spectral_entropy": {
        "max": 8.66223430634,
        "mean": 7.702688694,
        "min": 6.70208740234,
        "stdev": 0.237271994352
    },
    "spectral_flux": {
        "max": 0.348655819893,
        "mean": 0.108632557094,
        "min": 0.0343885198236,
        "stdev": 0.0427677668631
    },
    "spectral_kurtosis": {
        "max": 11.7940587997,
        "mean": 3.18493580818,
        "min": -0.973355531693,
        "stdev": 1.48328387737
    },
    "spectral_rms": {
        "max": 0.0128510519862,
        "mean": 0.00618572486565,
        "min": 0.000787738419604,
        "stdev": 0.00143577496056
    },
    "spectral_rolloff": {
        "max": 8914.74609375,
        "mean": 1244.62316895,
        "min": 64.599609375,
        "stdev": 887.116027832
    },
    "spectral_skewness": {
        "max": 2.5483071804,
        "mean": 1.36039280891,
        "min": 0.117896325886,
        "stdev": 0.25925385952
    },
    "spectral_spread": {
        "max": 10939446,
        "mean": 4144590.25,
        "min": 2365221.75,
        "stdev": 801786.0625
    },
    "spectral_strongpeak": {
        "max": 13.1764354706,
        "mean": 1.77165722847,
        "min": 0,
        "stdev": 1.87361168861
    },
    "zerocrossingrate": {
        "max": 0.244140625,
        "mean": 0.0526671111584,
        "min": 0.00537109375,
        "stdev": 0.0203219279647
    },
    "barkbands": {
        "max": [0.0129065923393, 0.1487647295, 0.0345857068896, 0.0619111061096, 0.0757093727589, 0.0268849618733, 0.0261506419629, 0.0486348643899, 0.0717512145638, 0.0436365194619, 0.0350992530584, 0.0245473347604, 0.0132747692987, 0.00970367062837, 0.0136506222188, 0.0232424307615, 0.0197508744895, 0.00220015947707, 0.00378941372037, 0.00210760161281, 0.00374965951778, 0.0115179400891, 0.00629195244983, 0.00895667355508, 0.00314833479933, 2.51797591773e-05, 3.50398437376e-07],
        "mean": [0.000582846638281, 0.00922304857522, 0.00377264432609, 0.00341952731833, 0.003652674146, 0.00176866375841, 0.000833602505736, 0.00309656863101, 0.00365298544057, 0.0022609224543, 0.00207584444433, 0.00119253294542, 0.000958981574513, 0.000580086489208, 0.000930776936002, 0.00101102294866, 0.000662874779664, 0.000333962147124, 0.000350424670614, 0.000284971640212, 0.000187561308849, 0.000197237473913, 0.000129597829073, 0.000111980800284, 6.13337397226e-05, 8.73078249697e-08, 2.11833772745e-09],
        "min": [3.38832478519e-07, 5.69267176616e-05, 1.50709856825e-05, 7.37848586141e-06, 3.80083838536e-05, 8.87266105565e-06, 8.35079663375e-06, 1.06804518509e-05, 2.12982577068e-05, 1.73976695805e-05, 7.0040700848e-06, 1.45064441313e-05, 1.03918209788e-05, 1.13814685392e-05, 1.58405546244e-05, 6.88957425155e-06, 1.06476397832e-06, 2.9527402603e-06, 5.5967911976e-06, 6.19517777523e-06, 1.94176095647e-06, 3.54471944775e-06, 5.9700738575e-07, 1.76256307327e-07, 4.67516287017e-07, 4.29822816228e-10, 4.14360656897e-10],
        "stdev": [0.0013270333875, 0.0154305370525, 0.0043460605666, 0.0063043711707, 0.00590167101473, 0.0025183451362, 0.00153309607413, 0.00661267153919, 0.00798663124442, 0.00443128123879, 0.00415293034166, 0.00215499219485, 0.00168209930416, 0.00085090554785, 0.00131458905526, 0.00174551759847, 0.00138170272112, 0.000317173602525, 0.000297388876788, 0.000213306208025, 0.000211675520404, 0.0004034783924, 0.000277391052805, 0.000409102620324, 0.000158431677846, 7.03017974502e-07, 9.50670830946e-09]
    },
    "erbbands": {
        "max": [5.84547948837, 26.8448734283, 38.5345916748, 174.725006104, 244.519638062, 242.361724854, 395.589782715, 269.82208252, 306.464202881, 260.640411377, 1343.99230957, 2049.72460938, 1591.16027832, 1100.30395508, 1642.32104492, 1231.13916016, 626.422119141, 423.995330811, 434.164245605, 1234.63562012, 800.147033691, 530.696105957, 151.604705811, 166.707794189, 173.799957275, 92.0514831543, 129.071838379, 194.011459351, 439.491027832, 305.882507324, 155.300445557, 160.408996582, 150.542266846, 48.7130355835, 17.8899936676, 1.54668807983, 0.0390601158142, 0.00270333094522, 0.000434024812421, 0.0001850421977],
        "mean": [0.334576576948, 1.80032622814, 3.93089032173, 9.8511838913, 9.65479850769, 13.4254512787, 13.0895080566, 15.0555639267, 12.8601417542, 20.5512962341, 83.8364562988, 102.143714905, 62.8157348633, 75.5114059448, 87.1103897095, 46.1508483887, 43.8272018433, 34.4028053284, 41.3579711914, 57.2751312256, 54.0548095703, 31.642999649, 19.8236923218, 19.4189720154, 15.6232738495, 12.8835258484, 8.79110240936, 7.11964607239, 7.26517343521, 5.4212346077, 3.50809860229, 2.48759412766, 1.77508044243, 0.926460266113, 0.301447182894, 0.0182446502149, 0.000534409773536, 4.69754268124e-05, 2.85253827315e-05, 5.00263886352e-05],
        "min": [0.00238039181568, 0.0154025629163, 0.0193770397455, 0.0509980991483, 0.107639804482, 0.133617281914, 0.116448432207, 0.0670688822865, 0.101935073733, 0.180650651455, 0.247418001294, 0.454970955849, 0.610509335995, 0.5382578969, 0.595670700073, 0.617723405361, 0.632129371166, 0.62551099062, 1.14421725273, 0.530871093273, 0.356766700745, 0.0932472199202, 0.22689665854, 0.125682294369, 0.373015761375, 0.321999669075, 0.10315939039, 0.0930515229702, 0.126773461699, 0.0588662922382, 0.0206865370274, 0.0086549250409, 0.00156644266099, 0.00217959121801, 0.00330644869246, 0.000204213938559, 2.05715386983e-05, 2.59395142166e-06, 6.19629759058e-07, 7.65566767313e-07],
        "stdev": [0.710154831409, 2.55408525467, 4.0449886322, 16.7096424103, 15.1288022995, 25.0427703857, 23.5152568817, 21.7032489777, 21.4967365265, 27.4736061096, 182.009887695, 228.185653687, 120.493896484, 124.513252258, 166.766052246, 83.3365249634, 73.0067214966, 48.8691940308, 42.1739006042, 110.582427979, 87.4091262817, 47.4516601562, 19.3149700165, 16.7063312531, 12.904633522, 8.95000076294, 8.10921478271, 9.70459461212, 14.9992265701, 11.3823394775, 7.8667755127, 7.45096158981, 7.28939342499, 2.49073410034, 0.864967465401, 0.0608226917684, 0.00159063225146, 0.000115953160275, 2.09194513445e-05, 2.33419359574e-05]
    },
    "gfcc": {
        "mean": [28.6125392914, 117.811218262, -143.646682739, 52.9926834106, -66.7321090698, 31.4117031097, -32.6358184814, 12.3977422714, -13.6672964096, -9.12149906158, -6.31891918182, -15.5279827118, 5.50908756256],
        "cov": [[659.210205078, -285.637145996, -155.828475952, -68.9046859741, -99.5727767944, 83.6197738647, -32.8006668091, 72.8327713013, -22.5714950562, 65.7600021362, -13.349489212, 35.0289916992, 3.67086291313], [-285.637145996, 345.492279053, 38.5134391785, -6.00855541229, 62.4056129456, -103.00390625, 57.2875328064, -55.604598999, 46.7857437134, -57.4472160339, 27.8437633514, -30.2103843689, 12.2166099548], [-155.828475952, 38.5134391785, 385.984588623, 170.118011475, 19.3619384766, -19.4591960907, -62.1249046326, -49.0852355957, -30.6083564758, -17.0831508636, -22.9617195129, -6.49520730972, -13.6678476334], [-68.9046859741, -6.00855541229, 170.118011475, 220.411270142, 72.6890487671, -48.2289581299, -65.5600814819, -47.7588500977, -2.48716068268, -27.107049942, -18.240354538, 12.4622030258, 9.49453926086], [-99.5727767944, 62.4056129456, 19.3619384766, 72.6890487671, 134.957107544, -16.3749713898, -15.4499082565, 0.772650837898, 23.9520206451, -9.96990680695, 0.44738560915, 2.85353350639, 26.0667724609], [83.6197738647, -103.00390625, -19.4591960907, -48.2289581299, -16.3749713898, 160.077301025, 84.6824874878, 1.21348845959, -46.1342735291, 23.5717792511, 36.7596664429, 21.8623313904, -13.3140068054], [-32.8006668091, 57.2875328064, -62.1249046326, -65.5600814819, -15.4499082565, 84.6824874878, 197.121765137, 22.0542583466, -1.4463493824, -0.526062965393, 49.173538208, 5.76137685776, -10.5933647156], [72.8327713013, -55.604598999, -49.0852355957, -47.7588500977, 0.772650837898, 1.21348845959, 22.0542583466, 131.321350098, 73.9987945557, 39.7805175781, -19.1715145111, -24.317522049, 5.46401453018], [-22.5714950562, 46.7857437134, -30.6083564758, -2.48716068268, 23.9520206451, -46.1342735291, -1.4463493824, 73.9987945557, 140.006164551, 23.5085792542, -10.0007972717, -33.5143966675, 7.21823740005], [65.7600021362, -57.4472160339, -17.0831508636, -27.107049942, -9.96990680695, 23.5717792511, -0.526062965393, 39.7805175781, 23.5085792542, 95.213973999, 21.945318222, 7.84733247757, -1.17486226559], [-13.349489212, 27.8437633514, -22.9617195129, -18.240354538, 0.44738560915, 36.7596664429, 49.173538208, -19.1715145111, -10.0007972717, 21.945318222, 78.0760498047, 36.9754600525, 0.655719518661], [35.0289916992, -30.2103843689, -6.49520730972, 12.4622030258, 2.85353350639, 21.8623313904, 5.76137685776, -24.317522049, -33.5143966675, 7.84733247757, 36.9754600525, 83.9289627075, 25.3100719452], [3.67086291313, 12.2166099548, -13.6678476334, 9.49453926086, 26.0667724609, -13.3140068054, -10.5933647156, 5.46401453018, 7.21823740005, -1.17486226559, 0.655719518661, 25.3100719452, 59.1204032898]],
        "icov": [[0.00291889579967, 0.000633470306639, 0.00147900101729, -0.00122782005928, 0.00224653375335, -0.00154915207531, 0.0012291619787, -0.00157440325711, 0.000506247102749, -0.000637798744719, 0.000579253421165, -0.000747141893953, -0.000507714867126], [0.000633470306639, 0.0200457535684, -0.00714114354923, 0.0135069042444, -0.0119314529002, 0.0189050827175, -0.0124803958461, 0.0151288593188, -0.00746841449291, 0.0051721339114, -0.00878660287708, 0.00668585114181, -0.00386823713779], [0.00147900101729, -0.00714114354923, 0.00791160296649, -0.0096599906683, 0.00694840354845, -0.00857742223889, 0.0058201123029, -0.00659864163026, 0.003931469284, -0.00266813277267, 0.00363370403647, -0.00171291688457, 0.00158166768961], [-0.00122782005928, 0.0135069042444, -0.0096599906683, 0.0205749999732, -0.014293923974, 0.0153562007472, -0.00871316622943, 0.0140380254015, -0.0070616803132, 0.00447507854551, -0.00421523628756, 0.00166279159021, -0.00106444535777], [0.00224653375335, -0.0119314529002, 0.00694840354845, -0.014293923974, 0.0203626453876, -0.0142919998616, 0.00936884526163, -0.0117260478437, 0.00393369141966, -0.00258446554653, 0.00364420330152, -0.002567372052, -0.00267917849123], [-0.00154915207531, 0.0189050827175, -0.00857742223889, 0.0153562007472, -0.0142919998616, 0.0300935525447, -0.0169005654752, 0.0147222746164, -0.00350310583599, 0.00272206845693, -0.00961118936539, 0.00557356188074, -0.00136753858533], [0.0012291619787, -0.0124803958461, 0.0058201123029, -0.00871316622943, 0.00936884526163, -0.0169005654752, 0.0175545979291, -0.0130488006398, 0.00451230118051, 7.35189896659e-05, -1.67450816662e-05, -0.00309608504176, 0.00243827630766], [-0.00157440325711, 0.0151288593188, -0.00659864163026, 0.0140380254015, -0.0117260478437, 0.0147222746164, -0.0130488006398, 0.0286364406347, -0.0132769802585, -0.00113939796574, 0.000288054317934, 0.0051194569096, -0.00390407792293], [0.000506247102749, -0.00746841449291, 0.003931469284, -0.0070616803132, 0.00393369141966, -0.00350310583599, 0.00451230118051, -0.0132769802585, 0.0168063845485, -0.00362065737136, -6.49987123325e-05, 0.00214607734233, 2.51777109952e-05], [-0.000637798744719, 0.0051721339114, -0.00266813277267, 0.00447507854551, -0.00258446554653, 0.00272206845693, 7.35189896659e-05, -0.00113939796574, -0.00362065737136, 0.0173042044044, -0.00926346797496, 0.0013765230542, -0.000194300693693], [0.000579253421165, -0.00878660287708, 0.00363370403647, -0.00421523628756, 0.00364420330152, -0.00961118936539, -1.67450816662e-05, 0.000288054317934, -6.49987123325e-05, -0.00926346797496, 0.0297984294593, -0.0137972896919, 0.0048959790729], [-0.000747141893953, 0.00668585114181, -0.00171291688457, 0.00166279159021, -0.002567372052, 0.00557356188074, -0.00309608504176, 0.0051194569096, 0.00214607734233, 0.0013765230542, -0.0137972896919, 0.0248125307262, -0.0113431187347], [-0.000507714867126, -0.00386823713779, 0.00158166768961, -0.00106444535777, -0.00267917849123, -0.00136753858533, 0.00243827630766, -0.00390407792293, 2.51777109952e-05, -0.000194300693693, 0.0048959790729, -0.0113431187347, 0.0247479919344]]
    },
    "melbands": {
        "max": [0.0466104969382, 0.0197515077889, 0.0234667733312, 0.0199849009514, 0.0130904084072, 0.00559435132891, 0.00528923980892, 0.00438458193094, 0.0103727243841, 0.0135835260153, 0.00809190422297, 0.00488880136982, 0.00489795021713, 0.00271349865943, 0.0023089798633, 0.00184518506285, 0.000751978252083, 0.000887166359462, 0.00100474059582, 0.00196150643751, 0.00117806449998, 0.000865910958964, 0.000162134121638, 0.00010876320448, 0.000147427272168, 0.000151486994582, 9.54852293944e-05, 6.23838132014e-05, 7.30292740627e-05, 9.46619329625e-05, 0.000126639657537, 0.00023502104159, 0.00022614999034, 0.000168067941559, 0.000103662074252, 8.30219869385e-05, 0.000105596853246, 0.000129402455059, 4.85887976538e-05, 3.9855371142e-05],
        "mean": [0.00275300187059, 0.00219903280959, 0.00160036212765, 0.000834932783619, 0.000489941681735, 0.000331916322466, 0.000189285550732, 0.0002758022747, 0.00068755063694, 0.000617108133156, 0.000300455983961, 0.00030567048816, 0.000290883210255, 0.000165676523466, 8.70893127285e-05, 0.00010107869457, 5.79927436775e-05, 6.25291504548e-05, 6.9367881224e-05, 7.7406053606e-05, 6.31885413895e-05, 3.69993140339e-05, 2.02980063477e-05, 1.44419718708e-05, 1.61498919624e-05, 1.20550312204e-05, 1.037093989e-05, 8.20806599222e-06, 5.89779347138e-06, 4.18784611611e-06, 4.08255027651e-06, 4.17721230406e-06, 3.66538415619e-06, 2.75323395726e-06, 2.05402807296e-06, 1.73267198988e-06, 1.40702195495e-06, 1.3051883343e-06, 1.02085323306e-06, 6.98828614532e-07],
        "min": [1.84211821761e-05, 1.33445046231e-05, 1.13589558168e-05, 1.17311938084e-05, 4.9233003665e-06, 1.54043232214e-06, 1.59523767707e-06, 2.09927043215e-06, 2.0578843305e-06, 3.05657272293e-06, 1.28810393107e-06, 2.09206950785e-06, 1.09400957626e-06, 1.93693836081e-06, 1.81305392744e-06, 9.32988143632e-07, 9.78976913757e-07, 1.62333617482e-06, 1.09484949462e-06, 4.93774734878e-07, 3.51401325815e-07, 3.92605379318e-08, 2.43006297751e-07, 1.55119494138e-07, 7.17196257938e-08, 2.67154746325e-07, 1.83069175819e-07, 2.45484983452e-07, 6.86545220674e-08, 5.70601130789e-08, 4.74747388068e-08, 5.83342867344e-08, 9.55496091137e-08, 8.72198935298e-09, 1.20518945934e-08, 1.06948876422e-08, 2.85241075204e-09, 9.37368516141e-10, 6.51491915971e-10, 2.07761052806e-09],
        "stdev": [0.00513861095533, 0.00209927535616, 0.00240253726952, 0.00138960871845, 0.000834386155475, 0.000464586453745, 0.000329240196152, 0.00038932080497, 0.00142111675814, 0.00149641546886, 0.000615653232671, 0.000539583677892, 0.000581391912419, 0.000276656093774, 0.000158963681315, 0.000198653637199, 8.86697598617e-05, 7.19783784007e-05, 0.000112119341793, 0.00014390576689, 0.000114412847324, 6.89029257046e-05, 2.06567146961e-05, 1.33038229251e-05, 1.51263402586e-05, 1.12332536446e-05, 9.91493016045e-06, 5.860822057e-06, 5.23167636857e-06, 5.18704518981e-06, 6.10616643826e-06, 8.4039511421e-06, 7.9984383774e-06, 6.09846256339e-06, 4.73739919471e-06, 4.39090945292e-06, 4.68092548545e-06, 6.28505358691e-06, 2.75588945442e-06, 1.90218281659e-06]
    },
    "melbands128": {
        "max": [0.0128424791619, 0.0546983294189, 0.0688634887338, 0.0356359966099, 0.0212365984917, 0.0202398281544, 0.0449196249247, 0.0218458846211, 0.0262088105083, 0.0268019307405, 0.0155370151624, 0.0183307547122, 0.0191394388676, 0.0107593089342, 0.0100400401279, 0.00955400429666, 0.00605866359547, 0.00901067256927, 0.00767639512196, 0.0038965032436, 0.00714262202382, 0.0149243157357, 0.0178988296539, 0.0124047882855, 0.0176899526268, 0.020300725475, 0.0090067666024, 0.0155307231471, 0.012948743999, 0.0108429053798, 0.0073230555281, 0.00897879060358, 0.00788822118193, 0.0101057440042, 0.00471942266449, 0.0049991668202, 0.00545140448958, 0.00401458749548, 0.00164434942417, 0.0031728069298, 0.00334792165086, 0.00238174782135, 0.00149646901991, 0.00167772045825, 0.00274111446925, 0.00132523768116, 0.00133736350108, 0.00132716901135, 0.00173184846062, 0.00378512847237, 0.00236757425591, 0.00132163346279, 0.00223883311264, 0.0022157994099, 0.00287253363058, 0.000565117050428, 0.000370341032976, 0.000220073066885, 0.000327200483298, 0.000292556243949, 0.000163906748639, 0.000164908880834, 0.000279823871097, 0.000281890272163, 0.000303674518364, 0.000216566055315, 0.000142676377436, 0.000116552888358, 0.000180158545845, 0.000114175527415, 7.98069740995e-05, 0.000111327477498, 7.17219518265e-05, 7.34587665647e-05, 9.61366531556e-05, 0.00011304961663, 8.28125776025e-05, 0.000113487738417, 0.00012271052401, 0.00023605953902, 0.00011033188639, 0.000297094607959, 0.000426098093158, 0.000158437323989, 0.000142468619742, 0.000132809131173, 0.000224302129936, 0.000149182364112, 9.37787699513e-05, 0.000113839705591, 7.46778387111e-05, 9.28866575123e-05, 9.85685182968e-05, 6.66866399115e-05, 0.000162321433891, 0.000227087264648, 0.000147762693814, 0.000103324979136, 3.57092358172e-05, 6.23824162176e-05, 4.77086105093e-05, 5.39180800843e-05, 1.9431759938e-05, 2.74573012575e-05, 2.37539461523e-05, 2.53723301284e-05, 9.1100755526e-06, 9.26739346596e-07, 2.11326689481e-09, 2.0420163338e-09, 1.98533345319e-09, 1.97326088802e-09, 1.87417836806e-09, 1.82292703155e-09, 1.78728487565e-09, 1.70387315368e-09, 1.65010494158e-09, 1.6558432403e-09, 1.61101443297e-09, 1.56040080856e-09, 1.53498092015e-09, 1.47758927316e-09, 1.43992806567e-09, 1.42205247577e-09, 1.40608080734e-09, 1.39144751277e-09, 1.3792246234e-09, 1.36940936368e-09],
        "mean": [0.000547013536561, 0.00278884638101, 0.00371794891544, 0.00266941497102, 0.00188625603914, 0.00194150034804, 0.00226504402235, 0.00133819656912, 0.000842831388582, 0.000940018682741, 0.000749518687371, 0.000535994186066, 0.000437820184743, 0.000390869099647, 0.000392509042285, 0.000264219008386, 0.000204210635275, 0.00018937594723, 0.000153307148139, 0.000182886404218, 0.000282437133137, 0.000664712511934, 0.000914995616768, 0.000434428482549, 0.000765775039326, 0.000707829021849, 0.000187102006748, 0.000293714081636, 0.000320001709042, 0.000372827984393, 0.000264258676907, 0.000249093514867, 0.000308348739054, 0.000338993006153, 0.000185295168194, 0.000123035846627, 0.000107469815703, 8.09564007795e-05, 7.32730914024e-05, 0.000106618681457, 0.000123279489344, 6.58721546642e-05, 5.38653730473e-05, 5.36311563337e-05, 5.69933108636e-05, 6.3792533183e-05, 7.42210322642e-05, 5.84349036217e-05, 6.36891345493e-05, 0.000102184487332, 7.65794684412e-05, 5.97612925048e-05, 5.88735892961e-05, 6.89496155246e-05, 6.60488221911e-05, 2.65549988399e-05, 2.1301488232e-05, 1.98748803086e-05, 2.11058741115e-05, 1.9642391635e-05, 1.21314224089e-05, 1.08909425762e-05, 1.81868581421e-05, 1.70534967765e-05, 1.5250803699e-05, 1.11102399387e-05, 1.09556840471e-05, 1.05815306597e-05, 1.1179545254e-05, 8.3241639004e-06, 7.85235715739e-06, 9.21592436498e-06, 6.21426670477e-06, 5.48118578081e-06, 5.09456685904e-06, 3.95989627577e-06, 3.99086229663e-06, 4.03559670303e-06, 4.27596205554e-06, 3.85052726415e-06, 4.10626171288e-06, 4.42851069238e-06, 4.03389731218e-06, 3.67456550521e-06, 3.33459479407e-06, 2.88801925308e-06, 2.58543218479e-06, 2.35608490584e-06, 1.98656948669e-06, 1.92618290384e-06, 1.71686622252e-06, 1.71676504124e-06, 1.68329893313e-06, 1.33962657856e-06, 1.27810312733e-06, 1.36341361667e-06, 1.36381493121e-06, 1.17186209536e-06, 1.00571674011e-06, 9.88088800113e-07, 8.22439290005e-07, 6.70111035106e-07, 5.11105895384e-07, 4.33201989836e-07, 3.61002634008e-07, 2.94610487117e-07, 7.80716007398e-08, 3.89378884691e-09, 1.44415755396e-11, 1.24978491098e-11, 1.21218104998e-11, 1.19096052464e-11, 1.16324189864e-11, 1.12993763651e-11, 1.10527715452e-11, 1.07387735857e-11, 1.03817111158e-11, 1.02736361085e-11, 1.0063542881e-11, 9.54113611035e-12, 9.25213725078e-12, 9.14842940986e-12, 9.05053375994e-12, 8.81639726502e-12, 8.08735543811e-12, 6.91264840508e-12, 6.26532463063e-12, 6.14584858699e-12],
        "min": [4.6747111071e-08, 3.8046073314e-06, 5.9410990616e-06, 2.20696347242e-05, 1.07814812509e-05, 7.32793523639e-06, 9.41414873523e-06, 2.95659719995e-06, 4.01765964853e-06, 1.2721220628e-06, 4.52133491535e-07, 1.11652661872e-06, 1.8264395294e-06, 1.89071363366e-06, 6.78005449117e-07, 3.32763363531e-07, 1.11758527055e-06, 6.10129745837e-07, 8.79454319147e-07, 4.19017140985e-07, 1.25157976072e-06, 2.02679325412e-06, 1.69925908722e-06, 9.46922114053e-07, 1.24162613702e-06, 7.22979564216e-07, 5.49170067643e-07, 3.5901348383e-07, 4.21575578002e-07, 1.72725162884e-06, 1.21922721519e-06, 7.322272495e-07, 8.5181710574e-07, 1.96637557792e-07, 4.777592153e-07, 1.39702819979e-06, 5.2106770454e-07, 8.14697102669e-07, 2.79591745311e-07, 7.16152442237e-07, 1.38292719498e-07, 2.70190923857e-07, 3.47572466808e-07, 3.11114064289e-07, 5.1736384421e-07, 4.98894848988e-07, 8.54231643643e-07, 4.06419815135e-07, 2.71563550314e-07, 3.41725069575e-07, 1.94052518054e-07, 3.27166929992e-07, 3.22495310456e-07, 1.03933942341e-07, 3.37484316049e-08, 2.52609027029e-08, 2.51290437348e-08, 2.49111906214e-07, 1.52335076109e-07, 1.62095954437e-08, 1.77162391424e-07, 7.8418231908e-08, 1.96882243841e-08, 1.00463999786e-07, 1.02108636213e-07, 2.07206284131e-07, 2.86705244434e-07, 7.59374003678e-08, 1.65982271483e-07, 8.9500971967e-08, 2.21972058512e-07, 1.4946603244e-07, 1.03257626449e-07, 2.94200006579e-08, 8.20800227785e-09, 5.19396436971e-08, 8.08585483014e-08, 3.86725673707e-08, 5.16442106857e-08, 3.91621242102e-08, 3.33674279318e-08, 7.47519735e-08, 7.3267266032e-08, 8.4303302117e-08, 3.55857210366e-08, 3.61480645417e-09, 1.54834345345e-09, 9.00259511383e-09, 1.82183637065e-08, 9.24140408642e-09, 8.7543172711e-09, 1.61700484114e-08, 4.24230828244e-09, 2.24423835071e-09, 1.98882466051e-09, 3.59362983815e-10, 9.44878952858e-10, 1.2486872647e-09, 4.62691412961e-10, 6.17234929834e-10, 3.15430154219e-10, 1.64878355413e-09, 4.17611678571e-09, 4.73172212523e-09, 2.96616531337e-09, 6.53916032434e-10, 3.03252728484e-10, 3.01576450444e-12, 1.31076226262e-12, 1.09165660452e-12, 1.21230402019e-12, 1.16871659919e-12, 1.32590011019e-12, 9.73599781524e-13, 1.1195819662e-12, 1.07228071908e-12, 1.01873240746e-12, 1.44651066299e-12, 1.17821659547e-12, 1.24229185966e-12, 1.25390876068e-12, 1.18442603815e-12, 1.21122762427e-12, 1.10974359042e-12, 7.89077624855e-13, 3.42454986894e-13, 4.25345658217e-14, 1.5833079722e-15],
        "stdev": [0.0012806818122, 0.00651380931959, 0.00694399746135, 0.00345703307539, 0.00208859355189, 0.00239438051358, 0.00419928133488, 0.00231542461552, 0.00163628312293, 0.00203916826285, 0.00167791009881, 0.00135953561403, 0.00101413636003, 0.000773248495534, 0.000670287350658, 0.000559551466722, 0.000408330437494, 0.000476800254546, 0.000388239801396, 0.000345531036146, 0.000547183095478, 0.00167040596716, 0.00239326152951, 0.00102832401171, 0.00201947661117, 0.00231590657495, 0.000583343673497, 0.000979088712484, 0.000942313519772, 0.000931083399337, 0.000565484282561, 0.000732521351893, 0.000847424438689, 0.000887985515874, 0.000443608063506, 0.000314291391987, 0.000358742458047, 0.000218020533794, 0.00015530474775, 0.000269476237008, 0.000303227192489, 0.000190775826923, 0.00012866781617, 9.77482632152e-05, 0.000143686775118, 9.35045245569e-05, 0.000113153313578, 0.000123311459902, 0.000151651038323, 0.000324795983033, 0.000156528083608, 0.000134345216793, 0.000163042903296, 0.000172274201759, 0.000202179333428, 4.73127256555e-05, 3.29111826431e-05, 2.3756574592e-05, 3.17304438795e-05, 2.68899766525e-05, 1.63239164976e-05, 1.37568085847e-05, 2.31678586715e-05, 1.91241651919e-05, 2.11504248e-05, 1.35441223392e-05, 1.35558439069e-05, 1.37999932122e-05, 1.35887466968e-05, 8.79860454006e-06, 6.4922924139e-06, 8.57709983393e-06, 6.07327046964e-06, 5.97678717895e-06, 6.30749991615e-06, 5.80448477194e-06, 5.94360835748e-06, 5.89325873079e-06, 7.40334689908e-06, 8.41739074531e-06, 6.56946303934e-06, 1.03171705632e-05, 1.29529116748e-05, 6.98264420862e-06, 7.32302532924e-06, 5.65009031561e-06, 7.32884154786e-06, 5.8541013459e-06, 4.44284114565e-06, 4.90857837576e-06, 4.29495730714e-06, 4.64782579002e-06, 5.26925032318e-06, 3.98560860049e-06, 5.56997383683e-06, 8.18421358417e-06, 7.50379740566e-06, 4.30562158726e-06, 2.37107292378e-06, 2.54396991295e-06, 2.40486588154e-06, 2.09365498449e-06, 1.39904943808e-06, 1.3272868955e-06, 1.08837366497e-06, 1.00316481166e-06, 3.42937454434e-07, 2.71406488395e-08, 5.83303128021e-11, 5.57284253466e-11, 5.4058490323e-11, 5.36352004477e-11, 5.116400012e-11, 4.99133269438e-11, 4.90241527928e-11, 4.67415377237e-11, 4.48834337752e-11, 4.5311011887e-11, 4.40200341456e-11, 4.23238943892e-11, 4.16122900027e-11, 4.00841686232e-11, 3.90664410543e-11, 3.85728358976e-11, 3.81508852287e-11, 3.77776004923e-11, 3.74616171417e-11, 3.71995212411e-11]
    },
    "mfcc": {
        "mean": [-593.717407227, 120.426879883, -5.43311023712, 19.8563308716, 3.77535676956, 9.77149391174, 3.83923864365, 10.2646884918, 6.97076511383, 6.22373533249, -1.25215017796, -2.67321872711, 1.63160133362],
        "cov": [[794.89465332, -295.691864014, -165.560943604, -189.312149048, -81.5727157593, -40.6275939941, 3.47824287415, -13.5687866211, 29.4681873322, 1.10410785675, 18.2492370605, 13.551363945, 16.8773612976], [-295.691864014, 346.710449219, -35.456703186, 46.165802002, -25.2685127258, -17.4837207794, -9.05607414246, 13.4144487381, -11.0767335892, 17.3364334106, -1.29430758953, -3.35934352875, -9.81150341034], [-165.560943604, -35.456703186, 336.318756104, 106.915420532, 45.9919395447, 53.6329612732, -1.78201901913, -12.7828722, -46.7517127991, -20.214597702, -18.8646125793, -9.99225616455, -16.2507553101], [-189.312149048, 46.165802002, 106.915420532, 262.115112305, 116.001373291, -1.09883511066, -68.7976074219, -14.0938835144, -0.0556423775852, -23.7185935974, -45.5431442261, -8.7743062973, 11.3074216843], [-81.5727157593, -25.2685127258, 45.9919395447, 116.001373291, 192.954376221, -18.1076812744, -71.9417190552, -36.2933082581, 26.5272846222, -7.08521127701, -39.8441390991, -0.0334385558963, 18.796207428], [-40.6275939941, -17.4837207794, 53.6329612732, -1.09883511066, -18.1076812744, 129.067047119, 80.5907897949, 17.939125061, -50.6627845764, -42.193611145, 4.99553871155, -14.7617340088, 6.01151180267], [3.47824287415, -9.05607414246, -1.78201901913, -68.7976074219, -71.9417190552, 80.5907897949, 159.328140259, 40.8283882141, -33.2545967102, -21.0962238312, 21.5926113129, -5.95981502533, -3.72217917442], [-13.5687866211, 13.4144487381, -12.7828722, -14.0938835144, -36.2933082581, 17.939125061, 40.8283882141, 89.2805938721, 9.13156223297, 5.40906715393, 8.73571777344, -2.492821455, -4.76029872894], [29.4681873322, -11.0767335892, -46.7517127991, -0.0556423775852, 26.5272846222, -50.6627845764, -33.2545967102, 9.13156223297, 108.191551208, 55.2086715698, 15.1286706924, 14.9703111649, -1.91335427761], [1.10410785675, 17.3364334106, -20.214597702, -23.7185935974, -7.08521127701, -42.193611145, -21.0962238312, 5.40906715393, 55.2086715698, 114.091262817, 31.6626148224, 18.5542793274, -16.4350337982], [18.2492370605, -1.29430758953, -18.8646125793, -45.5431442261, -39.8441390991, 4.99553871155, 21.5926113129, 8.73571777344, 15.1286706924, 31.6626148224, 90.3416213989, 34.8421936035, 0.651052117348], [13.551363945, -3.35934352875, -9.99225616455, -8.7743062973, -0.0334385558963, -14.7617340088, -5.95981502533, -2.492821455, 14.9703111649, 18.5542793274, 34.8421936035, 68.3425979614, 24.8777122498], [16.8773612976, -9.81150341034, -16.2507553101, 11.3074216843, 18.796207428, 6.01151180267, -3.72217917442, -4.76029872894, -1.91335427761, -16.4350337982, 0.651052117348, 24.8777122498, 76.6730728149]],
        "icov": [[0.00276128877886, 0.00244248192757, 0.00111729721539, 0.000867784488946, 0.00118640414439, 0.000522232381627, 0.000572731194552, 0.000393381313188, -8.59384017531e-05, 0.000210747428355, 0.000448786566267, -9.84905636869e-05, -0.000394818780478], [0.00244248192757, 0.00549163902178, 0.00169164710678, -0.000592721800786, 0.00186389463488, 0.000943167542573, 0.000475200853543, -6.1790640757e-05, 0.00110458652489, -0.000772367231548, 0.000395942857722, -2.06079439522e-05, -3.52614842996e-05], [0.00111729721539, 0.00169164710678, 0.00462719239295, -0.00145818816964, 0.000233673476032, -0.00136877398472, 0.000399702752475, 0.000425528240157, 0.0017492811894, -0.000814228318632, 0.000332827592501, -0.000722094147932, 0.0013627524022], [0.000867784488946, -0.000592721800786, -0.00145818816964, 0.00721499789506, -0.00264443643391, -0.000665854895487, 0.00229692878202, -0.00101447128691, -0.000610808026977, 0.00125561037567, 0.0012751375325, -0.00010346097406, -0.000614316435531], [0.00118640414439, 0.00186389463488, 0.000233673476032, -0.00264443643391, 0.00980795640498, -0.00104846886825, 0.00221704924479, 0.0026131994091, -0.00291041773744, 0.000244570954237, 0.00278732250445, -0.000703706522472, -0.00145098508801], [0.000522232381627, 0.000943167542573, -0.00136877398472, -0.000665854895487, -0.00104846886825, 0.0156132606789, -0.00682725058869, -0.00105179252569, 0.00375297782011, 0.00214727292769, -0.00290848454461, 0.00320528447628, -0.00201140972786], [0.000572731194552, 0.000475200853543, 0.000399702752475, 0.00229692878202, 0.00221704924479, -0.00682725058869, 0.0127403624356, -0.00314016127959, 0.000275010534097, 0.000682791753206, -0.000386769650504, -0.000401770725148, 0.000382898404496], [0.000393381313188, -6.1790640757e-05, 0.000425528240157, -0.00101447128691, 0.0026131994091, -0.00105179252569, -0.00314016127959, 0.0141793983057, -0.00321931065992, -0.000257331324974, 0.000595032761339, 0.000313597818604, 7.27418155293e-05], [-8.59384017531e-05, 0.00110458652489, 0.0017492811894, -0.000610808026977, -0.00291041773744, 0.00375297782011, 0.000275010534097, -0.00321931065992, 0.0162462927401, -0.00592448515818, -0.00176013971213, -0.000102107718703, 3.73837028746e-05], [0.000210747428355, -0.000772367231548, -0.000814228318632, 0.00125561037567, 0.000244570954237, 0.00214727292769, 0.000682791753206, -0.000257331324974, -0.00592448515818, 0.014335533604, -0.00322903133929, -0.00145854707807, 0.00271155918017], [0.000448786566267, 0.000395942857722, 0.000332827592501, 0.0012751375325, 0.00278732250445, -0.00290848454461, -0.000386769650504, 0.000595032761339, -0.00176013971213, -0.00322903133929, 0.0179724171758, -0.00890538841486, 0.00139807292726], [-9.84905636869e-05, -2.06079439522e-05, -0.000722094147932, -0.00010346097406, -0.000703706522472, 0.00320528447628, -0.000401770725148, 0.000313597818604, -0.000102107718703, -0.00145854707807, -0.00890538841486, 0.0230389237404, -0.00791246909648], [-0.000394818780478, -3.52614842996e-05, 0.0013627524022, -0.000614316435531, -0.00145098508801, -0.00201140972786, 0.000382898404496, 7.27418155293e-05, 3.73837028746e-05, 0.00271155918017, 0.00139807292726, -0.00791246909648, 0.0171783361584]]
    },
    "spectral_contrast_coeffs": {
        "max": [-0.454351007938, -0.510484516621, -0.553656578064, -0.578945100307, -0.668884992599, -0.626629531384],
        "mean": [-0.732836902142, -0.742460489273, -0.751299977303, -0.786478638649, -0.800063312054, -0.756545722485],
        "min": [-0.882602334023, -0.956620693207, -0.903450071812, -0.8966781497, -0.869482398033, -0.837603807449],
        "stdev": [0.0676762908697, 0.0786783099174, 0.068593673408, 0.0464944764972, 0.0301691256464, 0.0287618078291]
    },
    "spectral_contrast_valleys": {
        "max": [-4.93241882324, -4.76954746246, -5.43136930466, -5.93414211273, -6.00121927261, -7.56166315079],
        "mean": [-6.15893697739, -6.34106683731, -6.72953891754, -6.93360471725, -6.98503446579, -9.76797294617],
        "min": [-7.70460557938, -7.68327093124, -8.24469470978, -8.43562412262, -9.14293861389, -11.865275383],
        "stdev": [0.369953155518, 0.391821891069, 0.422846674919, 0.371724367142, 0.347723603249, 0.512542784214]
    }
},
"rhythm": {
    "beats_count": 74,
    "beats_loudness": {
        "max": 0.101018771529,
        "mean": 0.0485769473016,
        "min": 0.0159554015845,
        "stdev": 0.0211717933416
    },
    "bpm": 137.734619141,
    "bpm_histogram_first_peak_bpm": 136,
    "bpm_histogram_first_peak_weight": 0.5,
    "bpm_histogram_second_peak_bpm": 144,
    "bpm_histogram_second_peak_spread": 0,
    "bpm_histogram_second_peak_weight": 0.0410958901048,
    "danceability": 1.53598558903,
    "onset_rate": 2.89160132408,
    "beats_loudness_band_ratio": {
        "max": [0.883474051952, 0.713799715042, 0.737599253654, 0.615101158619, 0.546629726887, 0.125135153532],
        "mean": [0.415892213583, 0.16198579967, 0.172573104501, 0.174283415079, 0.0806969702244, 0.0378008633852],
        "min": [0.061000932008, 0.00565358297899, 0.00980393495411, 0.0036020365078, 0.00348849315196, 0.00422741658986],
        "stdev": [0.242174685001, 0.170977860689, 0.168759047985, 0.174941658974, 0.0800681337714, 0.0248768683523]
    },
    "beats_position": [0.452789098024, 0.905578196049, 1.33514738083, 1.764716506, 2.20589566231, 2.6470746994, 3.08825397491, 3.51782298088, 3.94739222527, 4.37696123123, 4.80653047562, 5.24770975113, 5.6888885498, 6.13006782532, 6.5596370697, 6.98920631409, 7.4303855896, 7.87156438828, 8.31274318695, 8.74231243134, 9.17188167572, 9.6014509201, 10.0310201645, 10.4489793777, 10.8901586533, 11.3313379288, 11.7725172043, 12.2136955261, 12.6432647705, 13.0728340149, 13.5024032593, 13.9319725037, 14.3731517792, 14.8143310547, 15.2555103302, 15.6850786209, 16.114648819, 16.5558280945, 16.99700737, 17.4149665833, 17.8561439514, 18.2973232269, 18.7385025024, 19.1680717468, 19.6092510223, 20.0388202667, 20.4683895111, 20.8979587555, 21.339138031, 21.7687072754, 22.1982765198, 22.6394557953, 23.0806350708, 23.4985942841, 23.9397735596, 24.3809528351, 24.8221302032, 25.2516994476, 25.6928787231, 26.1224479675, 26.563627243, 27.0048065186, 27.4343757629, 27.8639450073, 28.2935142517, 28.7230834961, 29.1642627716, 29.593832016, 30.0350112915, 30.4645805359, 30.9057598114, 31.3469390869, 31.776506424, 32.2060775757],
