{
"metadata": {
    "version": {
        "essentia": "2.1-beta5",
        "essentia_git_sha": "Undefined",
        "extractor": "music 2.0"
    },
    "audio_properties": {
        "analysis": {
            "equal_loudness": 0,
            "length": 12.7477550507,
            "sample_rate": 44100,
            "start_time": 0,
            "downmix": "mix"
        },
        "bit_rate": 192000,
        "length": 183.34475708,
        "lossless": 0,
        "number_channels": 2,
        "replay_gain": 4.759973526,
        "sample_rate": 44100,
        "codec": "mp3",
        "md5_encoded": "ca7430fd372f1e1c5b44d984bb35234c"
    },
    "tags": {
        "file_name": "Serbia_Cipela_Marko Kon _ Milaan.mp3",
        "encoding": ["Lavf58.29.100"]
    }
},
"lowlevel": {
    "average_loudness": 0.578234553337,
    "barkbands_crest": {
        "max": 21.8788890839,
        "mean": 7.60607862473,
        "min": 2.84041047096,
        "stdev": 3.27060413361
    },
    "barkbands_flatness_db": {
        "max": 0.285986721516,
        "mean": 0.115771502256,
        "min": 0.0527235642076,
        "stdev": 0.0493732132018
    },
    "barkbands_kurtosis": {
        "max": 40.0869064331,
        "mean": 2.53599333763,
        "min": -1.48941898346,
        "stdev": 3.79802727699
    },
    "barkbands_skewness": {
        "max": 5.75955486298,
        "mean": -0.451499044895,
        "min": -2.44158196449,
        "stdev": 1.56640350819
    },
    "barkbands_spread": {
        "max": 47.1524734497,
        "mean": 21.4836215973,
        "min": 2.60470128059,
        "stdev": 7.04142045975
    },
    "dissonance": {
        "max": 0.499999940395,
        "mean": 0.47776183486,
        "min": 0.314323812723,
        "stdev": 0.0252402368933
    },
    "dynamic_complexity": 4.64948415756,
    "erbbands_crest": {
        "max": 23.4544487,
        "mean": 6.37437820435,
        "min": 2.49551606178,
        "stdev": 3.89133310318
    },
    "erbbands_flatness_db": {
        "max": 0.283616244793,
        "mean": 0.156683787704,
        "min": 0.0819086804986,
        "stdev": 0.0599755644798
    },
    "erbbands_kurtosis": {
        "max": 3.91908025742,
        "mean": 0.0195978656411,
        "min": -1.5445599556,
        "stdev": 0.785488367081
    },
    "erbbands_skewness": {
        "max": 1.70114850998,
        "mean": -0.191740080714,
        "min": -1.07941675186,
        "stdev": 0.583733379841
    },
    "erbbands_spread": {
        "max": 58.6735801697,
        "mean": 31.4040775299,
        "min": 9.21656894684,
        "stdev": 8.84037494659
    },
    "hfc": {
        "max": 193.623245239,
        "mean": 10.0552167892,
        "min": 1.06768191981e-16,
        "stdev": 25.1190738678
    },
    "loudness_ebu128": {
        "integrated": -29.6709289551,
        "loudness_range": 7.73259162903,
        "momentary": {
            "max": -27.6226596832,
            "mean": -158.851577759,
            "min": -300.691009521,
            "stdev": 134.401000977
        },
        "short_term": {
            "max": -28.8032684326,
            "mean": -122.765220642,
            "min": -300.691009521,
            "stdev": 126.311584473
        }
    },
    "melbands_crest": {
        "max": 27.9044742584,
        "mean": 6.42825126648,
        "min": 1.57911252975,
        "stdev": 5.36536216736
    },
    "melbands_flatness_db": {
        "max": 0.36470964551,
        "mean": 0.0982071384788,
        "min": 0.00308966799639,
        "stdev": 0.0988026857376
    },
    "melbands_kurtosis": {
        "max": 61.8165283203,
        "mean": 1.7889431715,
        "min": -1.48109340668,
        "stdev": 6.44100904465
    },
    "melbands_skewness": {
        "max": 6.29062318802,
        "mean": 0.769637525082,
        "min": -0.582164645195,
        "stdev": 1.12440824509
    },
    "melbands_spread": {
        "max": 159.827102661,
        "mean": 77.3139877319,
        "min": 2.83637595177,
        "stdev": 54.5467262268
    },
    "pitch_salience": {
        "max": 0.876034975052,
        "mean": 0.694783210754,
        "min": 0.259771972895,
        "stdev": 0.123675771058
    },
    "silence_rate_20dB": {
        "max": 1,
        "mean": 1,
        "min": 1,
        "stdev": 0
    },
    "silence_rate_30dB": {
        "max": 1,
        "mean": 0.990909099579,
        "min": 0,
        "stdev": 0.0949119850993
    },
    "silence_rate_60dB": {
        "max": 1,
        "mean": 0.625454545021,
        "min": 0,
        "stdev": 0.484004080296
    },
    "spectral_centroid": {
        "max": 11759.5263672,
        "mean": 6162.21044922,
        "min": 324.429656982,
        "stdev": 4808.58300781
    },
    "spectral_complexity": {
        "max": 41,
        "mean": 8.72545433044,
        "min": 0,
        "stdev": 11.9009189606
    },
    "spectral_decrease": {
        "max": 1.83739520156e-18,
        "mean": -2.3602950705e-09,
        "min": -4.9013891612e-08,
        "stdev": 5.21197662806e-09
    },
    "spectral_energy": {
        "max": 0.201331540942,
        "mean": 0.00982032995671,
        "min": 9.91510704112e-21,
        "stdev": 0.0218833852559
    },
    "spectral_energyband_high": {
        "max": 0.00417535705492,
        "mean": 0.000194224063307,
        "min": 6.87194107148e-21,
        "stdev": 0.000587581831496
    },
    "spectral_energyband_low": {
        "max": 0.0201303120703,
        "mean": 0.000771801278461,
        "min": 1.27147117645e-23,
        "stdev": 0.00207565794699
    },
    "spectral_energyband_middle_high": {
        "max": 0.105205245316,
        "mean": 0.00441041588783,
        "min": 1.14713300316e-21,
        "stdev": 0.0119436299428
    },
    "spectral_energyband_middle_low": {
        "max": 0.0814033672214,
        "mean": 0.00481829047203,
        "min": 1.50062775946e-22,
        "stdev": 0.0100358817726
    },
    "spectral_entropy": {
        "max": 9.83020210266,
        "mean": 8.50674152374,
        "min": 6.3677687645,
        "stdev": 1.30197227001
    },
    "spectral_flux": {
        "max": 0.372500777245,
        "mean": 0.0335811637342,
        "min": 6.17601525477e-11,
        "stdev": 0.0544344112277
    },
    "spectral_kurtosis": {
        "max": 27.1569957733,
        "mean": 3.0529255867,
        "min": -1.28847885132,
        "stdev": 4.92987060547
    },
    "spectral_rms": {
        "max": 0.0140150282532,
        "mean": 0.00179611553904,
        "min": 3.11018897269e-12,
        "stdev": 0.00252086948603
    },
    "spectral_rolloff": {
        "max": 19659.8144531,
        "mean": 10150.9931641,
        "min": 215.33203125,
        "stdev": 8568.88964844
    },
    "spectral_skewness": {
        "max": 3.78079462051,
        "mean": 0.861159682274,
        "min": -0.102088674903,
        "stdev": 0.916052222252
    },
    "spectral_spread": {
        "max": 43831776,
        "mean": 21445430,
        "min": 1812997,
        "stdev": 18798010
    },
    "spectral_strongpeak": {
        "max": 8.85849285126,
        "mean": 0.601239204407,
        "min": 0,
        "stdev": 1.22527909279
    },
    "zerocrossingrate": {
        "max": 0.52392578125,
        "mean": 0.274884581566,
        "min": 0.00390625,
        "stdev": 0.223064303398
    },
    "barkbands": {
        "max": [0.000378538010409, 0.00645994022489, 0.0163726210594, 0.00629718555138, 0.0281910728663, 0.0232384316623, 0.0229374971241, 0.0181497316808, 0.030550153926, 0.0428548008204, 0.0438348092139, 0.028797281906, 0.00695894472301, 0.0239271763712, 0.0150383152068, 0.0134568819776, 0.0203563217074, 0.00277536641806, 0.0038866144605, 0.00496854353696, 0.00286259059794, 0.000456394307548, 0.000217868990148, 0.000144470614032, 6.39301797491e-05, 1.43131528603e-05, 1.45791045725e-05],
        "mean": [4.73807176604e-06, 0.000440769887064, 0.000198983063456, 0.00034772939398, 0.00110515672714, 0.00107830180787, 0.000433221575804, 0.000508978788275, 0.000861362786964, 0.000944333092775, 0.00109375873581, 0.000374504714273, 0.000271685741609, 0.000284626148641, 0.000356313219527, 0.000370172871044, 0.00058660749346, 0.000107298081275, 0.000187430603546, 0.00015671098663, 7.88495017332e-05, 1.74524520844e-05, 6.0059273892e-06, 3.44637737726e-06, 1.27109638015e-06, 5.94462335357e-07, 3.17141477524e-08],
        "min": [1.8383119032e-25, 1.34271866766e-24, 1.22168383758e-24, 2.45775408219e-25, 1.41748365021e-24, 4.29390361904e-24, 7.26856753615e-24, 8.41316368886e-24, 1.14907956478e-23, 1.11557640547e-23, 1.11295218079e-23, 2.02289384751e-23, 1.31911482525e-23, 2.23232379608e-23, 3.79920555328e-23, 5.70667216873e-23, 3.23996154718e-23, 6.88579834098e-23, 1.07885930063e-22, 1.53722674028e-22, 2.2381995792e-22, 2.56957997686e-22, 4.02399790532e-22, 5.96563526151e-22, 7.74678170644e-22, 1.28487937584e-21, 1.83173249757e-21],
        "stdev": [2.341032814e-05, 0.0011439883383, 0.000886385620106, 0.000917017343454, 0.00288213440217, 0.00253265304491, 0.00168464984745, 0.00171190255787, 0.00265892362222, 0.00329927168787, 0.00359707092866, 0.00212330464274, 0.000784680887591, 0.00129720487166, 0.00122271804139, 0.00110839493573, 0.001890480984, 0.000249862292549, 0.000515479419846, 0.000489149766508, 0.000258031213889, 5.45418006368e-05, 1.82805069926e-05, 9.26629763853e-06, 3.81211725653e-06, 1.55143459324e-06, 6.21103822596e-07]
    },
    "erbbands": {
        "max": [0.178198426962, 1.54605138302, 15.1286449432, 11.5647230148, 28.9849014282, 121.26776123, 96.8286743164, 286.399200439, 448.727081299, 388.501861572, 185.755020142, 869.291931152, 1230.26489258, 1307.12695312, 1285.69055176, 1030.98669434, 640.183105469, 1520.57397461, 189.401138306, 1180.08703613, 458.102996826, 1070.69226074, 376.213287354, 131.216644287, 214.590118408, 203.399276733, 162.369628906, 59.0961227417, 22.7254867554, 8.28052520752, 6.05799007416, 3.26523065567, 2.0185585022, 0.706794917583, 0.503642678261, 0.0878425911069, 0.0302160531282, 0.00897384341806, 0.00207838718779, 0.000252422585618],
        "mean": [0.00799019448459, 0.113891348243, 0.229640200734, 0.716039478779, 1.87073326111, 4.18821954727, 5.84496688843, 10.6925163269, 6.94419670105, 10.8837604523, 8.14389801025, 23.5526618958, 32.6774101257, 19.5766334534, 43.1227989197, 16.7168693542, 15.6288118362, 15.7508277893, 11.0383520126, 27.9380626678, 17.5745811462, 29.5037498474, 11.8680973053, 6.38034963608, 9.64596176147, 8.37309646606, 4.58334493637, 2.13604927063, 0.813929021358, 0.311791926622, 0.175711870193, 0.0986806005239, 0.044965390116, 0.018897799775, 0.00721657229587, 0.00279991864227, 0.00113405485172, 0.000133726905915, 1.18025291158e-05, 1.24940306705e-05],
        "min": [5.52426543934e-23, 1.57804732601e-22, 1.79955545447e-21, 3.69674891737e-21, 5.43309028431e-21, 1.33182977178e-20, 3.39058037288e-20, 3.54432513753e-20, 9.96208314509e-20, 1.27971975195e-19, 2.18389226797e-19, 2.86909068879e-19, 4.2158573068e-19, 5.53348261032e-19, 7.0566131822e-19, 1.00929083506e-18, 1.19199745478e-18, 1.90810549545e-18, 1.31124805119e-18, 2.72899891496e-18, 3.24390829973e-18, 3.54209408925e-18, 4.81870054017e-18, 5.93239666457e-18, 5.97383055505e-18, 7.53123711338e-18, 8.39939459911e-18, 8.75800221007e-18, 8.4847224152e-18, 9.89965703918e-18, 1.05011091616e-17, 9.93133971101e-18, 8.95797229598e-18, 6.81130915264e-18, 6.05384414929e-18, 4.00220999626e-18, 2.23250298423e-18, 9.11586949439e-19, 2.42137452936e-19, 2.73072191926e-20],
        "stdev": [0.0248029641807, 0.294075608253, 0.833360731602, 1.74868607521, 4.36224222183, 12.0318717957, 13.316163063, 26.172460556, 28.5659217834, 36.8431892395, 21.5800991058, 74.0878372192, 106.264701843, 74.3424911499, 143.58972168, 79.4164581299, 55.012588501, 78.2199783325, 24.4201087952, 101.144264221, 44.1753463745, 101.11529541, 32.3748817444, 15.9498682022, 27.7485332489, 25.2515277863, 14.3822612762, 7.22440242767, 2.69643783569, 0.914465069771, 0.531778633595, 0.283437639475, 0.120820976794, 0.0496069788933, 0.0259437151253, 0.00724668800831, 0.00308811664581, 0.000508393452037, 8.9910972747e-05, 2.9079925298e-05]
    },
    "gfcc": {
        "mean": [-660.819335938, 55.0835266113, -83.9791641235, 6.36966514587, -30.7767505646, -5.97518730164, -19.1558551788, 2.05431890488, -13.8028202057, -2.97650146484, -8.95309638977, 0.736008167267, 0.143225446343],
        "cov": [[362855.59375, 33331.4023438, -50061.5429688, 4152.44433594, -18278.0078125, -3601.00024414, -11159.7714844, 1101.09399414, -8125.84619141, -1863.89831543, -5246.42041016, 270.538452148, 184.073791504], [33331.4023438, 3626.97460938, -4248.88525391, 525.225891113, -1544.99536133, -410.253173828, -958.814453125, 141.992126465, -743.489013672, -237.603439331, -494.549987793, -52.6296043396, 17.1183738708], [-50061.5429688, -4248.88525391, 7264.95751953, -406.016052246, 2656.9699707, 467.482269287, 1586.41931152, -102.526489258, 1126.85339355, 223.024383545, 714.108032227, -100.777793884, -29.8421421051], [4152.44433594, 525.225891113, -406.016052246, 219.216598511, -106.452018738, -33.1923713684, -84.8369369507, 37.2728919983, -81.6334075928, -43.0393066406, -63.9491195679, -38.4649276733, 15.9905328751], [-18278.0078125, -1544.99536133, 2656.9699707, -106.452018738, 1078.81115723, 267.483886719, 614.732788086, -13.9126024246, 417.878326416, 95.1624298096, 259.097442627, -35.935874939, 0.552864134312], [-3601.00024414, -410.253173828, 467.482269287, -33.1923713684, 267.483886719, 196.227386475, 139.148498535, 13.2787504196, 94.751335144, 53.9274330139, 58.8117179871, 15.4540786743, 6.92591667175], [-11159.7714844, -958.814453125, 1586.41931152, -84.8369369507, 614.732788086, 139.148498535, 421.940948486, -11.2073078156, 263.824554443, 51.1217193604, 174.404556274, -22.5606422424, 9.51904296875], [1101.09399414, 141.992126465, -102.526489258, 37.2728919983, -13.9126024246, 13.2787504196, -11.2073078156, 67.4917221069, -11.6946220398, -2.78714728355, -9.29213809967, 9.44317245483, 4.00300502777], [-8125.84619141, -743.489013672, 1126.85339355, -81.6334075928, 417.878326416, 94.751335144, 263.824554443, -11.6946220398, 223.531829834, 49.9650878906, 131.775604248, -9.38584709167, 2.78308916092], [-1863.89831543, -237.603439331, 223.024383545, -43.0393066406, 95.1624298096, 53.9274330139, 51.1217193604, -2.78714728355, 49.9650878906, 53.4325523376, 38.8555145264, 19.5457134247, 5.23900747299], [-5246.42041016, -494.549987793, 714.108032227, -63.9491195679, 259.097442627, 58.8117179871, 174.404556274, -9.29213809967, 131.775604248, 38.8555145264, 110.805885315, 11.7280817032, 8.27479362488], [270.538452148, -52.6296043396, -100.777793884, -38.4649276733, -35.935874939, 15.4540786743, -22.5606422424, 9.44317245483, -9.38584709167, 19.5457134247, 11.7280817032, 54.1115684509, 16.8711338043], [184.073791504, 17.1183738708, -29.8421421051, 15.9905328751, 0.552864134312, 6.92591667175, 9.51904296875, 4.00300502777, 2.78308916092, 5.23900747299, 8.27479362488, 16.8711338043, 32.1950111389]],
        "icov": [[0.000627328001428, -0.00171078683343, 0.0022364531178, -0.00198640208691, 0.00186318834312, -0.00116105587222, 0.000874640070833, -0.00130516639911, 0.00122542947065, -0.00125207635574, 0.000175767330802, 0.000678178912494, 0.00020123073773], [-0.00171078683343, 0.00688047008589, -0.00530279800296, 0.00416408665478, -0.00577724445611, 0.00452027376741, -0.0012881787261, 0.000585012545343, -0.000942814338487, 0.00462220609188, -0.00101251597516, 0.00181841023732, -0.00278890947811], [0.0022364531178, -0.00530279800296, 0.0124838780612, -0.00655427249148, -0.00270847696811, 0.0019926475361, 0.00215372652747, -0.00400322116911, 0.00173470959999, -0.00409575086087, -0.00164149503689, 0.00235661538318, 0.00404189759865], [-0.00198640208691, 0.00416408665478, -0.00655427249148, 0.0185268446803, -0.0103172212839, 0.00381725165062, 0.00112989742775, -0.000218945075176, -0.00134149880614, 0.00594323640689, -0.0028196440544, 0.00955247320235, -0.0122171342373], [0.00186318834312, -0.00577724445611, -0.00270847696811, -0.0103172212839, 0.0335517674685, -0.0191672220826, -0.00361471669748, -0.00511936796829, 0.00525222532451, -0.00488727306947, 0.00634038960561, 0.00172685994767, -0.00190793396905], [-0.00116105587222, 0.00452027376741, 0.0019926475361, 0.00381725165062, -0.0191672220826, 0.0209880266339, -0.00345931970514, 0.00121311517432, -0.00442557223141, -0.00459540588781, 0.000815420935396, -0.00429667672142, 0.00404437026009], [0.000874640070833, -0.0012881787261, 0.00215372652747, 0.00112989742775, -0.00361471669748, -0.00345931970514, 0.0253309458494, -0.0072304434143, 0.00220383959822, 0.00492450594902, -0.0126544870436, 0.015469327569, -0.0145107237622], [-0.00130516639911, 0.000585012545343, -0.00400322116911, -0.000218945075176, -0.00511936796829, 0.00121311517432, -0.0072304434143, 0.0272806901485, -0.0101280771196, 0.00235780281946, 0.00385391502641, -0.0191108454019, 0.0116379968822], [0.00122542947065, -0.000942814338487, 0.00173470959999, -0.00134149880614, 0.00525222532451, -0.00442557223141, 0.00220383959822, -0.0101280771196, 0.0365325026214, -0.00615584710613, -0.0147735029459, 0.0176703967154, -0.0103803109378], [-0.00125207635574, 0.00462220609188, -0.00409575086087, 0.00594323640689, -0.00488727306947, -0.00459540588781, 0.00492450594902, 0.00235780281946, -0.00615584710613, 0.0406672097743, -0.00857921410352, -0.00571090960875, -0.00361173902638], [0.000175767330802, -0.00101251597516, -0.00164149503689, -0.0028196440544, 0.00634038960561, 0.000815420935396, -0.0126544870436, 0.00385391502641, -0.0147735029459, -0.00857921410352, 0.0492352843285, -0.0199181623757, 0.00284676067531], [0.000678178912494, 0.00181841023732, 0.00235661538318, 0.00955247320235, 0.00172685994767, -0.00429667672142, 0.015469327569, -0.0191108454019, 0.0176703967154, -0.00571090960875, -0.0199181623757, 0.0608956851065, -0.0360973291099], [0.00020123073773, -0.00278890947811, 0.00404189759865, -0.0122171342373, -0.00190793396905, 0.00404437026009, -0.0145107237622, 0.0116379968822, -0.0103803109378, -0.00361173902638, 0.00284676067531, -0.0360973291099, 0.0628830492496]]
    },
    "melbands": {
        "max": [0.00182524428237, 0.00549715943635, 0.00200477056205, 0.00397657975554, 0.00507716229185, 0.00576165923849, 0.00603904621676, 0.00455189077184, 0.0015545465285, 0.00585559103638, 0.0064878789708, 0.00486625824124, 0.00467940000817, 0.00134845927823, 0.00437526032329, 0.00137538276613, 0.00285134417936, 0.000323803222273, 0.00105105375405, 0.00133703835309, 0.000562473083846, 0.00117169704754, 0.000771800114308, 0.000159220639034, 0.000103345591924, 0.000169722916326, 0.0001823141356, 0.000157255519298, 7.9396624642e-05, 8.57844061102e-05, 3.23805288645e-05, 1.17796626e-05, 8.8513661467e-06, 3.25888368025e-06, 3.18539900945e-06, 3.69465897165e-06, 1.98682914743e-06, 1.67420989783e-06, 7.4981534226e-07, 5.43715600543e-07],
        "mean": [0.000102357982541, 0.000138149523991, 0.000163571268786, 0.000195519533008, 0.000237200903939, 0.000231232421356, 9.59215685725e-05, 0.000122792902403, 7.21014803275e-05, 0.000146936814417, 0.000161472969921, 7.44006320019e-05, 0.000148337523569, 4.5984506869e-05, 5.63470966881e-05, 2.46681738645e-05, 3.04243876599e-05, 1.58920029207e-05, 2.5507160899e-05, 4.0525028453e-05, 1.70426519617e-05, 3.1444029446e-05, 2.16042753891e-05, 6.05226978223e-06, 4.67284462502e-06, 6.69321798341e-06, 6.38931123831e-06, 5.71071041122e-06, 3.04975310428e-06, 2.14698661694e-06, 9.47948137764e-07, 4.80875598896e-07, 2.53540747508e-07, 1.38142382866e-07, 9.75021947625e-08, 8.940300944e-08, 5.04347319463e-08, 3.37260992467e-08, 2.2481863482e-08, 1.34424267273e-08],
        "min": [5.46346179598e-25, 1.09893648908e-24, 1.24894913844e-24, 3.57357022249e-25, 1.00182514785e-24, 8.93673994077e-25, 1.70443535436e-24, 1.27005580221e-24, 1.59700867071e-24, 1.77323861922e-24, 1.67298800602e-24, 1.6711032201e-24, 1.70925075854e-24, 2.0889965654e-24, 1.86677760384e-24, 1.18963034824e-24, 2.35815393411e-24, 1.47667553241e-24, 3.44066732522e-24, 3.4555803462e-24, 2.74260431019e-24, 2.96576852433e-24, 3.74392754529e-24, 2.63896159509e-24, 3.86375472793e-24, 3.05111597731e-24, 4.15777817567e-24, 4.02386627599e-24, 4.60711965817e-24, 4.23620514914e-24, 4.3298559548e-24, 3.83966291589e-24, 5.11847152428e-24, 5.03324417537e-24, 5.27185014451e-24, 4.83318549993e-24, 5.36134799193e-24, 5.57197543134e-24, 5.85199423143e-24, 5.69803777058e-24],
        "stdev": [0.000279286847217, 0.000403500074754, 0.000366743217455, 0.000454394408735, 0.000579240324441, 0.000562047760468, 0.000390279194107, 0.000423070974648, 0.000179056441993, 0.000477207067888, 0.000538409862202, 0.000297910126392, 0.000471531035146, 0.000155841422384, 0.000328413327225, 8.52764060255e-05, 0.000152384280227, 3.71444293705e-05, 8.77382844919e-05, 0.000134890331537, 4.26150691055e-05, 0.000108627209556, 7.31530599296e-05, 1.43612496686e-05, 1.22823312267e-05, 1.83485226444e-05, 1.96840446733e-05, 1.80079259735e-05, 9.05298747966e-06, 7.4133859016e-06, 3.44009322362e-06, 1.58924410698e-06, 8.49904381539e-07, 3.87256363865e-07, 2.78979030099e-07, 3.18916761444e-07, 1.40458809028e-07, 9.57407237934e-08, 5.44385940771e-08, 3.84090128591e-08]
    },
    "melbands128": {
        "max": [0.000192754741875, 0.000980885582976, 0.00335611449555, 0.00318369222805, 0.00710125314072, 0.00783970858902, 0.00243137148209, 0.00355576211587, 0.00411187112331, 0.00188924581744, 0.0077509325929, 0.0117446249351, 0.00237462343648, 0.00658403709531, 0.00947354361415, 0.00552879786119, 0.0108804767951, 0.00578614603728, 0.00351522467099, 0.00580477947369, 0.00658297818154, 0.0012616997119, 0.00200513727032, 0.00261937314644, 0.0066005946137, 0.00825008098036, 0.00289108417928, 0.00690462021157, 0.013549930416, 0.00288869882934, 0.00729687418789, 0.00869424454868, 0.00432861130685, 0.0084472540766, 0.000906688044779, 0.00032617058605, 0.00273769302294, 0.00973909161985, 0.00130077183712, 0.000639249163214, 0.000876352598425, 0.00398160517216, 0.00514252996072, 0.00197517941706, 0.00042259588372, 0.000304738350678, 0.000363847706467, 0.000459673552541, 0.00145021383651, 0.00367254321463, 0.00286922324449, 0.000801875954494, 0.000210730941035, 0.00148344226182, 0.000526757561602, 0.00223478209227, 0.00147691555321, 0.00160228589084, 0.000143160999869, 0.000256305735093, 0.000222783288336, 7.57308007451e-05, 0.000263274210738, 0.000159095943673, 0.000176734363777, 0.000259558903053, 0.000150743755512, 0.000295777688734, 0.000392598391045, 0.000334409007337, 8.08882396086e-05, 0.000442919728812, 7.05645434209e-05, 2.77938997897e-05, 0.000275381025858, 0.000110405657324, 0.000103581711301, 4.30712025263e-05, 4.68634461868e-05, 1.85757398867e-05, 2.21304017032e-05, 1.63017302839e-05, 2.18304594455e-05, 2.0340228275e-06, 9.17361649044e-06, 3.60092917617e-06, 5.60199123356e-06, 3.76091952603e-06, 3.01374029732e-06, 3.38363634e-06, 9.27703877096e-06, 2.35406560023e-06, 3.05573621517e-06, 2.15677141568e-06, 1.86652334833e-06, 2.04661387215e-06, 1.92253969544e-06, 8.84912481069e-07, 9.36258061301e-07, 5.94516905039e-07, 3.19123898862e-07, 4.21856952926e-07, 9.42689268868e-07, 1.14826048048e-06, 6.14720761405e-07, 2.58818687371e-07, 1.42675318671e-07, 1.65479804082e-07, 1.57509205678e-07, 1.17570422731e-07, 1.15395415889e-07, 1.32589804025e-07, 1.26972622638e-07, 1.81307200364e-07, 7.1309671057e-08, 7.31775315899e-08, 6.96798494459e-08, 6.77628619883e-08, 6.56102372432e-08, 6.43869313421e-08, 6.27651743912e-08, 6.15276576355e-08, 6.04459984288e-08, 5.95540186055e-08, 5.88715565186e-08, 5.81401629063e-08, 5.76308707423e-08, 5.72176048763e-08],
        "mean": [2.84989732791e-06, 3.56936980097e-05, 0.000158854891197, 0.000202952054678, 0.000121799166664, 0.00010532894521, 0.000125109290821, 0.000199685295229, 0.000207373101148, 0.000105722567241, 0.000250945158768, 0.000334439449944, 0.000113691552542, 0.000287232600385, 0.000312813208438, 0.000144969613757, 0.000138285613502, 7.68192476244e-05, 5.59715117561e-05, 0.000141783151776, 0.000164837329066, 3.82891703339e-05, 4.54808177892e-05, 0.000107807500171, 0.000192219347809, 0.000144434743561, 9.10616654437e-05, 0.000228126780712, 0.000162436481332, 4.84045522171e-05, 4.43216595158e-05, 0.000106772633444, 0.000174622502527, 0.000203665447771, 2.2770898795e-05, 1.05772323877e-05, 3.47100467479e-05, 9.89539330476e-05, 3.35043550876e-05, 2.55053364526e-05, 2.42534079007e-05, 1.78417758434e-05, 3.89365559386e-05, 3.26939189108e-05, 1.47674418258e-05, 1.34559877552e-05, 1.57935373863e-05, 1.70574785443e-05, 2.73551395367e-05, 5.785257963e-05, 4.89708036184e-05, 1.99326568691e-05, 5.66228618482e-06, 2.50780503848e-05, 2.08557339647e-05, 3.11405492539e-05, 3.52487695636e-05, 4.43900207756e-05, 3.71316195924e-06, 7.87979752204e-06, 7.86492546467e-06, 2.15522391045e-06, 5.67758752368e-06, 4.27323493568e-06, 5.89528644923e-06, 6.04513434155e-06, 6.25477150606e-06, 1.09661805254e-05, 3.43027249983e-06, 6.71325142321e-06, 2.62237654169e-06, 1.07188661786e-05, 1.86580109585e-06, 1.44525984069e-06, 3.79037078346e-06, 1.78713287369e-06, 2.42137093664e-06, 7.77096317961e-07, 9.97144866233e-07, 5.34042555955e-07, 5.43667965758e-07, 3.63161404948e-07, 5.1235031151e-07, 1.00207138587e-07, 2.56456331726e-07, 1.18247896808e-07, 1.36149139962e-07, 9.37037683002e-08, 7.77497959348e-08, 1.02936681401e-07, 1.30705856805e-07, 6.40771773419e-08, 7.14794907708e-08, 3.80462523708e-08, 5.50040617497e-08, 3.62480108151e-08, 2.92563342441e-08, 2.70747779751e-08, 2.49922891271e-08, 1.79763333108e-08, 1.71757843503e-08, 1.1182957671e-08, 1.1432153002e-08, 9.81015713108e-09, 8.22645773724e-09, 5.86768367228e-09, 5.99312821592e-09, 5.05411623664e-09, 4.35074642979e-09, 4.11576461801e-09, 4.8067358982e-09, 4.36905223111e-09, 3.64499852523e-09, 3.114503766e-09, 2.05123718011e-09, 1.51477597132e-09, 3.68794050853e-10, 1.26954446955e-10, 1.22143184456e-10, 1.19968354695e-10, 1.17012927126e-10, 1.14794444783e-10, 1.12738027247e-10, 1.11046706552e-10, 1.09801709391e-10, 1.08516154396e-10, 1.07565178986e-10, 1.067998745e-10],
        "min": [2.10367232414e-26, 1.57812141779e-25, 2.62921423253e-25, 1.45498343524e-25, 1.26855538877e-25, 5.47896833619e-25, 3.66680791155e-25, 7.19505980067e-26, 1.91299188598e-25, 2.16251647891e-25, 7.11341701106e-26, 2.41773590802e-25, 2.65655417936e-25, 4.48627267559e-25, 3.21727897598e-25, 8.69221487709e-26, 2.96346371928e-25, 3.14807146921e-25, 1.49967881501e-25, 3.11501795076e-25, 6.19238850089e-25, 5.20272354528e-25, 5.81275609279e-25, 4.6519102929e-25, 4.56979726824e-25, 1.76445726614e-25, 1.9936290012e-25, 7.15344985311e-25, 8.93839457652e-25, 1.08331605708e-24, 1.07912809315e-24, 8.68216762412e-25, 6.83344744083e-25, 3.18259769236e-25, 1.29170234267e-24, 7.34805690805e-25, 5.10893981657e-25, 8.90012101755e-25, 8.98181052251e-25, 8.55670915791e-25, 9.19971461213e-25, 6.26684464439e-25, 1.36629959366e-24, 9.06007144077e-25, 1.54106650101e-24, 7.23009902993e-25, 8.23607319171e-25, 1.9125323252e-24, 1.28893975178e-24, 1.34064070943e-24, 1.42746993901e-24, 1.60869909629e-24, 1.20998118466e-24, 5.75815705738e-25, 5.01712971923e-25, 1.5760932071e-24, 1.92137762532e-24, 9.88852527482e-25, 1.27886412447e-24, 1.91194028509e-24, 1.43411500746e-24, 1.91247651329e-24, 1.87217439851e-24, 1.40527612631e-24, 1.89943171215e-24, 2.02621940899e-24, 1.09322276955e-24, 2.08599120256e-24, 2.49756439151e-24, 2.45783913126e-24, 2.08043939673e-24, 1.96638845085e-24, 2.01458785216e-24, 2.81988388548e-24, 1.35787150236e-24, 2.6343558307e-24, 1.8619549027e-24, 2.71863536323e-24, 2.49120893362e-24, 2.34800228033e-24, 3.36063383651e-24, 3.10691408129e-24, 3.08273825555e-24, 3.07135735927e-24, 2.85110009757e-24, 1.3509917478e-24, 2.67716218443e-24, 3.04001926817e-24, 3.10318691072e-24, 3.60618335934e-24, 2.68373438185e-24, 2.25402784449e-24, 3.41379122861e-24, 3.06057205298e-24, 3.53100688722e-24, 3.10207185583e-24, 3.60972258379e-24, 4.2340247376e-24, 3.08455441057e-24, 3.3982845898e-24, 3.23963953416e-24, 4.12747526728e-24, 3.58855113482e-24, 4.15546208005e-24, 4.59914427442e-24, 3.52828571153e-24, 4.01408637292e-24, 3.82829109151e-24, 3.07769447614e-24, 4.6465169495e-24, 5.0292332121e-24, 3.50667526146e-24, 4.46384950157e-24, 4.68528788527e-24, 4.56561847481e-24, 4.88611727781e-24, 4.96405318537e-24, 3.94432069775e-24, 4.80898561394e-24, 5.33880865814e-24, 4.34096074976e-24, 5.15598225475e-24, 5.36341677965e-24, 5.8913260473e-24, 5.19817803014e-24, 5.03288682138e-24, 5.07099511399e-24, 5.3110565315e-24],
        "stdev": [1.21731836771e-05, 0.000133533758344, 0.000477813446196, 0.000531578203663, 0.000421977601945, 0.000469290127512, 0.000340785481967, 0.000543684116565, 0.000549411168322, 0.000260546308709, 0.000769015110563, 0.00111352396198, 0.000300330633763, 0.000759042508435, 0.000811160367448, 0.000446063524578, 0.000664197723381, 0.000366870313883, 0.000259081862168, 0.000513988430612, 0.000607357011177, 0.000109755987069, 0.000147408529301, 0.000312590273097, 0.000607393856626, 0.000645108171739, 0.000301874009892, 0.000718655996025, 0.000890117720701, 0.000196230554138, 0.00033562479075, 0.000508826109581, 0.000542426423635, 0.00085677759489, 7.558301877e-05, 3.37816236424e-05, 0.000195635278942, 0.000725852325559, 9.91172491922e-05, 7.80277332524e-05, 8.91497329576e-05, 0.000171926454641, 0.000251017452683, 0.0001332557149, 4.41044649051e-05, 3.89944907511e-05, 3.97714575229e-05, 4.88434634462e-05, 0.000117244024295, 0.000288911222015, 0.000207107019378, 6.23672822258e-05, 1.83096726687e-05, 8.99919250514e-05, 5.39807006135e-05, 0.000151617234224, 0.000142374017742, 0.000157723712618, 1.04552345874e-05, 2.00026806851e-05, 2.12410213862e-05, 6.65305651637e-06, 2.01513994398e-05, 1.53547953232e-05, 1.80738279596e-05, 2.05238011404e-05, 1.89410911844e-05, 3.87038126064e-05, 1.87267887668e-05, 2.55843406194e-05, 8.33881040307e-06, 4.03917656513e-05, 5.87870181334e-06, 3.78512481802e-06, 1.7909816961e-05, 7.46007981434e-06, 1.07759333332e-05, 2.77884737443e-06, 4.44632451035e-06, 2.02298792829e-06, 2.20031824938e-06, 1.44580963024e-06, 2.18460945689e-06, 2.48344633746e-07, 8.82267102043e-07, 3.65190601315e-07, 4.23184445708e-07, 2.82692127485e-07, 2.18841350375e-07, 3.30497641698e-07, 6.38445612822e-07, 2.36617950122e-07, 2.34522971709e-07, 1.19781248031e-07, 1.72287315081e-07, 1.17900661678e-07, 9.8100073842e-08, 7.65805907577e-08, 6.4760691032e-08, 4.55602204852e-08, 4.08504448046e-08, 3.45016424319e-08, 4.9250974854e-08, 5.34711297462e-08, 3.09757091088e-08, 1.70601452965e-08, 1.57438062587e-08, 1.33067157293e-08, 1.30586732539e-08, 1.05823847463e-08, 1.32624968785e-08, 1.25114114624e-08, 1.03274269136e-08, 1.18141594285e-08, 5.8921134638e-09, 5.70694602686e-09, 3.08117864556e-09, 2.88667423298e-09, 2.79496847888e-09, 2.74285172353e-09, 2.67376298879e-09, 2.62104160598e-09, 2.57496535205e-09, 2.53696841312e-09, 2.50789478073e-09, 2.47673459519e-09, 2.45503906093e-09, 2.43743403239e-09]
    },
    "mfcc": {
        "mean": [-978.61932373, 71.4783630371, -23.9005222321, 9.75008487701, -6.44212770462, -6.25166845322, -3.87262749672, -1.27992534637, -0.728172898293, -2.6664390564, -8.40736675262, -1.60551977158, -2.42507505417],
        "cov": [[85965.5703125, 20145, -7078.19140625, 2925.38623047, -2021.87182617, -1682.96374512, -1064.14868164, -381.260437012, -166.820449829, -676.281555176, -2471.00512695, -418.090362549, -653.845703125], [20145, 5493.42919922, -1492.55529785, 884.20513916, -368.514434814, -475.506164551, -211.57484436, -58.938205719, -12.0619697571, -149.171066284, -610.715698242, -112.721153259, -169.554031372], [-7078.19140625, -1492.55529785, 762.77142334, -95.3076171875, 235.442977905, 117.60710907, 116.75403595, 45.4076957703, 35.7942581177, 84.4137039185, 198.844955444, 39.9555740356, 39.519329071], [2925.38623047, 884.20513916, -95.3076171875, 316.069030762, -0.298234164715, -94.4472427368, -0.93594956398, 2.51999545097, 20.1554145813, 5.60726165771, -111.260940552, -20.309381485, -42.0162391663], [-2021.87182617, -368.514434814, 235.442977905, -0.298234164715, 192.733657837, 90.8911361694, 83.366394043, 46.0682411194, 48.7293739319, 55.4368553162, 70.4971618652, 11.6212844849, 26.1965656281], [-1682.96374512, -475.506164551, 117.60710907, -94.4472427368, 90.8911361694, 140.065475464, 69.1895370483, 17.6720561981, 33.9356155396, 36.5213279724, 56.0555152893, 7.00001764297, 47.8273048401], [-1064.14868164, -211.57484436, 116.75403595, -0.93594956398, 83.366394043, 69.1895370483, 100.054161072, 42.2811508179, 40.1007652283, 36.626121521, 31.8165950775, 10.7013273239, 38.7582206726], [-381.260437012, -58.938205719, 45.4076957703, 2.51999545097, 46.0682411194, 17.6720561981, 42.2811508179, 55.893119812, 27.4689445496, 18.2857494354, 19.4334335327, 8.6616601944, 11.1408100128], [-166.820449829, -12.0619697571, 35.7942581177, 20.1554145813, 48.7293739319, 33.9356155396, 40.1007652283, 27.4689445496, 47.3106002808, 29.9525737762, 6.62158870697, 1.23799991608, 17.1653690338], [-676.281555176, -149.171066284, 84.4137039185, 5.60726165771, 55.4368553162, 36.5213279724, 36.626121521, 18.2857494354, 29.9525737762, 50.0578842163, 32.5817108154, 7.01952505112, 14.0218296051], [-2471.00512695, -610.715698242, 198.844955444, -111.260940552, 70.4971618652, 56.0555152893, 31.8165950775, 19.4334335327, 6.62158870697, 32.5817108154, 111.409255981, 27.5767402649, 12.0076007843], [-418.090362549, -112.721153259, 39.9555740356, -20.309381485, 11.6212844849, 7.00001764297, 10.7013273239, 8.6616601944, 1.23799991608, 7.01952505112, 27.5767402649, 29.0195446014, 8.37232398987], [-653.845703125, -169.554031372, 39.519329071, -42.0162391663, 26.1965656281, 47.8273048401, 38.7582206726, 11.1408100128, 17.1653690338, 14.0218296051, 12.0076007843, 8.37232398987, 51.4448394775]],
        "icov": [[0.000303064705804, -0.000542561814655, 0.00149680243339, -0.000764761003666, 0.000387548818253, -0.000704647623934, 0.000372338952729, -9.20607417356e-05, 7.37960435799e-05, -0.000660285411868, 0.000738015573006, -0.00116732588504, 0.000659453915432], [-0.000542561814655, 0.00217194552533, -0.000769952312112, -0.000392899179133, -0.00187778356485, 0.00287730572745, -0.000894336844794, 0.000393267517211, -0.000820049142931, 0.00144109444227, 0.000141053256812, 0.00151480198838, -0.000995569163933], [0.00149680243339, -0.000769952312112, 0.0140490261838, -0.00802236702293, -0.0022928386461, 0.000429244129919, -0.000146585400216, 0.00177918619011, 0.000139279596624, -0.00192631455138, -0.00163268879987, -0.00438334140927, 0.00120846542995], [-0.000764761003666, -0.000392899179133, -0.00802236702293, 0.0177441667765, -0.0041436785832, 0.00705600017682, -0.0067970585078, 0.00290102371946, -0.00125323515385, -0.0081928325817, 0.0156451240182, -0.00295819807798, 0.00916376709938], [0.000387548818253, -0.00187778356485, -0.0022928386461, -0.0041436785832, 0.0176451988518, -0.0103475572541, 0.000583559274673, -0.00554001750425, -0.0024855597876, -0.000833037192933, -0.00717122014612, 0.00228681368753, 0.00086666009156], [-0.000704647623934, 0.00287730572745, 0.000429244129919, 0.00705600017682, -0.0103475572541, 0.0278743095696, -0.0117325438187, 0.0105015430599, -0.00758309662342, -0.00148763053585, 0.000555604463443, 0.00595146324486, -0.0062822191976], [0.000372338952729, -0.000894336844794, -0.000146585400216, -0.0067970585078, 0.000583559274673, -0.0117325438187, 0.0332316532731, -0.0150444256142, -0.00165196415037, -0.00116314704064, -0.00226680608466, -0.00152493477799, -0.0131766730919], [-9.20607417356e-05, 0.000393267517211, 0.00177918619011, 0.00290102371946, -0.00554001750425, 0.0105015430599, -0.0150444256142, 0.036664891988, -0.0168505609035, 0.00490027666092, -0.00394007377326, -0.00362520408817, 0.00337739265524], [7.37960435799e-05, -0.000820049142931, 0.000139279596624, -0.00125323515385, -0.0024855597876, -0.00758309662342, -0.00165196415037, -0.0168505609035, 0.0562728829682, -0.0239009559155, 0.00797101389617, 0.00228430540301, -0.00418022321537], [-0.000660285411868, 0.00144109444227, -0.00192631455138, -0.0081928325817, -0.000833037192933, -0.00148763053585, -0.00116314704064, 0.00490027666092, -0.0239009559155, 0.0531186386943, -0.0258613042533, 0.00800527073443, -0.00900126155466], [0.000738015573006, 0.000141053256812, -0.00163268879987, 0.0156451240182, -0.00717122014612, 0.000555604463443, -0.00226680608466, -0.00394007377326, 0.00797101389617, -0.0258613042533, 0.0624674931169, -0.0313838943839, 0.0244892705232], [-0.00116732588504, 0.00151480198838, -0.00438334140927, -0.00295819807798, 0.00228681368753, 0.00595146324486, -0.00152493477799, -0.00362520408817, 0.00228430540301, 0.00800527073443, -0.0313838943839, 0.0600695088506, -0.0190508719534], [0.000659453915432, -0.000995569163933, 0.00120846542995, 0.00916376709938, 0.00086666009156, -0.0062822191976, -0.0131766730919, 0.00337739265524, -0.00418022321537, -0.00900126155466, 0.0244892705232, -0.0190508719534, 0.0469220094383]]
    },
    "spectral_contrast_coeffs": {
        "max": [-0.33090993762, -0.615447044373, -0.494155794382, -0.599214673042, -0.540865302086, -0.587527275085],
        "mean": [-0.811319351196, -0.860474050045, -0.838272571564, -0.865667104721, -0.846213579178, -0.853765785694],
        "min": [-0.989273905754, -0.984853625298, -0.979280650616, -0.973200917244, -0.966966688633, -0.965315043926],
        "stdev": [0.163650363684, 0.111434966326, 0.135598570108, 0.103439345956, 0.122536845505, 0.11180447042]
    },
    "spectral_contrast_valleys": {
        "max": [-5.48677778244, -4.56936264038, -4.9973154068, -5.68028306961, -6.37068653107, -8.82862091064],
        "mean": [-17.480430603, -16.9301052094, -17.364118576, -17.4497642517, -17.6460189819, -19.3938465118],
        "min": [-28.1846065521, -28.3611106873, -27.9473075867, -27.7403202057, -27.5086021423, -27.472070694],
        "stdev": [9.66425704956, 10.1339073181, 9.80386638641, 9.68270111084, 9.50120925903, 7.77344322205]
    }
},
"rhythm": {
    "beats_count": 28,
    "beats_loudness": {
        "max": 0.12061393261,
        "mean": 0.0227656923234,
        "min": 0,
        "stdev": 0.0305607952178
    },
    "bpm": 141.060501099,
    "bpm_histogram_first_peak_bpm": 140,
    "bpm_histogram_first_peak_weight": 0.357142806053,
    "bpm_histogram_second_peak_bpm": 133,
    "bpm_histogram_second_peak_spread": 0,
    "bpm_histogram_second_peak_weight": 0.185185179114,
    "danceability": 0.877716064453,
    "onset_rate": 2.11609268188,
    "beats_loudness_band_ratio": {
        "max": [0.103360325098, 0.412397623062, 0.537282824516, 0.495201021433, 0.412873953581, 0.119713783264],
        "mean": [0.0108640268445, 0.110920280218, 0.152968540788, 0.169687852263, 0.10980450362, 0.0340945832431],
        "min": [0, 0, 0, 0, 0, 0],
        "stdev": [0.0200239066035, 0.132613182068, 0.156224608421, 0.176978588104, 0.113289177418, 0.035253457725]
    },
    "beats_position": [0.522448956966, 1.05650794506, 1.59056687355, 2.12462592125, 2.65868473053, 3.13469386101, 3.61070299149, 4.08671188354, 4.53950119019, 4.99229001999, 5.44507932663, 5.89786815643, 6.35065746307, 6.76861667633, 7.19818592072, 7.61614513397, 8.04571437836, 8.47528362274, 8.90485286713, 9.32281208038, 9.74077033997, 10.1703395844, 10.5999088287, 11.0294780731, 11.4590473175, 11.8886165619, 12.3065757751, 12.7013149261],
