{
"metadata": {
    "version": {
        "essentia": "2.1-beta5",
        "essentia_git_sha": "Undefined",
        "extractor": "music 2.0"
    },
    "audio_properties": {
        "analysis": {
            "equal_loudness": 0,
            "length": 35.9909286499,
            "sample_rate": 44100,
            "start_time": 12.7477550507,
            "downmix": "mix"
        },
        "bit_rate": 192000,
        "length": 194.687728882,
        "lossless": 0,
        "number_channels": 2,
        "replay_gain": -9.7235622406,
        "sample_rate": 48000,
        "codec": "mp3",
        "md5_encoded": "155874ffa2daf67aabd2100c85bd04be"
    },
    "tags": {
        "file_name": "Israel_There Must Be Another Way_Noa _ Mira Awad.mp3",
        "encoding": ["Lavf58.29.100"]
    }
},
"lowlevel": {
    "average_loudness": 0.944359540939,
    "barkbands_crest": {
        "max": 25.9352798462,
        "mean": 10.1881418228,
        "min": 2.96156263351,
        "stdev": 3.82447457314
    },
    "barkbands_flatness_db": {
        "max": 0.333858013153,
        "mean": 0.138214156032,
        "min": 0.030291698873,
        "stdev": 0.0412771254778
    },
    "barkbands_kurtosis": {
        "max": 240.357528687,
        "mean": 4.90489721298,
        "min": -1.85294771194,
        "stdev": 8.53600692749
    },
    "barkbands_skewness": {
        "max": 11.9312839508,
        "mean": 1.48897588253,
        "min": -1.39321923256,
        "stdev": 1.15924310684
    },
    "barkbands_spread": {
        "max": 86.4493713379,
        "mean": 16.5255966187,
        "min": 0.79797744751,
        "stdev": 11.6352729797
    },
    "dissonance": {
        "max": 0.500000059605,
        "mean": 0.449016988277,
        "min": 0.291313916445,
        "stdev": 0.0343901589513
    },
    "dynamic_complexity": 2.58625483513,
    "erbbands_crest": {
        "max": 29.4040927887,
        "mean": 10.296585083,
        "min": 2.90896129608,
        "stdev": 4.11222600937
    },
    "erbbands_flatness_db": {
        "max": 0.310615152121,
        "mean": 0.16583172977,
        "min": 0.0498460382223,
        "stdev": 0.0411083437502
    },
    "erbbands_kurtosis": {
        "max": 50.8240699768,
        "mean": 1.73520994186,
        "min": -1.49411511421,
        "stdev": 2.6819729805
    },
    "erbbands_skewness": {
        "max": 6.68065643311,
        "mean": 0.82472127676,
        "min": -3.28043556213,
        "stdev": 0.672716319561
    },
    "erbbands_spread": {
        "max": 129.124984741,
        "mean": 29.1500091553,
        "min": 5.23767232895,
        "stdev": 14.8340625763
    },
    "hfc": {
        "max": 215.186141968,
        "mean": 23.6278762817,
        "min": 0.889207482338,
        "stdev": 20.8090724945
    },
    "loudness_ebu128": {
        "integrated": -13.5451660156,
        "loudness_range": 4.62993240356,
        "momentary": {
            "max": -10.2548713684,
            "mean": -14.0685052872,
            "min": -25.1813392639,
            "stdev": 2.21617913246
        },
        "short_term": {
            "max": -11.1514320374,
            "mean": -13.9359273911,
            "min": -16.7990818024,
            "stdev": 1.66610610485
        }
    },
    "melbands_crest": {
        "max": 30.1952190399,
        "mean": 13.0021705627,
        "min": 4.73391342163,
        "stdev": 4.52819681168
    },
    "melbands_flatness_db": {
        "max": 0.421941876411,
        "mean": 0.201779037714,
        "min": 0.0403779111803,
        "stdev": 0.055727891624
    },
    "melbands_kurtosis": {
        "max": 230.374633789,
        "mean": 9.94136714935,
        "min": -1.58269166946,
        "stdev": 13.6845750809
    },
    "melbands_skewness": {
        "max": 9.07932758331,
        "mean": 2.03273749352,
        "min": -0.823332071304,
        "stdev": 1.44036614895
    },
    "melbands_spread": {
        "max": 171.435562134,
        "mean": 19.8602218628,
        "min": 0.703811883926,
        "stdev": 16.77967453
    },
    "pitch_salience": {
        "max": 0.779718101025,
        "mean": 0.545074462891,
        "min": 0.172077417374,
        "stdev": 0.0884567573667
    },
    "silence_rate_20dB": {
        "max": 1,
        "mean": 1,
        "min": 1,
        "stdev": 0
    },
    "silence_rate_30dB": {
        "max": 1,
        "mean": 1,
        "min": 1,
        "stdev": 0
    },
    "silence_rate_60dB": {
        "max": 1,
        "mean": 0.0128949061036,
        "min": 0,
        "stdev": 0.112819775939
    },
    "spectral_centroid": {
        "max": 4184.22119141,
        "mean": 1055.39526367,
        "min": 251.510955811,
        "stdev": 560.76171875
    },
    "spectral_complexity": {
        "max": 50,
        "mean": 17.8175373077,
        "min": 2,
        "stdev": 7.51698875427
    },
    "spectral_decrease": {
        "max": -1.80997980492e-10,
        "mean": -7.38731875671e-09,
        "min": -2.49958205245e-08,
        "stdev": 4.27359880817e-09
    },
    "spectral_energy": {
        "max": 0.102999575436,
        "mean": 0.0300245713443,
        "min": 0.00077323167352,
        "stdev": 0.0174205992371
    },
    "spectral_energyband_high": {
        "max": 0.0268578492105,
        "mean": 0.000751838379074,
        "min": 5.08935772814e-06,
        "stdev": 0.0019505196251
    },
    "spectral_energyband_low": {
        "max": 0.0443875826895,
        "mean": 0.00590451108292,
        "min": 3.2371151093e-08,
        "stdev": 0.00654766848311
    },
    "spectral_energyband_middle_high": {
        "max": 0.0742963701487,
        "mean": 0.00949463620782,
        "min": 5.03215560457e-05,
        "stdev": 0.011453717947
    },
    "spectral_energyband_middle_low": {
        "max": 0.0814416781068,
        "mean": 0.0154630066827,
        "min": 0.000138234332553,
        "stdev": 0.0101663023233
    },
    "spectral_entropy": {
        "max": 8.62255382538,
        "mean": 7.4725561142,
        "min": 5.70362615585,
        "stdev": 0.370889008045
    },
    "spectral_flux": {
        "max": 0.251476228237,
        "mean": 0.0889804139733,
        "min": 0.0135026331991,
        "stdev": 0.0397869832814
    },
    "spectral_kurtosis": {
        "max": 18.7489147186,
        "mean": 5.0501499176,
        "min": -0.807621479034,
        "stdev": 2.59607410431
    },
    "spectral_rms": {
        "max": 0.010024339892,
        "mean": 0.00516919093207,
        "min": 0.000868546136189,
        "stdev": 0.00160366762429
    },
    "spectral_rolloff": {
        "max": 10012.9394531,
        "mean": 1167.19372559,
        "min": 107.666015625,
        "stdev": 1145.60461426
    },
    "spectral_skewness": {
        "max": 3.80095410347,
        "mean": 1.81319057941,
        "min": 0.224110201001,
        "stdev": 0.461374461651
    },
    "spectral_spread": {
        "max": 14270129,
        "mean": 4754907.5,
        "min": 2687938.25,
        "stdev": 1313295.5
    },
    "spectral_strongpeak": {
        "max": 8.1742477417,
        "mean": 1.50754737854,
        "min": 0.0552462972701,
        "stdev": 1.49318349361
    },
    "zerocrossingrate": {
        "max": 0.275390625,
        "mean": 0.0526040419936,
        "min": 0.00634765625,
        "stdev": 0.0306045599282
    },
    "barkbands": {
        "max": [0.00205518817529, 0.037897374481, 0.0149633735418, 0.0200045723468, 0.0396077632904, 0.0387606732547, 0.0369635000825, 0.0389190837741, 0.0580500289798, 0.0620520859957, 0.0332071147859, 0.0314508266747, 0.0143764959648, 0.0164411272854, 0.0104734431952, 0.00593283260241, 0.00575037673116, 0.00369173591025, 0.0025061450433, 0.00578278815374, 0.0068924818188, 0.00646956637502, 0.00541039416566, 0.00615986669436, 0.00550954369828, 0.000892967276741, 6.96443821653e-05],
        "mean": [0.000173104883288, 0.00330503447913, 0.00181038025767, 0.0014444590779, 0.00479269260541, 0.00152504909784, 0.00129487912636, 0.00170552998316, 0.00295880134217, 0.00390909798443, 0.00209798663855, 0.00140124594327, 0.000606800022069, 0.000610164774116, 0.000625761866104, 0.000297622027574, 0.000209408608498, 0.000205245116376, 0.00019497825997, 0.000227058917517, 0.000160769282957, 0.000126780068967, 0.000121535187645, 0.000105635030195, 8.64054236445e-05, 2.56101102423e-05, 2.53209395851e-06],
        "min": [9.05338137791e-10, 6.42831210484e-09, 3.0622036018e-09, 9.25364229687e-09, 2.33969171859e-06, 1.03488255263e-05, 2.67295126832e-06, 2.77267895399e-06, 2.18626009882e-05, 5.3942840168e-06, 1.92377387975e-06, 4.53418579127e-06, 6.27844485734e-07, 2.10545044865e-06, 2.17328647523e-06, 1.62089372679e-06, 2.51261371886e-06, 2.83031613435e-06, 1.68084261531e-06, 1.14088936698e-06, 8.45531531013e-07, 3.71903013274e-07, 5.63595676795e-07, 5.19134914612e-07, 1.09663318426e-07, 3.26080638047e-08, 5.09793492143e-11],
        "stdev": [0.000376128067728, 0.00515045644715, 0.00193745351862, 0.00218042032793, 0.00541322398931, 0.00256552989595, 0.00268994434737, 0.00377137167379, 0.00498430104926, 0.00667634513229, 0.00406504794955, 0.00301502412185, 0.00127864873502, 0.00132505327929, 0.00112397526391, 0.000587292539421, 0.000421765289502, 0.000297410122585, 0.000275311962469, 0.000406921782997, 0.000464385666419, 0.000494799285661, 0.00038572595804, 0.000302805710817, 0.000319781334838, 5.58912324777e-05, 6.21125673206e-06]
    },
    "erbbands": {
        "max": [1.51698255539, 9.30965423584, 15.8661804199, 31.2968425751, 91.1622009277, 227.43939209, 373.403991699, 223.421585083, 199.653762817, 654.246704102, 731.806945801, 1689.67773438, 2266.18188477, 1160.15063477, 1634.58361816, 1148.41357422, 489.949523926, 976.284545898, 556.127441406, 682.512939453, 191.107208252, 234.523468018, 172.641815186, 217.789367676, 128.414779663, 255.485748291, 231.720275879, 363.085601807, 224.974914551, 211.555892944, 165.081756592, 131.212203979, 105.305397034, 83.9014129639, 24.26420784, 6.37487649918, 1.37086653709, 0.202262580395, 0.0147156631574, 0.000581444357522],
        "mean": [0.112547114491, 0.671315014362, 1.95649397373, 3.62774205208, 9.57333469391, 17.3414821625, 15.6934661865, 13.3717918396, 13.9062261581, 29.1442165375, 39.9771881104, 72.5814743042, 132.385543823, 83.9665603638, 74.3663330078, 60.3809089661, 31.7945194244, 28.9868755341, 29.3067836761, 30.9219684601, 14.3918771744, 11.3075647354, 10.6288108826, 12.2512340546, 8.98258018494, 10.9561519623, 7.32608509064, 5.91212272644, 4.66458559036, 4.1190738678, 3.38740611076, 2.34763002396, 1.68377840519, 1.20402741432, 0.465987682343, 0.142670214176, 0.0429732017219, 0.00591732794419, 0.000561382446904, 5.26931180502e-05],
        "min": [2.10987678884e-07, 4.31965600001e-06, 1.89719812624e-05, 0.000126533326693, 0.00144935585558, 0.00803232751787, 0.0572905465961, 0.101456142962, 0.121001072228, 0.0831395834684, 0.254198491573, 0.463771522045, 0.606059134007, 0.079260699451, 0.265752494335, 0.185032099485, 0.112174451351, 0.0997032672167, 0.103072762489, 0.179878816009, 0.159948527813, 0.143166542053, 0.148467838764, 0.0974006280303, 0.0971305370331, 0.0575601235032, 0.0477845855057, 0.0232674069703, 0.0166357513517, 0.0238422546536, 0.0185613296926, 0.0132368421182, 0.00729681830853, 0.00216473289765, 0.000588641909417, 0.000174524640897, 6.27383415122e-05, 1.27508237711e-05, 9.2979485089e-07, 1.03042168575e-06],
        "stdev": [0.221723109484, 0.967921078205, 2.00526809692, 3.90421628952, 13.2118835449, 23.618642807, 27.588809967, 18.3409099579, 22.3606739044, 54.7915077209, 85.5866317749, 125.549636841, 211.145355225, 157.059204102, 134.628997803, 131.400985718, 60.3354644775, 61.2164649963, 45.0939559937, 62.0856399536, 23.1691017151, 19.698223114, 14.9505643845, 17.8903617859, 13.0963163376, 19.8493270874, 17.0851306915, 19.9572601318, 17.4054718018, 15.2968626022, 10.8183393478, 7.06366109848, 4.8870677948, 4.53396177292, 1.62525177002, 0.355107873678, 0.0903776213527, 0.0134443966672, 0.00128866871819, 4.9317633966e-05]
    },
    "gfcc": {
        "mean": [13.6836805344, 88.7134399414, -114.755279541, 12.5708675385, -65.8456954956, 16.7242546082, -36.6408882141, 8.0981054306, -32.1560096741, -3.8515496254, -20.7162017822, -3.08638381958, -6.56928443909],
        "cov": [[2248.92480469, -359.185852051, -202.955215454, 146.14491272, 79.3617324829, 269.577667236, 311.016815186, 170.542434692, 64.2321777344, 86.8871154785, 100.836921692, -32.7557029724, -44.2662239075], [-359.185852051, 982.457397461, 436.407531738, 131.250686646, 328.204925537, 96.6668243408, 136.770721436, -12.9350719452, 29.7896175385, 69.2174377441, 54.1304779053, -59.3351821899, -30.1007728577], [-202.955215454, 436.407531738, 985.888366699, 381.869567871, 291.599334717, 163.750839233, 13.0409631729, 15.618596077, 24.0593929291, 126.449806213, 6.16324472427, 29.4311714172, -73.7396697998], [146.14491272, 131.250686646, 381.869567871, 483.393066406, 159.405166626, 131.602935791, 62.3737182617, 41.8314819336, 68.6437301636, 47.2174491882, 6.31175851822, 19.7941589355, 4.41573190689], [79.3617324829, 328.204925537, 291.599334717, 159.405166626, 323.780456543, 166.256988525, 123.412467957, 22.0593795776, 0.152242928743, 70.0934143066, -1.42923629284, -5.89894151688, -1.4413267374], [269.577667236, 96.6668243408, 163.750839233, 131.602935791, 166.256988525, 255.01071167, 166.47038269, 32.4865188599, -21.9655017853, 60.8138122559, 55.7420654297, -4.17987012863, 0.0796878933907], [311.016815186, 136.770721436, 13.0409631729, 62.3737182617, 123.412467957, 166.47038269, 271.936279297, 54.5028686523, -7.01401090622, 48.1931190491, 72.5154495239, -8.67742538452, -5.91372871399], [170.542434692, -12.9350719452, 15.618596077, 41.8314819336, 22.0593795776, 32.4865188599, 54.5028686523, 150.835845947, 88.8625717163, 10.1711273193, 35.1242752075, 13.0676250458, 2.99380612373], [64.2321777344, 29.7896175385, 24.0593929291, 68.6437301636, 0.152242928743, -21.9655017853, -7.01401090622, 88.8625717163, 144.494277954, 12.7167959213, 8.45272636414, 11.0269212723, 13.2333860397], [86.8871154785, 69.2174377441, 126.449806213, 47.2174491882, 70.0934143066, 60.8138122559, 48.1931190491, 10.1711273193, 12.7167959213, 91.7939834595, 43.4516639709, 9.98743724823, -13.6974172592], [100.836921692, 54.1304779053, 6.16324472427, 6.31175851822, -1.42923629284, 55.7420654297, 72.5154495239, 35.1242752075, 8.45272636414, 43.4516639709, 122.208358765, 23.588973999, -4.57616710663], [-32.7557029724, -59.3351821899, 29.4311714172, 19.7941589355, -5.89894151688, -4.17987012863, -8.67742538452, 13.0676250458, 11.0269212723, 9.98743724823, 23.588973999, 81.3512115479, 29.7899169922], [-44.2662239075, -30.1007728577, -73.7396697998, 4.41573190689, -1.4413267374, 0.0796878933907, -5.91372871399, 2.99380612373, 13.2333860397, -13.6974172592, -4.57616710663, 29.7899169922, 85.6085586548]],
        "icov": [[0.000765195814893, 0.000513613282237, 0.000282146502286, -0.000228497709031, -0.000373711809516, -0.000331520859618, -0.000520005298313, -0.000229087527259, -0.000365516491001, -0.000373153452529, -0.000261267734459, 0.000525942014065, 0.000596993137151], [0.000513613282237, 0.00319585693069, -0.00116010324564, 0.000567914510611, -0.0035123040434, 0.00200761971064, -0.00164346455131, 0.00200882460922, -0.00213594385423, 0.0019256065134, -0.00360851967707, 0.00351108540781, -0.000660469289869], [0.000282146502286, -0.00116010324564, 0.00321459374391, -0.00177968875505, -0.000106747087557, -0.00166807556525, 0.00187401950825, -0.00125895382371, 0.00108875171281, -0.0027895628009, 0.00176298804581, -0.00262970081531, 0.00316662807018], [-0.000228497709031, 0.000567914510611, -0.00177968875505, 0.0040076142177, -0.000758573412895, -0.000725076475646, -0.000644941697828, 0.0014526800951, -0.00270288973115, 0.0017897838261, -0.000447087542852, 0.000309716560878, -0.00119307555724], [-0.000373711809516, -0.0035123040434, -0.000106747087557, -0.000758573412895, 0.0109094204381, -0.0046292799525, -0.000323196756653, -0.00269021908753, 0.00251272018068, -0.00482547003776, 0.00720429467037, -0.00303032551892, -0.000942185637541], [-0.000331520859618, 0.00200761971064, -0.00166807556525, -0.000725076475646, -0.0046292799525, 0.0119931381196, -0.00434352317825, 8.77594502526e-05, 0.00214476766996, 0.000300652114674, -0.00463532609865, 0.00410873489454, -0.00321811647154], [-0.000520005298313, -0.00164346455131, 0.00187401950825, -0.000644941697828, -0.000323196756653, -0.00434352317825, 0.00905617605895, -0.00277808844112, 0.00219441601075, -0.00140984694008, -0.000891177158337, -0.00110311631579, 0.00129350519273], [-0.000229087527259, 0.00200882460922, -0.00125895382371, 0.0014526800951, -0.00269021908753, 8.77594502526e-05, -0.00277808844112, 0.0149669926614, -0.0103987455368, 0.00516671780497, -0.0046133925207, 0.000439586496213, 0.000702378922142], [-0.000365516491001, -0.00213594385423, 0.00108875171281, -0.00270288973115, 0.00251272018068, 0.00214476766996, 0.00219441601075, -0.0103987455368, 0.0160125698894, -0.00534045090899, 0.00293427100405, -0.0008044182905, -0.00220017810352], [-0.000373153452529, 0.0019256065134, -0.0027895628009, 0.0017897838261, -0.00482547003776, 0.000300652114674, -0.00140984694008, 0.00516671780497, -0.00534045090899, 0.0212925449014, -0.00863242149353, 0.000702872464899, 0.00115570309572], [-0.000261267734459, -0.00360851967707, 0.00176298804581, -0.000447087542852, 0.00720429467037, -0.00463532609865, -0.000891177158337, -0.0046133925207, 0.00293427100405, -0.00863242149353, 0.0184488408267, -0.00784530583769, 0.00224452000111], [0.000525942014065, 0.00351108540781, -0.00262970081531, 0.000309716560878, -0.00303032551892, 0.00410873489454, -0.00110311631579, 0.000439586496213, -0.0008044182905, 0.000702872464899, -0.00784530583769, 0.0211395975202, -0.00845970679075], [0.000596993137151, -0.000660469289869, 0.00316662807018, -0.00119307555724, -0.000942185637541, -0.00321811647154, 0.00129350519273, 0.000702378922142, -0.00220017810352, 0.00115570309572, 0.00224452000111, -0.00845970679075, 0.0181873962283]]
    },
    "melbands": {
        "max": [0.011345423758, 0.00909809488803, 0.00682494277135, 0.00980411935598, 0.0102308858186, 0.00431979820132, 0.00472049042583, 0.00739325163886, 0.00602679885924, 0.0112397633493, 0.0110283764079, 0.00423321407288, 0.00463449489325, 0.00471452018246, 0.00179404090159, 0.00162137229927, 0.00197449303232, 0.00118921464309, 0.00096258969279, 0.00055860489374, 0.000340949569363, 0.000347076886101, 0.000238286535023, 0.000208395096706, 0.000203424628126, 0.000107615669549, 0.000175634660991, 0.000197672445211, 0.000167703808984, 0.000226905103773, 0.000266228395049, 0.000137574301334, 0.000158446375281, 0.000113398375106, 0.000114714137453, 9.58306191023e-05, 6.56160700601e-05, 7.51449479139e-05, 8.31641955301e-05, 6.53171591694e-05],
        "mean": [0.000934905605391, 0.000968789914623, 0.000802888302132, 0.000972288253251, 0.000645580410492, 0.000290416297503, 0.000233523678617, 0.000343673862517, 0.000323059648508, 0.000472572253784, 0.00066690321546, 0.00034743823926, 0.000248329422902, 0.000192777792108, 9.53028793447e-05, 5.95174315094e-05, 5.53690770175e-05, 4.63057731395e-05, 5.29223434569e-05, 2.84317447949e-05, 1.44849936987e-05, 1.21610300994e-05, 9.59062435868e-06, 9.78737898549e-06, 1.0082281733e-05, 6.55397934679e-06, 6.76149920764e-06, 7.44006001696e-06, 4.75536444355e-06, 3.85634075428e-06, 3.23819108417e-06, 2.67287418865e-06, 2.33896912505e-06, 2.29209604186e-06, 2.14591887016e-06, 1.516017619e-06, 1.3646304069e-06, 1.14987881261e-06, 1.17453896564e-06, 9.57491010922e-07],
        "min": [1.70012426359e-09, 2.69606870162e-09, 1.10919229357e-08, 2.14893276507e-07, 1.58980924425e-06, 1.76699563781e-06, 1.67834559761e-06, 6.29003807262e-07, 1.77736490059e-06, 2.05177752832e-06, 2.78458605862e-06, 2.32115610288e-07, 5.72566591472e-07, 6.73113220273e-07, 3.2306797948e-07, 1.33398941671e-07, 1.81151889933e-07, 1.78034397891e-07, 1.75584105477e-07, 1.20014405525e-07, 1.41686015809e-07, 1.25462051415e-07, 1.24895919384e-07, 1.10981567047e-07, 5.6107403168e-08, 5.04155792669e-08, 5.32314707868e-08, 3.52089841726e-08, 3.34100676014e-08, 2.01520098386e-08, 8.0523490098e-09, 8.75617711671e-09, 7.58821183666e-09, 7.99226640424e-09, 8.06262256958e-09, 9.63311030944e-09, 6.08629324717e-09, 4.44765957397e-09, 2.98189295478e-09, 1.36237843229e-09],
        "stdev": [0.00161506107543, 0.000971671310253, 0.000850079231896, 0.00117328006309, 0.000962534395512, 0.000411359855207, 0.000421871693106, 0.000636962533463, 0.000671729736496, 0.000829783850349, 0.00108199380338, 0.000660535646603, 0.000448027072707, 0.000392909685615, 0.000196983732167, 0.000133387948154, 0.000130414497107, 8.52283992572e-05, 0.000103337762994, 6.0401907831e-05, 2.63674573944e-05, 2.3011562007e-05, 1.79559901881e-05, 1.48335639096e-05, 1.5903458916e-05, 1.00422403193e-05, 1.21337816381e-05, 1.44053547046e-05, 1.10174587462e-05, 1.08847834781e-05, 1.25091019072e-05, 9.96836934064e-06, 9.78216849035e-06, 8.02241447673e-06, 6.89587341185e-06, 5.06130800204e-06, 3.91395042243e-06, 3.22296045852e-06, 4.17194223701e-06, 3.74252067559e-06]
    },
    "melbands128": {
        "max": [0.00203778012656, 0.0142369596288, 0.0167271923274, 0.0165714398026, 0.0104339458048, 0.00747630093247, 0.0064342059195, 0.0126046007499, 0.0118399746716, 0.0131430504844, 0.0173507556319, 0.0160208493471, 0.0167576447129, 0.015320581384, 0.00645491061732, 0.00852884911001, 0.00488985422999, 0.00432882923633, 0.0140980109572, 0.00854004640132, 0.0121334502473, 0.0114855868742, 0.0104141868651, 0.0100402310491, 0.0139092039317, 0.017042754218, 0.0191735420376, 0.015183404088, 0.0184401068836, 0.00910656712949, 0.00914213340729, 0.00807999260724, 0.00730209704489, 0.0126321539283, 0.00658055581152, 0.00725476210937, 0.00629750825465, 0.00222665513866, 0.00260250456631, 0.00246911658905, 0.00307895359583, 0.00303933466785, 0.00450720172375, 0.00431296369061, 0.00279672932811, 0.00158474233467, 0.000961868208833, 0.00178618484642, 0.00204111682251, 0.00181477377191, 0.000791179190855, 0.000611712923273, 0.000285437447019, 0.000631228846032, 0.000866394897457, 0.000469418126158, 0.000490585225634, 0.000677755335346, 0.000163697623066, 0.000178911606781, 0.000282927707303, 0.000232650447288, 0.00050557218492, 0.000212518090848, 0.000114639318781, 0.000218019311433, 0.000100611403468, 0.000205496267881, 0.00026279364829, 0.000191227867617, 0.000374215567717, 0.000320962717524, 0.000226611533435, 0.000175230423338, 0.000173028412974, 0.000330450246111, 0.000270133168669, 0.000217095759581, 0.00040127657121, 0.000222581220441, 0.000161361327628, 0.000135484413477, 0.000126847546198, 0.000264241971308, 0.000157162125106, 0.000143451208714, 0.000104414073576, 0.000133223991725, 0.000168061902514, 8.91802337719e-05, 0.000101517165604, 0.000140153628308, 0.000108390049718, 6.82370591676e-05, 6.1956619902e-05, 0.000101387908217, 7.9726720287e-05, 5.69282383367e-05, 8.30630815472e-05, 0.000121725344798, 8.26623436296e-05, 5.79469633522e-05, 5.96422578383e-05, 5.79750412726e-05, 3.38502359227e-05, 2.49067452387e-05, 2.26048887271e-05, 1.65558867593e-05, 8.03051898401e-06, 9.66465995589e-06, 5.57130579182e-06, 4.55937833976e-06, 4.21520780947e-06, 4.59801321995e-06, 3.03325487039e-06, 3.25569885717e-06, 1.26098620967e-06, 8.58475289078e-07, 1.09157258521e-06, 7.32337468889e-07, 4.03731291954e-07, 4.01532446404e-07, 3.22049402257e-07, 2.88576238461e-08, 2.84503940406e-08, 2.83067826956e-08, 2.81172383154e-08, 2.79835035144e-08],
        "mean": [0.000168622238562, 0.000956009724177, 0.00116324063856, 0.00108016782906, 0.00101435102988, 0.000864513509441, 0.000669433560688, 0.000781052513048, 0.00100610114168, 0.00094777654158, 0.000999873969704, 0.000948290689848, 0.000499964808114, 0.000339162506862, 0.000339972379152, 0.000234386403463, 0.00018312339671, 0.000193451181985, 0.000369349116227, 0.000293622346362, 0.000369689252693, 0.000384385348298, 0.000277205632301, 0.00030618646997, 0.000468449812615, 0.000550919503439, 0.000452675536508, 0.000860837113578, 0.000704049074557, 0.000266634539003, 0.000304866611259, 0.000308641640004, 0.000182234798558, 0.000314257718856, 0.000142997843795, 0.000208022727747, 0.000173984328285, 7.14924535714e-05, 6.07797846897e-05, 7.62567287893e-05, 6.25303655397e-05, 2.85383248411e-05, 5.21500041941e-05, 7.25856225472e-05, 6.07821093581e-05, 3.43035862898e-05, 3.37970195687e-05, 7.14974667062e-05, 4.97104338137e-05, 3.73006914742e-05, 2.68135609076e-05, 1.9567029085e-05, 1.23617528516e-05, 1.45358753798e-05, 1.3934855815e-05, 1.19268079288e-05, 1.03123566078e-05, 9.98480663839e-06, 9.18779824133e-06, 9.55333871389e-06, 8.68215465744e-06, 1.01842497315e-05, 1.36922135425e-05, 9.03551790543e-06, 6.48309560347e-06, 7.19231047697e-06, 5.9519743445e-06, 5.261942988e-06, 7.53606036596e-06, 7.91934598965e-06, 7.58838950787e-06, 7.79801121098e-06, 5.12063843416e-06, 4.2576270971e-06, 4.00078397433e-06, 4.00293993152e-06, 3.79065318157e-06, 3.48987759935e-06, 3.37208780365e-06, 2.63077276941e-06, 2.84794600702e-06, 2.66623351308e-06, 2.28998942475e-06, 2.41897782871e-06, 2.22237395064e-06, 2.1963362542e-06, 2.25486292038e-06, 2.63037691184e-06, 2.36781102103e-06, 1.63456843438e-06, 1.37012409596e-06, 1.56644341587e-06, 1.60163062901e-06, 1.35473158025e-06, 1.26056340832e-06, 1.11998042485e-06, 1.14798399409e-06, 1.15077568807e-06, 1.1451274986e-06, 1.22610322251e-06, 1.15075806661e-06, 8.91608124221e-07, 7.57810880714e-07, 6.89328771841e-07, 5.22717130025e-07, 3.85573656558e-07, 2.9666722412e-07, 2.53889908208e-07, 2.24703484264e-07, 2.22119979298e-07, 1.98233351512e-07, 1.61491058748e-07, 1.24532462564e-07, 1.0556163943e-07, 8.36891800304e-08, 5.50425340862e-08, 2.61087436115e-08, 1.82686736849e-08, 2.23154348333e-08, 1.76226695459e-08, 1.30480168892e-08, 9.77682290682e-09, 5.11449282925e-09, 1.77980519211e-10, 2.28092562199e-11, 2.26204124876e-11, 2.24360599543e-11, 2.2323342827e-11],
        "min": [6.80282774557e-11, 2.25609114723e-10, 9.90077797525e-10, 1.80558012985e-09, 5.05414599061e-10, 1.88899784703e-09, 8.90196805159e-10, 3.97364274818e-09, 1.12122569007e-08, 4.26571133971e-09, 1.64011396464e-07, 2.75750664969e-07, 9.01890814475e-07, 2.10583721127e-06, 1.70161314372e-07, 3.12704969474e-07, 1.09572063423e-07, 2.26387754765e-07, 5.06015922497e-08, 3.72550488237e-08, 1.49231084379e-07, 4.65835142904e-07, 3.64958054888e-07, 7.71704208091e-07, 3.66173338762e-07, 2.28489909659e-07, 3.25284901237e-07, 6.05110301422e-07, 6.30147212632e-07, 2.22691213025e-07, 1.33308418526e-07, 7.70476304979e-08, 1.01997741808e-07, 1.67585824329e-07, 7.74529524961e-08, 1.98055573719e-07, 1.02457875073e-07, 1.03305467292e-07, 5.01203523129e-08, 4.8263249397e-08, 3.45011841318e-08, 5.27420347396e-08, 7.09322378611e-08, 1.3765995277e-07, 8.64792895072e-08, 1.59642993935e-07, 1.35273140245e-07, 4.12389198345e-08, 8.311456412e-08, 1.03671084162e-07, 1.51002694793e-08, 7.72347164002e-08, 6.24984082265e-08, 9.51542915573e-08, 5.38168833941e-08, 8.84535111823e-08, 5.64217152998e-08, 6.58474235138e-08, 7.82395517263e-08, 5.41413065491e-08, 8.63858318212e-08, 3.57957006258e-08, 3.46749935431e-08, 1.82773174373e-08, 2.33940120609e-08, 2.55354937195e-08, 1.87349424863e-08, 2.76699498869e-08, 2.31400179018e-08, 3.40239019181e-08, 3.10809511461e-08, 2.41123689904e-08, 1.31628832278e-08, 8.00905564091e-09, 2.22645013537e-08, 1.31780142354e-08, 1.04612238871e-08, 9.57371604215e-09, 5.94185500802e-09, 5.47753042923e-09, 7.47516537558e-09, 6.11798522954e-09, 7.72434294305e-09, 4.73711336824e-09, 3.89960908009e-09, 4.69059857622e-09, 2.56748400318e-09, 2.62183608157e-09, 7.60866036842e-09, 6.20251361383e-09, 6.52574305704e-09, 5.62855850816e-09, 7.58674634227e-09, 2.64032995467e-09, 3.01065705699e-09, 2.42903519521e-09, 4.7967962935e-09, 4.57860460656e-09, 1.14335851897e-09, 1.06860631455e-09, 1.22770393851e-09, 1.17646670184e-09, 8.4409762513e-10, 8.16885170618e-10, 5.48844136805e-10, 4.12878925493e-10, 5.05330832734e-10, 2.77346340338e-10, 2.43820907908e-10, 2.07896116988e-10, 1.99055300021e-10, 2.67973754298e-10, 1.58654381299e-10, 1.47562170816e-10, 8.44146211265e-11, 3.23524887436e-11, 6.82668819477e-13, 2.30945877656e-13, 1.18327873541e-13, 1.11191194056e-13, 8.4902191614e-14, 7.23751570827e-14, 8.51269670531e-14, 6.15283784209e-14, 4.38763202203e-14, 1.58440375755e-14, 2.17454236922e-15, 9.95609871567e-17],
        "stdev": [0.00036990060471, 0.00207776366733, 0.00215750769712, 0.00157542247325, 0.0011594123207, 0.000946023443248, 0.000800942478236, 0.00130689179059, 0.00165443727747, 0.00165940879378, 0.00167151622009, 0.00160064711235, 0.0011798820924, 0.000876184552908, 0.000523475813679, 0.000480163580505, 0.000369408866391, 0.000410452485085, 0.00103226257488, 0.000689213571604, 0.000875805737451, 0.00116000021808, 0.000811345642433, 0.000859475461766, 0.00105202698614, 0.00134764611721, 0.00102080486249, 0.00165251304861, 0.00169498263858, 0.000773764040787, 0.000951701833401, 0.00087348773377, 0.000439780706074, 0.000848056515679, 0.000406980485423, 0.000624045322184, 0.000529637211002, 0.000199811256607, 0.000182244402822, 0.000193588814, 0.000205644348171, 0.00010105335241, 0.000197463319637, 0.000228703866014, 0.000164375363966, 9.08488073037e-05, 6.34521493339e-05, 0.000160441864864, 0.000153160683112, 0.000126479921164, 6.92347239237e-05, 4.9076792493e-05, 2.74006306427e-05, 3.8898364437e-05, 4.29832616646e-05, 3.03744855046e-05, 2.68750791292e-05, 3.90254899685e-05, 1.63224722201e-05, 1.7324637156e-05, 1.92321367649e-05, 2.02164828806e-05, 3.1776013202e-05, 1.62953019753e-05, 1.09279435492e-05, 1.47577775351e-05, 1.10395931188e-05, 1.22028659462e-05, 1.69749728229e-05, 1.50996793309e-05, 1.88229132618e-05, 1.68910664797e-05, 1.27484845507e-05, 1.18706348076e-05, 1.19281830848e-05, 1.23512818391e-05, 1.21863859022e-05, 1.24989592223e-05, 1.57199192472e-05, 1.117618649e-05, 1.15436650958e-05, 9.95133723336e-06, 8.14142367744e-06, 1.18447751447e-05, 1.03977263279e-05, 8.40539451019e-06, 7.72873863752e-06, 9.10837934498e-06, 7.96711447038e-06, 5.49696505914e-06, 5.00058467878e-06, 5.79595507588e-06, 5.34872515345e-06, 3.89105707654e-06, 3.53081986759e-06, 3.52612914867e-06, 3.33735124514e-06, 3.17108856507e-06, 4.06609024139e-06, 5.448408956e-06, 4.71116391054e-06, 3.45756143361e-06, 2.92992922368e-06, 2.91342348646e-06, 1.89451850474e-06, 1.31828562644e-06, 1.0066194136e-06, 7.62652973663e-07, 5.26287635694e-07, 5.30797137799e-07, 4.30502780091e-07, 3.28805498384e-07, 2.83513941213e-07, 2.75599433053e-07, 2.0500027631e-07, 1.3954289102e-07, 6.88856545139e-08, 5.30641734997e-08, 6.64781438786e-08, 4.68577994184e-08, 3.4034524532e-08, 2.94410575918e-08, 1.82235471158e-08, 1.27757704416e-09, 7.22603032965e-10, 7.18959169976e-10, 7.14146686231e-10, 7.10751624222e-10]
    },
    "mfcc": {
        "mean": [-632.313415527, 125.722061157, 3.09422516823, 3.16938376427, -4.75092363358, 0.698041439056, 4.71191883087, 2.51254606247, -0.381892710924, 0.874519884586, -9.96738529205, -9.75851154327, -6.58731651306],
        "cov": [[2572.68554688, -615.159118652, -339.659362793, -127.407814026, -159.304412842, 58.6005897522, 250.790603638, 149.60218811, 83.0672912598, 182.282058716, 130.303787231, 14.0849103928, 16.5168972015], [-615.159118652, 993.600463867, 197.782745361, 127.414253235, 180.47328186, 170.70614624, 172.623809814, -18.8428630829, 12.7295799255, 50.2926254272, 80.3164901733, 20.7535915375, 35.1366539001], [-339.659362793, 197.782745361, 648.142333984, 289.031280518, 241.565597534, 174.867462158, 52.9478683472, 34.8232727051, 12.1522054672, 23.0701808929, 89.7667007446, 100.612190247, 40.4123153687], [-127.407814026, 127.414253235, 289.031280518, 350.317749023, 179.403259277, 143.88734436, 19.0929603577, 42.8234481812, 70.636756897, 14.7069406509, 36.8338165283, 76.1229248047, 10.7626552582], [-159.304412842, 180.47328186, 241.565597534, 179.403259277, 268.593078613, 116.600502014, 23.5892028809, 27.9362049103, 64.9126281738, 25.3699417114, 33.4326629639, 35.8220558167, 14.6987218857], [58.6005897522, 170.70614624, 174.867462158, 143.88734436, 116.600502014, 316.073516846, 211.627700806, 25.0158691406, 31.1776542664, 37.4607429504, 41.1899604797, -0.611434578896, 7.62171077728], [250.790603638, 172.623809814, 52.9478683472, 19.0929603577, 23.5892028809, 211.627700806, 341.337127686, 62.0038642883, 9.5005941391, 64.6222457886, 76.2063217163, 4.8275475502, 35.1122245789], [149.60218811, -18.8428630829, 34.8232727051, 42.8234481812, 27.9362049103, 25.0158691406, 62.0038642883, 125.652015686, 57.3989181519, 40.6320800781, 36.4547195435, 24.6506175995, 15.1305894852], [83.0672912598, 12.7295799255, 12.1522054672, 70.636756897, 64.9126281738, 31.1776542664, 9.5005941391, 57.3989181519, 119.172813416, 35.5564956665, 13.3645076752, 5.9327287674, -1.71656632423], [182.282058716, 50.2926254272, 23.0701808929, 14.7069406509, 25.3699417114, 37.4607429504, 64.6222457886, 40.6320800781, 35.5564956665, 119.912864685, 63.2260017395, -0.191711381078, 4.26553821564], [130.303787231, 80.3164901733, 89.7667007446, 36.8338165283, 33.4326629639, 41.1899604797, 76.2063217163, 36.4547195435, 13.3645076752, 63.2260017395, 112.40586853, 37.6352539062, 22.2460079193], [14.0849103928, 20.7535915375, 100.612190247, 76.1229248047, 35.8220558167, -0.611434578896, 4.8275475502, 24.6506175995, 5.9327287674, -0.191711381078, 37.6352539062, 110.379241943, 51.3540420532], [16.5168972015, 35.1366539001, 40.4123153687, 10.7626552582, 14.6987218857, 7.62171077728, 35.1122245789, 15.1305894852, -1.71656632423, 4.26553821564, 22.2460079193, 51.3540420532, 106.966522217]],
        "icov": [[0.000740543939173, 0.000580358610023, 0.00049802637659, -6.46727357889e-06, -8.95203174878e-06, -0.00019966821128, -0.000483089883346, -6.19797792751e-05, -0.00019504102238, -0.000684581173118, -0.000717779330444, -0.000384899351047, 4.85439268232e-05], [0.000580358610023, 0.00180320709478, 0.000403739657486, -0.000224961549975, -0.000856698432472, 1.73765110958e-05, -0.00111618917435, 0.000848430441692, -6.28711277386e-05, -0.000599291699473, -0.00108904531226, -2.82992950815e-05, -0.000186003264389], [0.00049802637659, 0.000403739657486, 0.00388289033435, -0.00161594699603, -0.00195470103063, -0.00107527093496, 0.000337391742505, -0.000617129961029, 0.00213169283234, -0.000122653655126, -0.00228316197172, -0.00107339047827, -0.000162874246598], [-6.46727357889e-06, -0.000224961549975, -0.00161594699603, 0.00721240555868, -0.00114308099728, -0.00284302025102, 0.00168876512907, -0.000623308995273, -0.00250094779767, 0.00030531315133, 0.000641742139123, -0.00381968705915, 0.00150122458581], [-8.95203174878e-06, -0.000856698432472, -0.00195470103063, -0.00114308099728, 0.00804423447698, -0.00141087884549, 0.00121774268337, 0.000156863272423, -0.00318489409983, -0.000302739848848, 0.000353524810635, 0.000338851532433, -0.000565722992178], [-0.00019966821128, 1.73765110958e-05, -0.00107527093496, -0.00284302025102, -0.00141087884549, 0.00931001454592, -0.00601294636726, 0.00221147318371, -0.000659313984215, 0.000181902112672, 0.00140167388599, 0.00264631351456, 0.000329062604578], [-0.000483089883346, -0.00111618917435, 0.000337391742505, 0.00168876512907, 0.00121774268337, -0.00601294636726, 0.00860022660345, -0.00345499510877, 0.00158016139176, -0.000191008250113, -0.00215571979061, 0.000115549839393, -0.00150355428923], [-6.19797792751e-05, 0.000848430441692, -0.000617129961029, -0.000623308995273, 0.000156863272423, 0.00221147318371, -0.00345499510877, 0.0134139340371, -0.00591819919646, -0.00131449603941, -0.000763095624279, -0.00140925426967, -0.000122967976495], [-0.00019504102238, -6.28711277386e-05, 0.00213169283234, -0.00250094779767, -0.00318489409983, -0.000659313984215, 0.00158016139176, -0.00591819919646, 0.0150744933635, -0.00261611817405, 0.00076084700413, 0.00102965347469, -6.21290337222e-06], [-0.000684581173118, -0.000599291699473, -0.000122653655126, 0.00030531315133, -0.000302739848848, 0.000181902112672, -0.000191008250113, -0.00131449603941, -0.00261611817405, 0.0147801246494, -0.00725362030789, 0.00316339707933, -4.60962328361e-05], [-0.000717779330444, -0.00108904531226, -0.00228316197172, 0.000641742139123, 0.000353524810635, 0.00140167388599, -0.00215571979061, -0.000763095624279, 0.00076084700413, -0.00725362030789, 0.0186186563224, -0.00456779124215, 0.00055597757455], [-0.000384899351047, -2.82992950815e-05, -0.00107339047827, -0.00381968705915, 0.000338851532433, 0.00264631351456, 0.000115549839393, -0.00140925426967, 0.00102965347469, 0.00316339707933, -0.00456779124215, 0.0176306460053, -0.00683915475383], [4.85439268232e-05, -0.000186003264389, -0.000162874246598, 0.00150122458581, -0.000565722992178, 0.000329062604578, -0.00150355428923, -0.000122967976495, -6.21290337222e-06, -4.60962328361e-05, 0.00055597757455, -0.00683915475383, 0.0130475936458]]
    },
    "spectral_contrast_coeffs": {
        "max": [-0.35788628459, -0.454626351595, -0.460422724485, -0.585196137428, -0.656230986118, -0.645732939243],
        "mean": [-0.669445216656, -0.71692699194, -0.719346344471, -0.785449206829, -0.797576189041, -0.791131794453],
        "min": [-0.872375011444, -0.906203269958, -0.893383324146, -0.892658472061, -0.89031368494, -0.867544293404],
        "stdev": [0.0934682190418, 0.0793875977397, 0.0816847980022, 0.0539705902338, 0.0452862791717, 0.0346064828336]
    },
    "spectral_contrast_valleys": {
        "max": [-5.25666761398, -5.22323608398, -5.00906705856, -5.73968696594, -5.86449575424, -7.13136768341],
        "mean": [-6.79255056381, -6.72717761993, -6.96389102936, -7.50875902176, -7.62904214859, -9.95945644379],
        "min": [-11.730465889, -8.50807571411, -9.05966472626, -9.2546787262, -9.25457954407, -12.2181749344],
        "stdev": [1.01157832146, 0.509590923786, 0.617651641369, 0.560889959335, 0.586691141129, 0.665354132652]
    }
},
"rhythm": {
    "beats_count": 63,
    "beats_loudness": {
        "max": 0.0788498073816,
        "mean": 0.0373679995537,
        "min": 0.000897470570635,
        "stdev": 0.0173595901579
    },
    "bpm": 105.564720154,
    "bpm_histogram_first_peak_bpm": 105,
    "bpm_histogram_first_peak_weight": 0.370967745781,
    "bpm_histogram_second_peak_bpm": 0,
    "bpm_histogram_second_peak_spread": 0,
    "bpm_histogram_second_peak_weight": 0,
    "danceability": 1.24256980419,
    "onset_rate": 3.6386320591,
    "beats_loudness_band_ratio": {
        "max": [0.864714026451, 0.84060716629, 0.696885228157, 0.70094704628, 0.177767068148, 0.673113584518],
        "mean": [0.263827115297, 0.206659838557, 0.274795085192, 0.233805865049, 0.0629248172045, 0.0377932935953],
        "min": [1.71936353581e-05, 0.0244094785303, 0.0169757381082, 0.00320249865763, 0.00361316744238, 0.00262305163778],
        "stdev": [0.225606501102, 0.179631397128, 0.167854547501, 0.186800986528, 0.0493742078543, 0.0834197327495]
    },
    "beats_position": [0.557278871536, 1.1261677742, 1.69505667686, 2.26394557953, 2.8444442749, 3.43655323982, 4.02866220474, 4.62077093124, 5.21287965775, 5.79337835312, 6.38548755646, 6.9543762207, 7.51165533066, 8.08054447174, 8.63782310486, 9.2067117691, 9.77560043335, 10.3328800201, 10.9017686844, 11.4706573486, 12.0395460129, 12.6084346771, 13.1657142639, 13.722992897, 14.2918815613, 14.8723802567, 15.4412698746, 16.0101585388, 16.5790481567, 17.1363258362, 17.7052154541, 18.2741031647, 18.8313827515, 19.4002723694, 19.96916008, 20.5264396667, 21.0953292847, 21.6642169952, 22.221496582, 22.7903842926, 23.3592739105, 23.9281635284, 24.497051239, 25.0543308258, 25.6232185364, 26.1921081543, 26.7493877411, 27.3066654205, 27.8755550385, 28.4444446564, 29.0133323669, 29.5822219849, 30.1511096954, 30.7199993134, 31.2772789001, 31.8461666107, 32.4034461975, 32.9723358154, 33.5412254333, 34.1101112366, 34.6790008545, 35.2478904724, 35.8051681519],
