{
"metadata": {
    "version": {
        "essentia": "2.1-beta5",
        "essentia_git_sha": "Undefined",
        "extractor": "music 2.0"
    },
    "audio_properties": {
        "analysis": {
            "equal_loudness": 0,
            "length": 51.3973693848,
            "sample_rate": 44100,
            "start_time": 158.987030029,
            "downmix": "mix"
        },
        "bit_rate": 192000,
        "length": 210.407623291,
        "lossless": 0,
        "number_channels": 2,
        "replay_gain": 5.33716773987,
        "sample_rate": 48000,
        "codec": "mp3",
        "md5_encoded": "6c10907d3c2129f49b12a6b31a91c1a2"
    },
    "tags": {
        "file_name": "Netherlands_Shine_The Toppers.mp3",
        "encoding": ["Lavf58.29.100"]
    }
},
"lowlevel": {
    "average_loudness": 0.910942077637,
    "barkbands_crest": {
        "max": 25.722120285,
        "mean": 11.2946434021,
        "min": 2.21362352371,
        "stdev": 4.96920061111
    },
    "barkbands_flatness_db": {
        "max": 0.371739596128,
        "mean": 0.183158248663,
        "min": 0.0681488066912,
        "stdev": 0.0575707107782
    },
    "barkbands_kurtosis": {
        "max": 64.76953125,
        "mean": 2.92232584953,
        "min": -1.87056672573,
        "stdev": 5.21307516098
    },
    "barkbands_skewness": {
        "max": 7.43891620636,
        "mean": 1.26869773865,
        "min": -1.83329343796,
        "stdev": 1.12050426006
    },
    "barkbands_spread": {
        "max": 97.6436233521,
        "mean": 18.1791248322,
        "min": 1.01120281219,
        "stdev": 14.7972707748
    },
    "dissonance": {
        "max": 0.5,
        "mean": 0.476240158081,
        "min": 0.327316582203,
        "stdev": 0.0221032388508
    },
    "dynamic_complexity": 2.16603517532,
    "erbbands_crest": {
        "max": 32.1385383606,
        "mean": 10.074845314,
        "min": 2.52012085915,
        "stdev": 4.46421051025
    },
    "erbbands_flatness_db": {
        "max": 0.429879724979,
        "mean": 0.232849225402,
        "min": 0.0865813195705,
        "stdev": 0.0747305825353
    },
    "erbbands_kurtosis": {
        "max": 34.4433898926,
        "mean": 1.98720169067,
        "min": -1.61149263382,
        "stdev": 2.43151760101
    },
    "erbbands_skewness": {
        "max": 5.36625957489,
        "mean": 0.686698138714,
        "min": -2.7654941082,
        "stdev": 0.900830388069
    },
    "erbbands_spread": {
        "max": 115.85798645,
        "mean": 21.5501480103,
        "min": 2.76835274696,
        "stdev": 14.1976613998
    },
    "hfc": {
        "max": 163.647201538,
        "mean": 30.2350769043,
        "min": 0.204482316971,
        "stdev": 21.3402881622
    },
    "loudness_ebu128": {
        "integrated": -26.9371814728,
        "loudness_range": 4.44018745422,
        "momentary": {
            "max": -24.5048751831,
            "mean": -27.4523029327,
            "min": -35.57762146,
            "stdev": 2.34158754349
        },
        "short_term": {
            "max": -25.0902118683,
            "mean": -27.3104629517,
            "min": -32.3119316101,
            "stdev": 1.85025477409
        }
    },
    "melbands_crest": {
        "max": 33.78647995,
        "mean": 14.9211235046,
        "min": 3.3090877533,
        "stdev": 6.66237783432
    },
    "melbands_flatness_db": {
        "max": 0.367321699858,
        "mean": 0.187000840902,
        "min": 0.0236334986985,
        "stdev": 0.055172637105
    },
    "melbands_kurtosis": {
        "max": 147.127944946,
        "mean": 8.41054439545,
        "min": -1.68536531925,
        "stdev": 13.5536737442
    },
    "melbands_skewness": {
        "max": 10.6950492859,
        "mean": 2.04353499413,
        "min": -1.02822422981,
        "stdev": 1.52830016613
    },
    "melbands_spread": {
        "max": 162.688873291,
        "mean": 22.9010906219,
        "min": 1.26309418678,
        "stdev": 18.6108570099
    },
    "pitch_salience": {
        "max": 0.869371056557,
        "mean": 0.561189115047,
        "min": 0.0979687944055,
        "stdev": 0.149827167392
    },
    "silence_rate_20dB": {
        "max": 1,
        "mean": 1,
        "min": 1,
        "stdev": 0
    },
    "silence_rate_30dB": {
        "max": 1,
        "mean": 0.97742664814,
        "min": 0,
        "stdev": 0.148542687297
    },
    "silence_rate_60dB": {
        "max": 1,
        "mean": 0.00541760725901,
        "min": 0,
        "stdev": 0.0734049677849
    },
    "spectral_centroid": {
        "max": 4377.42871094,
        "mean": 1512.9029541,
        "min": 427.276306152,
        "stdev": 514.461181641
    },
    "spectral_complexity": {
        "max": 54,
        "mean": 24.3778781891,
        "min": 0,
        "stdev": 9.73125839233
    },
    "spectral_decrease": {
        "max": -5.06469345629e-11,
        "mean": -8.80879902354e-09,
        "min": -3.54036409078e-08,
        "stdev": 7.14590608908e-09
    },
    "spectral_energy": {
        "max": 0.14462146163,
        "mean": 0.0359888225794,
        "min": 0.000209700359846,
        "stdev": 0.028009571135
    },
    "spectral_energyband_high": {
        "max": 0.023666748777,
        "mean": 0.00101588550024,
        "min": 3.09853453473e-06,
        "stdev": 0.00232857069932
    },
    "spectral_energyband_low": {
        "max": 0.125849157572,
        "mean": 0.0138287153095,
        "min": 5.35014237357e-08,
        "stdev": 0.0241047497839
    },
    "spectral_energyband_middle_high": {
        "max": 0.0575015954673,
        "mean": 0.0119997635484,
        "min": 5.69042931602e-05,
        "stdev": 0.00956467911601
    },
    "spectral_energyband_middle_low": {
        "max": 0.0872675329447,
        "mean": 0.0100486148149,
        "min": 0.0001542360842,
        "stdev": 0.00951443891972
    },
    "spectral_entropy": {
        "max": 8.6849899292,
        "mean": 7.6643872261,
        "min": 6.46139764786,
        "stdev": 0.348312705755
    },
    "spectral_flux": {
        "max": 0.339260876179,
        "mean": 0.104079149663,
        "min": 0.0228871759027,
        "stdev": 0.0511967130005
    },
    "spectral_kurtosis": {
        "max": 22.8690414429,
        "mean": 4.77262067795,
        "min": -0.729787111282,
        "stdev": 2.71779942513
    },
    "spectral_rms": {
        "max": 0.0118783041835,
        "mean": 0.00549461599439,
        "min": 0.0004523115349,
        "stdev": 0.00221816799603
    },
    "spectral_rolloff": {
        "max": 8936.27929688,
        "mean": 1621.6184082,
        "min": 64.599609375,
        "stdev": 1127.0032959
    },
    "spectral_skewness": {
        "max": 3.16152191162,
        "mean": 1.6314111948,
        "min": 0.257376074791,
        "stdev": 0.402112722397
    },
    "spectral_spread": {
        "max": 9828244,
        "mean": 3716906.75,
        "min": 2048516.875,
        "stdev": 1114815.5
    },
    "spectral_strongpeak": {
        "max": 18.3846130371,
        "mean": 1.38908052444,
        "min": 0,
        "stdev": 1.32820928097
    },
    "zerocrossingrate": {
        "max": 0.24072265625,
        "mean": 0.060987982899,
        "min": 0.0068359375,
        "stdev": 0.0288713797927
    },
    "barkbands": {
        "max": [0.0104083465412, 0.115839026868, 0.0883199498057, 0.0404371544719, 0.0255869738758, 0.0234550759196, 0.034822024405, 0.0227313470095, 0.0864051282406, 0.0474674105644, 0.0325972475111, 0.0295533947647, 0.0314139276743, 0.0136851947755, 0.0260665044188, 0.0140155488625, 0.00781241478398, 0.00496968906373, 0.00436912896112, 0.0047962940298, 0.005505095236, 0.0131111703813, 0.00597906159237, 0.00521978689358, 0.00292912870646, 5.9151102505e-06, 5.05997832079e-07],
        "mean": [0.000373831600882, 0.0106480186805, 0.0022782953456, 0.000898366968613, 0.000978516065516, 0.000881169573404, 0.000561464054044, 0.00102446251549, 0.00490237260237, 0.00236987299286, 0.00228603882715, 0.00146322429646, 0.00202744174749, 0.00134410185274, 0.00104848458432, 0.000608520174865, 0.000449036073405, 0.000387318694266, 0.000331127317622, 0.00020557505195, 0.000212697777897, 0.000279695028439, 0.000197109227884, 0.000134727597469, 9.71381014097e-05, 1.34153751219e-07, 2.04447458962e-09],
        "min": [2.39516378953e-10, 1.20594574327e-08, 9.48118028532e-09, 1.77859202921e-08, 1.96736266389e-07, 1.07977473363e-06, 1.83561701306e-06, 9.8607461041e-06, 2.63341244136e-05, 2.25325638894e-05, 3.41549707628e-06, 2.21343543672e-06, 1.3706216123e-05, 8.98434336705e-06, 7.51869492888e-06, 2.88999240183e-06, 2.98528539133e-06, 8.01464125288e-07, 9.85044380286e-07, 8.80287814198e-07, 6.21111610144e-07, 1.05311039533e-06, 2.95854590604e-07, 5.07294089402e-07, 9.62051842635e-08, 4.01507993519e-10, 4.9278597869e-10],
        "stdev": [0.000938557786867, 0.0203097462654, 0.0079445252195, 0.00353952799924, 0.00214632181451, 0.00223115202971, 0.00147956889123, 0.00167463358957, 0.00676067033783, 0.00329708354548, 0.00330490851775, 0.0025508494582, 0.00329158012755, 0.00179451343138, 0.00158852199093, 0.00127088546287, 0.000662937702145, 0.000443504162831, 0.000381402118364, 0.000305177614791, 0.000528958509676, 0.000856961822137, 0.000466173834866, 0.000338610145263, 0.000245836912654, 3.90248061422e-07, 1.09108695412e-08]
    },
    "erbbands": {
        "max": [3.80873441696, 31.1196079254, 82.3149719238, 125.644073486, 99.5562515259, 108.58316803, 115.701507568, 305.015106201, 441.724395752, 413.312103271, 755.981689453, 2735.27905273, 1915.07507324, 773.928039551, 1093.21643066, 1335.68347168, 1596.46191406, 715.282775879, 659.048950195, 1288.21508789, 947.087219238, 491.823364258, 316.774597168, 299.558258057, 172.907409668, 178.002868652, 230.137527466, 323.42755127, 562.29296875, 338.287628174, 120.660644531, 118.269989014, 72.3428039551, 38.4290466309, 18.8409862518, 1.16262423992, 0.0305364187807, 0.00211985013448, 0.000372817128664, 0.000248040945735],
        "mean": [0.3371989429, 2.23149466515, 3.07587313652, 2.96908593178, 2.82952356339, 3.35971593857, 4.67170619965, 8.35067176819, 7.46631383896, 11.6817111969, 39.4727745056, 114.417602539, 89.2520980835, 80.8942108154, 79.2900848389, 66.1544113159, 93.138420105, 70.678352356, 61.4614715576, 45.8104553223, 31.5495033264, 25.9881286621, 21.8632011414, 18.0554199219, 15.3270225525, 9.54101657867, 8.22372722626, 9.07454109192, 10.3745059967, 7.88588809967, 5.13958358765, 3.25935506821, 2.03096556664, 1.27590513229, 0.584643363953, 0.0340992920101, 0.000948583881836, 7.5011899753e-05, 3.02040389215e-05, 4.54240762338e-05],
        "min": [2.96961871982e-07, 2.88361252387e-06, 1.55195102707e-05, 9.96999588097e-05, 0.000328845286276, 0.00068100518547, 0.00253522745334, 0.0116520458832, 0.0358243137598, 0.160125434399, 0.535478591919, 1.02873313427, 0.930404245853, 0.365889072418, 0.111350417137, 0.123944170773, 0.623229146004, 0.455348581076, 0.608978509903, 0.170431032777, 0.156470179558, 0.161318138242, 0.0817706808448, 0.0388473235071, 0.0530873984098, 0.0497809238732, 0.0364062339067, 0.0106164710596, 0.0252961311489, 0.0348471365869, 0.00947683118284, 0.0144249442965, 0.00424184603617, 0.000883685192093, 0.000865405192599, 9.19792000786e-05, 5.9652429627e-06, 1.396540938e-06, 8.76671094829e-07, 2.83599121076e-07],
        "stdev": [0.632089316845, 4.70470094681, 8.88610172272, 10.7103424072, 8.11823177338, 8.02087211609, 9.56632232666, 25.1203727722, 18.1656742096, 23.7952594757, 54.357460022, 187.437759399, 117.709472656, 90.5988311768, 119.337219238, 102.828453064, 152.588088989, 83.3802032471, 75.8305358887, 73.0557327271, 66.9124298096, 38.3742904663, 25.1985721588, 20.374710083, 17.3692779541, 13.8679695129, 16.8769683838, 26.1524772644, 33.3099250793, 21.5025081635, 11.9614725113, 7.8991189003, 5.29964637756, 3.25263261795, 1.50942254066, 0.0886253938079, 0.00237556593493, 0.000172588173882, 3.27807174472e-05, 3.40944134223e-05]
    },
    "gfcc": {
        "mean": [-13.7198848724, 80.1185760498, -188.317459106, 14.0018100739, -80.6686096191, 30.542514801, -31.0569515228, 12.8071784973, -13.8757295609, -10.6825065613, -6.63020086288, -16.3629875183, 1.35994076729],
        "cov": [[4888.32080078, 942.986572266, 2730.51269531, 2303.92675781, 1072.05603027, 1002.80621338, -106.934532166, 237.960113525, -61.6339149475, 668.138671875, 265.836364746, 544.682495117, 185.521759033], [942.986572266, 752.479553223, 667.013061523, 505.393463135, 465.152587891, 276.028503418, 117.024337769, 45.8356781006, 13.1871557236, 134.406204224, 133.900482178, 103.310806274, 36.7230377197], [2730.51269531, 667.013061523, 2047.11499023, 1612.54370117, 777.134460449, 675.21307373, -49.767578125, 190.252609253, -59.449005127, 460.034820557, 160.64642334, 351.67288208, 101.929924011], [2303.92675781, 505.393463135, 1612.54370117, 1432.1048584, 677.018859863, 550.003295898, -47.8860206604, 133.9894104, -33.6011428833, 376.586517334, 134.019882202, 297.947540283, 86.3940734863], [1072.05603027, 465.152587891, 777.134460449, 677.018859863, 553.559570312, 398.094329834, 101.53440094, 91.6368255615, 14.1254997253, 184.770233154, 108.061538696, 119.603759766, 39.5798835754], [1002.80621338, 276.028503418, 675.21307373, 550.003295898, 398.094329834, 438.685058594, 119.826202393, 82.4588851929, -0.238989189267, 176.942687988, 93.0467605591, 106.539848328, 38.3056564331], [-106.934532166, 117.024337769, -49.767578125, -47.8860206604, 101.53440094, 119.826202393, 217.200088501, 53.6245651245, 41.5956077576, -2.87329173088, 39.5297088623, -29.1338653564, -8.08189678192], [237.960113525, 45.8356781006, 190.252609253, 133.9894104, 91.6368255615, 82.4588851929, 53.6245651245, 117.023010254, 55.6236763, 68.0332107544, 22.5435237885, 29.3425483704, 15.4227132797], [-61.6339149475, 13.1871557236, -59.449005127, -33.6011428833, 14.1254997253, -0.238989189267, 41.5956077576, 55.6236763, 123.525268555, 20.9934120178, 14.1301059723, -15.4951076508, 11.0315065384], [668.138671875, 134.406204224, 460.034820557, 376.586517334, 184.770233154, 176.942687988, -2.87329173088, 68.0332107544, 20.9934120178, 195.725540161, 82.2089157104, 107.920761108, 41.477848053], [265.836364746, 133.900482178, 160.64642334, 134.019882202, 108.061538696, 93.0467605591, 39.5297088623, 22.5435237885, 14.1301059723, 82.2089157104, 112.077865601, 79.6030349731, 31.2855968475], [544.682495117, 103.310806274, 351.67288208, 297.947540283, 119.603759766, 106.539848328, -29.1338653564, 29.3425483704, -15.4951076508, 107.920761108, 79.6030349731, 152.852935791, 60.4419021606], [185.521759033, 36.7230377197, 101.929924011, 86.3940734863, 39.5798835754, 38.3056564331, -8.08189678192, 15.4227132797, 11.0315065384, 41.477848053, 31.2855968475, 60.4419021606, 79.9347610474]],
        "icov": [[0.00122780643869, -0.000996228656732, 0.000297768739983, -0.00166354782414, 0.00153835793026, -0.00200801342726, 0.001372119179, -0.00106438214425, 0.000206420430914, -5.95803976466e-05, 0.000110761466203, -0.000415737071307, -0.000155615343829], [-0.000996228656732, 0.00576932122931, -0.0037825552281, 0.0039245984517, -0.0063185505569, 0.00539503851905, -0.00381665513851, 0.00488065183163, -0.00171530258376, 0.00109294138383, -0.00300910254009, 0.00103136640973, -0.000473508320283], [0.000297768739983, -0.0037825552281, 0.00844724103808, -0.00723558338359, 0.0039712660946, -0.00508808344603, 0.00386793422513, -0.006784143392, 0.00385643099435, -0.00207259715535, 0.00227641849779, -0.000936131225899, 0.000627343019005], [-0.00166354782414, 0.0039245984517, -0.00723558338359, 0.0119868405163, -0.00801407080144, 0.00506094144657, -0.00268341694027, 0.00622570281848, -0.00296302163042, -0.00113919458818, 0.00170795735903, -0.00326646561734, 0.00120092183352], [0.00153835793026, -0.0063185505569, 0.0039712660946, -0.00801407080144, 0.0152784334496, -0.0099824341014, 0.00332458131015, -0.0058171232231, 0.00108065840323, 0.00109509401955, -0.000893545278814, 0.00190885760821, -0.000203899515327], [-0.00200801342726, 0.00539503851905, -0.00508808344603, 0.00506094144657, -0.0099824341014, 0.0163705777377, -0.00957427080721, 0.00682519935071, -0.000471457286039, -0.00250047934242, -0.00118871463928, 0.0014485596912, -0.0012544170022], [0.001372119179, -0.00381665513851, 0.00386793422513, -0.00268341694027, 0.00332458131015, -0.00957427080721, 0.0144487665966, -0.00927562545985, 0.00128393003251, 0.00294246547855, -0.003681586124, 0.00231520738453, 0.000715576985385], [-0.00106438214425, 0.00488065183163, -0.006784143392, 0.00622570281848, -0.0058171232231, 0.00682519935071, -0.00927562545985, 0.0232515577227, -0.00939585641026, -0.00354117201641, 0.00309065519832, -0.00263006589375, 0.000249096628977], [0.000206420430914, -0.00171530258376, 0.00385643099435, -0.00296302163042, 0.00108065840323, -0.000471457286039, 0.00128393003251, -0.00939585641026, 0.0146048739552, -0.00286028091796, -0.00168480619323, 0.0044153444469, -0.00298326229677], [-5.95803976466e-05, 0.00109294138383, -0.00207259715535, -0.00113919458818, 0.00109509401955, -0.00250047934242, 0.00294246547855, -0.00354117201641, -0.00286028091796, 0.018166186288, -0.00934307835996, 0.000611917348579, -0.000690464046784], [0.000110761466203, -0.00300910254009, 0.00227641849779, 0.00170795735903, -0.000893545278814, -0.00118871463928, -0.003681586124, 0.00309065519832, -0.00168480619323, -0.00934307835996, 0.0265594888479, -0.0150978462771, 0.00252171163447], [-0.000415737071307, 0.00103136640973, -0.000936131225899, -0.00326646561734, 0.00190885760821, 0.0014485596912, 0.00231520738453, -0.00263006589375, 0.0044153444469, 0.000611917348579, -0.0150978462771, 0.0263783633709, -0.0106460843235], [-0.000155615343829, -0.000473508320283, 0.000627343019005, 0.00120092183352, -0.000203899515327, -0.0012544170022, 0.000715576985385, 0.000249096628977, -0.00298326229677, -0.000690464046784, 0.00252171163447, -0.0106460843235, 0.0195503104478]]
    },
    "melbands": {
        "max": [0.032496728003, 0.0322722569108, 0.0185926835984, 0.00663318997249, 0.00374645274132, 0.00582569185644, 0.00722710508853, 0.00359400198795, 0.00715460209176, 0.0164177250117, 0.00945445895195, 0.00334554072469, 0.00427180016413, 0.00407732557505, 0.0034367153421, 0.00264867208898, 0.00152237527072, 0.00100515387021, 0.00277281319723, 0.00112134381197, 0.00110116833821, 0.000552423298359, 0.000301919528283, 0.000305686728097, 0.000277829414699, 0.000130964574055, 0.000117533301818, 0.000144670586451, 0.000177831854671, 0.000151108004502, 0.000250231823884, 0.000381063844543, 0.000209791644011, 0.000216131025809, 8.48734489409e-05, 7.75815424277e-05, 6.82618119754e-05, 5.32800368092e-05, 4.05833488912e-05, 3.4984172089e-05],
        "mean": [0.00301487091929, 0.00202813767828, 0.000505757110659, 0.000217664113734, 0.000164490527823, 0.000180109331268, 0.000114242538984, 0.00013737307745, 0.000407155224821, 0.000725908495951, 0.000430127780419, 0.000321180385072, 0.000300209008856, 0.000160907467944, 0.000217451539356, 0.000177472145879, 0.000126321610878, 0.000101173034636, 7.71106497268e-05, 4.77120629512e-05, 3.36727280228e-05, 2.68626299658e-05, 2.1933883545e-05, 1.85214848898e-05, 1.40908259709e-05, 1.25541391753e-05, 8.8822471298e-06, 5.66130074731e-06, 5.06751666762e-06, 4.89794956593e-06, 5.40393148185e-06, 6.03521357334e-06, 5.13377108291e-06, 4.15447084379e-06, 3.0627995784e-06, 2.39331689045e-06, 1.81624409379e-06, 1.46387310451e-06, 1.18738535093e-06, 1.05132642148e-06],
        "min": [2.91296498034e-09, 7.30980653785e-09, 2.37870203534e-08, 3.46200330625e-08, 7.5428069124e-08, 2.57546673765e-07, 4.60849236106e-07, 1.47201672007e-06, 2.25972416956e-06, 4.40765688836e-06, 4.44775696451e-06, 1.361457862e-06, 3.99325244871e-07, 2.39370109512e-07, 6.48921741231e-07, 1.53657106239e-06, 7.21015453564e-07, 1.06849188342e-06, 3.7212075199e-07, 1.81654300491e-07, 1.59646049269e-07, 1.25091929704e-07, 1.99171864779e-07, 2.02183905174e-08, 2.88345525234e-08, 4.76867469956e-08, 2.97921314285e-08, 3.30880958188e-08, 2.01975094427e-08, 1.61268740584e-08, 3.19404325211e-09, 7.37845251564e-09, 2.41702213799e-08, 1.23928405316e-08, 3.56901885823e-09, 1.02660866474e-08, 7.47334283346e-09, 3.40318750958e-09, 1.03864605805e-09, 6.15119122305e-10],
        "stdev": [0.00560129992664, 0.00453824410215, 0.00169684784487, 0.000513511360623, 0.000321064697346, 0.000501086411532, 0.000283737957943, 0.000256160012214, 0.000566697504837, 0.00113717629574, 0.000590325507801, 0.000368783483282, 0.000448181730462, 0.000305182882585, 0.000363120430848, 0.000258682499407, 0.000160825409694, 0.000137744515087, 0.000140683798236, 8.88146460056e-05, 7.52006380935e-05, 4.2505645979e-05, 2.6167874239e-05, 2.35802053794e-05, 1.68238220795e-05, 1.45831518239e-05, 1.12744255603e-05, 9.23118477658e-06, 1.0227081475e-05, 1.24877651615e-05, 1.63414370036e-05, 2.03031795536e-05, 1.50996820594e-05, 1.12689567686e-05, 7.24559777154e-06, 5.77046193939e-06, 4.52980521004e-06, 3.83176802643e-06, 3.29513432007e-06, 2.66061761067e-06]
    },
    "melbands128": {
        "max": [0.00965074077249, 0.0330528952181, 0.0555257499218, 0.0601388625801, 0.0476297363639, 0.0446838140488, 0.0298930630088, 0.0167906228453, 0.0100075239316, 0.0105221625417, 0.0066711595282, 0.0054523232393, 0.00485062412918, 0.0056525208056, 0.00974168069661, 0.00694718863815, 0.00559506379068, 0.0103986365721, 0.00931966863573, 0.00550680002198, 0.00622656010091, 0.00540605001152, 0.0116450628266, 0.0149198453873, 0.0322743989527, 0.0121233165264, 0.0174545943737, 0.018049120903, 0.00682612136006, 0.00622515473515, 0.00519602932036, 0.008460954763, 0.00763226021081, 0.00582749769092, 0.00929703004658, 0.00457028159872, 0.00688585126773, 0.00511514348909, 0.00780864106491, 0.00679993582889, 0.00380188412964, 0.00302763329819, 0.00229939701967, 0.00266766850837, 0.00227463454939, 0.0017538840184, 0.00326944584958, 0.00334307807498, 0.00513350404799, 0.00172493350692, 0.00168670888525, 0.00190192903392, 0.00218769419007, 0.00100082764402, 0.000816081592347, 0.000949344481342, 0.00119783671107, 0.000398165022489, 0.000385003571864, 0.000635788426735, 0.000423496036092, 0.000540023203939, 0.000181803537998, 0.000620438775513, 0.000308415706968, 0.000150452455273, 0.000210632599192, 0.000180117829586, 0.000186817822396, 0.00020839748322, 0.000132732719067, 0.000220452770009, 0.00034458868322, 0.000137292983709, 0.000150095962454, 0.000158046663273, 0.00028078359901, 0.000232783801039, 0.000309040828142, 0.00043364558951, 0.000371260626707, 0.000403350422857, 0.000344245869201, 0.000273681682302, 0.000229052457144, 0.000461129209725, 0.000162771451869, 0.00016491158749, 9.84859289019e-05, 8.74909819686e-05, 8.92594471225e-05, 0.000102902908111, 9.00807790458e-05, 8.55440011946e-05, 5.2152263379e-05, 5.01762624481e-05, 7.95342202764e-05, 4.88161604153e-05, 6.28468842478e-05, 4.09458771173e-05, 3.9277572796e-05, 4.19715725002e-05, 3.20141662087e-05, 3.96190116589e-05, 2.77785293292e-05, 2.39742585109e-05, 4.90887578053e-06, 2.95866556144e-07, 6.90206913845e-09, 5.51718715158e-09, 4.6967274514e-09, 4.11183798121e-09, 3.64038710288e-09, 3.34054939266e-09, 3.03312219785e-09, 2.84199241918e-09, 2.67806443688e-09, 2.50567500082e-09, 2.37198038988e-09, 2.28191532337e-09, 2.16973217171e-09, 2.12016226797e-09, 2.00905847514e-09, 1.97165506144e-09, 1.90772264652e-09, 1.89245374926e-09, 1.86967752391e-09, 1.8518356848e-09],
        "mean": [0.000356573873432, 0.00254965759814, 0.00441103288904, 0.00344741763547, 0.00188843836077, 0.00101012259256, 0.000619475904386, 0.000393368070945, 0.000263856869424, 0.00021857349202, 0.000180571936653, 0.000159715709742, 0.00013814245176, 0.000196509616217, 0.000220094138058, 0.000152188949869, 0.000108554173494, 0.000113731541205, 0.000108073290903, 0.000119525087939, 0.000146717080497, 0.000207263467018, 0.000348506408045, 0.000700511212926, 0.000919272424653, 0.000634539988823, 0.000543353322428, 0.000402962439694, 0.000368797656847, 0.000285124086076, 0.000295452628052, 0.000404762919061, 0.000329636910465, 0.000213172563235, 0.000163349715876, 0.000140300529893, 0.000162581040058, 0.000215525142266, 0.000268909934675, 0.000208755402127, 0.000147739963722, 0.000144758203533, 0.000124857193441, 0.000118409334391, 0.000119520322187, 9.10207309062e-05, 9.28993249545e-05, 8.19422566565e-05, 7.1701782872e-05, 5.33283709956e-05, 4.39266623289e-05, 4.22582415922e-05, 3.92893562093e-05, 2.7568292353e-05, 2.59926619037e-05, 2.75300862995e-05, 2.76285500149e-05, 2.33414211834e-05, 1.99061687454e-05, 1.8455522877e-05, 1.9953602532e-05, 1.80876850209e-05, 1.28680285343e-05, 1.35739055622e-05, 1.4553175788e-05, 1.28509454953e-05, 1.14539016067e-05, 9.9378721643e-06, 8.8560354925e-06, 6.46226226308e-06, 5.52182382307e-06, 5.40669861948e-06, 4.87717898068e-06, 5.32381636731e-06, 4.81987808598e-06, 4.75111801279e-06, 4.99131283505e-06, 5.0276780712e-06, 5.42544376003e-06, 5.79492871111e-06, 6.0207325987e-06, 6.24583208264e-06, 5.88288457948e-06, 5.10858808411e-06, 4.39195810031e-06, 4.32950719187e-06, 4.20526021117e-06, 3.56884243047e-06, 3.00473425341e-06, 2.69184829449e-06, 2.51930418926e-06, 2.35025640904e-06, 2.09257109418e-06, 1.83573752111e-06, 1.6142602135e-06, 1.56923829309e-06, 1.45035915011e-06, 1.30486728267e-06, 1.21095308714e-06, 1.10910104922e-06, 1.05281515062e-06, 1.05683034235e-06, 1.04926925815e-06, 9.02453336948e-07, 7.43365205835e-07, 5.58304748211e-07, 1.38119347071e-07, 5.93864513121e-09, 1.65791911449e-11, 1.38287029397e-11, 1.30409528662e-11, 1.2527250938e-11, 1.22439731964e-11, 1.18212531777e-11, 1.12512820241e-11, 1.07141986255e-11, 1.01736353716e-11, 9.81592931937e-12, 9.64863171998e-12, 9.35337918229e-12, 9.03156022192e-12, 8.88608544386e-12, 8.82920819789e-12, 8.6008630773e-12, 7.70255127042e-12, 6.24175017228e-12, 5.44531563937e-12, 5.30805998114e-12],
        "min": [5.93007656868e-11, 1.64737459785e-10, 6.15631212675e-10, 3.3476905692e-09, 5.03541519592e-09, 3.82476272875e-09, 5.03590724676e-09, 1.37724818217e-08, 2.10404955681e-08, 2.37588366758e-08, 1.49994239251e-08, 3.2747639267e-08, 5.19098684038e-08, 3.70805075534e-08, 7.7204852289e-08, 8.99161349821e-08, 7.17224253322e-08, 8.29046626905e-08, 1.46628636344e-07, 1.27462456589e-07, 7.97049892753e-07, 9.12729547053e-07, 1.49843492636e-06, 7.39654979043e-07, 2.33197965827e-06, 2.10163466363e-06, 1.25194333123e-06, 1.93824052985e-06, 1.96946916731e-06, 1.65871722402e-06, 1.22568985716e-06, 5.67635879634e-07, 3.43456406426e-07, 2.72397983281e-07, 2.27228824201e-07, 2.3199061161e-07, 2.44476268563e-07, 3.5554720057e-07, 9.15511463973e-07, 5.90561512581e-07, 9.30651708586e-07, 6.99765848822e-07, 6.81528547375e-07, 4.8637917871e-07, 9.04824844383e-07, 4.83772282678e-07, 2.68974645223e-07, 3.11975810519e-07, 2.06666825875e-07, 1.03765685822e-07, 1.45802118823e-07, 2.56918724517e-07, 2.43719085802e-07, 7.38108525411e-08, 1.68952336566e-08, 5.82568233654e-08, 2.65055859927e-07, 3.92403393334e-07, 8.68035243684e-08, 1.71887410971e-08, 1.70191754023e-08, 1.83480199922e-08, 3.24700231147e-08, 1.86012307779e-08, 4.9500030741e-08, 5.98811666919e-08, 4.21431600728e-08, 2.08824886272e-08, 2.95249087401e-08, 3.48995783384e-08, 5.13488203069e-08, 1.86572570726e-08, 6.39161523708e-09, 2.35544757032e-08, 3.2849634124e-08, 2.07911430294e-08, 6.02084382351e-09, 3.1144873347e-09, 3.41721295705e-09, 2.77862488574e-09, 1.15334353179e-09, 7.70731478639e-09, 1.91430800101e-08, 1.38835298813e-08, 1.64378999301e-08, 1.04343431673e-08, 5.69242120108e-09, 3.76923914303e-09, 3.90982624054e-09, 2.21515539245e-09, 5.19605469762e-09, 4.82071182972e-09, 3.81303610908e-09, 4.69944128056e-09, 4.13321199488e-09, 3.63105301382e-09, 3.62695806722e-09, 2.10842898696e-09, 8.14538991811e-10, 6.11096895309e-10, 3.57884888391e-10, 2.95220514701e-10, 9.71867919475e-10, 1.8735837326e-09, 8.47872383414e-10, 6.34223951135e-10, 1.29018143391e-10, 2.80240327472e-12, 1.13107147346e-12, 1.13663386429e-12, 1.38639544723e-12, 1.45900945405e-12, 1.34016734342e-12, 1.14809453177e-12, 1.22236379005e-12, 1.46590649775e-12, 1.36636893206e-12, 1.57761206442e-12, 1.2623863543e-12, 1.59626261861e-12, 1.57132380024e-12, 1.50451678026e-12, 1.44635323683e-12, 1.08931711307e-12, 9.76486795069e-13, 4.68369971713e-13, 5.47648948759e-14, 1.7245728449e-15],
        "stdev": [0.000891870236956, 0.00508482474834, 0.00906417798251, 0.00804482400417, 0.00535483472049, 0.00363657623529, 0.00242594955489, 0.00153586699162, 0.000794667867012, 0.000604900997132, 0.000498677312862, 0.00038027780829, 0.000343584135408, 0.000479040929349, 0.000788900826592, 0.000535224797204, 0.000287406350253, 0.000359704950824, 0.000381599093089, 0.000323259708239, 0.00030976018752, 0.000392334826756, 0.000695114256814, 0.00115099176764, 0.00209302874282, 0.0010426894296, 0.000922868726775, 0.000874633726198, 0.000658098550048, 0.000487469515065, 0.000446506019216, 0.000694598944392, 0.000636699376628, 0.000461199582787, 0.000460822804598, 0.000362527556717, 0.000386854429962, 0.000414612499299, 0.000644696701784, 0.000462101597805, 0.000248368422035, 0.000231676385738, 0.000188935810002, 0.000220645815716, 0.000232271471759, 0.000167186241015, 0.000197582819965, 0.000196959124878, 0.000208628072869, 0.000112589710625, 0.000109805696411, 0.000130222731968, 0.000120100557979, 6.38017008896e-05, 5.57813473279e-05, 5.32155427209e-05, 5.63725043321e-05, 3.18263846566e-05, 2.8551385185e-05, 3.1795068935e-05, 3.2418203773e-05, 3.31601295329e-05, 1.68928545463e-05, 2.42660153162e-05, 2.32856509683e-05, 1.7601012587e-05, 1.65133242263e-05, 1.4765173546e-05, 1.36303951876e-05, 1.11296703835e-05, 9.51314632403e-06, 1.11183708214e-05, 1.22301289593e-05, 1.14657268568e-05, 1.06667239379e-05, 1.19797923617e-05, 1.58279417519e-05, 1.6225658328e-05, 1.71861793206e-05, 1.95391312445e-05, 2.12242703128e-05, 2.32311540458e-05, 1.90986756934e-05, 1.58560014825e-05, 1.34559786602e-05, 1.51033809743e-05, 1.10680575744e-05, 9.14349038794e-06, 7.55306064093e-06, 6.74019656799e-06, 6.50404035696e-06, 6.06466210229e-06, 5.38808899364e-06, 5.05720709043e-06, 4.26486030847e-06, 3.9973820094e-06, 4.1877701733e-06, 3.7447507566e-06, 3.6593958157e-06, 3.14915405397e-06, 2.92352842735e-06, 2.705986617e-06, 2.76500554719e-06, 2.44440684583e-06, 2.0695490548e-06, 1.56979774601e-06, 3.77666282247e-07, 1.74259575658e-08, 1.49263892912e-10, 1.2048417819e-10, 1.02675548619e-10, 8.9450016838e-11, 7.93637516816e-11, 7.27432628023e-11, 6.61952159753e-11, 6.18718687395e-11, 5.79583221694e-11, 5.39742417427e-11, 5.11226894151e-11, 4.91723016471e-11, 4.68026485623e-11, 4.5720947861e-11, 4.33782419706e-11, 4.25655066749e-11, 4.12247770643e-11, 4.09182479566e-11, 4.0445820304e-11, 4.00682438617e-11]
    },
    "mfcc": {
        "mean": [-626.555419922, 98.3259811401, -43.8800811768, -17.9166717529, -17.849811554, -0.0291080940515, -0.886688172817, 11.2256565094, 2.00987052917, 7.18683338165, 4.03269147873, -4.6847114563, -7.81553316116],
        "cov": [[3817.28857422, 179.579544067, 1894.68493652, 1433.6875, 1298.59777832, 943.648925781, 469.59564209, 102.239120483, 117.948867798, 55.8490600586, 68.0850524902, 222.371200562, 527.851806641], [179.579544067, 553.95880127, 86.0232467651, 133.055847168, 173.785629272, 159.455001831, 163.217041016, 76.3526306152, 14.2016010284, 33.4734077454, 67.6801681519, 43.374332428, 62.8359642029], [1894.68493652, 86.0232467651, 1419.94604492, 992.149841309, 860.356323242, 590.59375, 317.371490479, 50.8018264771, 103.018936157, 15.0395002365, 57.8922462463, 158.092102051, 331.434814453], [1433.6875, 133.055847168, 992.149841309, 891.147705078, 707.648864746, 460.748809814, 237.299224854, 49.8457565308, 76.1561508179, 6.91693401337, 58.6035232544, 121.254814148, 258.863677979], [1298.59777832, 173.785629272, 860.356323242, 707.648864746, 733.979553223, 480.241027832, 259.073425293, 67.6716156006, 83.0285110474, 46.3819274902, 60.3250045776, 106.617874146, 235.404251099], [943.648925781, 159.455001831, 590.59375, 460.748809814, 480.241027832, 473.309387207, 287.629943848, 86.2911529541, 61.5440254211, 48.9347839355, 73.6915435791, 85.9528198242, 165.411697388], [469.59564209, 163.217041016, 317.371490479, 237.299224854, 259.073425293, 287.629943848, 284.220733643, 91.4905548096, 50.3046302795, 41.1580123901, 64.3604202271, 60.1113510132, 101.026100159], [102.239120483, 76.3526306152, 50.8018264771, 49.8457565308, 67.6716156006, 86.2911529541, 91.4905548096, 115.875030518, 45.7456703186, 40.456489563, 40.8836212158, 18.9096355438, 21.2498760223], [117.948867798, 14.2016010284, 103.018936157, 76.1561508179, 83.0285110474, 61.5440254211, 50.3046302795, 45.7456703186, 114.025772095, 62.3577041626, 23.2914161682, 27.9550571442, 26.6413383484], [55.8490600586, 33.4734077454, 15.0395002365, 6.91693401337, 46.3819274902, 48.9347839355, 41.1580123901, 40.456489563, 62.3577041626, 109.478401184, 45.2394828796, 24.9663696289, 15.2791624069], [68.0850524902, 67.6801681519, 57.8922462463, 58.6035232544, 60.3250045776, 73.6915435791, 64.3604202271, 40.8836212158, 23.2914161682, 45.2394828796, 100.579498291, 44.3008041382, 23.8079338074], [222.371200562, 43.374332428, 158.092102051, 121.254814148, 106.617874146, 85.9528198242, 60.1113510132, 18.9096355438, 27.9550571442, 24.9663696289, 44.3008041382, 91.0528488159, 67.1979904175], [527.851806641, 62.8359642029, 331.434814453, 258.863677979, 235.404251099, 165.411697388, 101.026100159, 21.2498760223, 26.6413383484, 15.2791624069, 23.8079338074, 67.1979904175, 158.192489624]],
        "icov": [[0.000980068231001, 5.68558243685e-05, -0.000675294548273, -0.000288540060865, -0.000123849589727, -0.000799214234576, 0.000477892986964, -0.000300617422909, 0.00055523426272, -0.000533369777258, 0.00060786481481, 6.01022511546e-05, -0.000809682300314], [5.68558243685e-05, 0.00250442977995, 0.000796735868789, -0.000271198805422, -0.000968844804447, 0.000372754991986, -0.0013088916894, -0.000550737255253, 0.000631753879134, 6.02330364927e-05, -0.00064560410101, -0.000214878382394, -0.000371926085791], [-0.000675294548273, 0.000796735868789, 0.00469563528895, -0.00254870508797, -0.00125289882999, -0.000165332225151, -0.00103233777918, 0.00108339381404, -0.00117544445675, 0.00113194610458, 0.000117643299745, -0.000871125899721, -0.000738493341487], [-0.000288540060865, -0.000271198805422, -0.00254870508797, 0.00768118677661, -0.00395749881864, 0.000315694225719, 0.000960290548392, -0.00017894966004, -0.00107603368815, 0.00284478324465, -0.00179017672781, -8.96406781976e-05, -0.000975250848569], [-0.000123849589727, -0.000968844804447, -0.00125289882999, -0.00395749881864, 0.0100157307461, -0.00465374998748, 0.00140603189357, 0.000109241991595, -0.000352016213583, -0.00229478557594, 0.00116677745245, 0.00115349632688, -0.00143634725828], [-0.000799214234576, 0.000372754991986, -0.000165332225151, 0.000315694225719, -0.00465374998748, 0.0126576339826, -0.00760188838467, -0.000165688776178, 0.00109419447836, -0.00058459979482, -0.00160307146143, 5.7619115978e-05, 0.00100445048884], [0.000477892986964, -0.0013088916894, -0.00103233777918, 0.000960290548392, 0.00140603189357, -0.00760188838467, 0.012287709862, -0.00378505699337, -0.000699554278981, 0.000796216423623, -0.000698557472788, -0.000214415238588, -0.00172842515167], [-0.000300617422909, -0.000550737255253, 0.00108339381404, -0.00017894966004, 0.000109241991595, -0.000165688776178, -0.00378505699337, 0.0144481919706, -0.00414799666032, -0.000538348220289, -0.00285788206384, 0.00148375786375, 0.000282334513031], [0.00055523426272, 0.000631753879134, -0.00117544445675, -0.00107603368815, -0.000352016213583, 0.00109419447836, -0.000699554278981, -0.00414799666032, 0.0160295236856, -0.00881226547062, 0.0030503498856, -0.00235171034001, 0.00119503727183], [-0.000533369777258, 6.02330364927e-05, 0.00113194610458, 0.00284478324465, -0.00229478557594, -0.00058459979482, 0.000796216423623, -0.000538348220289, -0.00881226547062, 0.0179381966591, -0.00621157884598, -0.000162524913321, -0.000925598607864], [0.00060786481481, -0.00064560410101, 0.000117643299745, -0.00179017672781, 0.00116677745245, -0.00160307146143, -0.000698557472788, -0.00285788206384, 0.0030503498856, -0.00621157884598, 0.0178143586963, -0.00731517234817, 0.0021936185658], [6.01022511546e-05, -0.000214878382394, -0.000871125899721, -8.96406781976e-05, 0.00115349632688, 5.7619115978e-05, -0.000214415238588, 0.00148375786375, -0.00235171034001, -0.000162524913321, -0.00731517234817, 0.0206770412624, -0.0072531523183], [-0.000809682300314, -0.000371926085791, -0.000738493341487, -0.000975250848569, -0.00143634725828, 0.00100445048884, -0.00172842515167, 0.000282334513031, 0.00119503727183, -0.000925598607864, 0.0021936185658, -0.0072531523183, 0.0171060562134]]
    },
    "spectral_contrast_coeffs": {
        "max": [-0.386736452579, -0.38926333189, -0.540679454803, -0.617413818836, -0.659842014313, -0.617761254311],
        "mean": [-0.733542203903, -0.717158913612, -0.746597766876, -0.782447516918, -0.789990723133, -0.764963209629],
        "min": [-0.900262057781, -0.907716095448, -0.892480492592, -0.912017524242, -0.887996435165, -0.860597848892],
        "stdev": [0.0719329118729, 0.0965261384845, 0.0563332512975, 0.047663807869, 0.0303965564817, 0.0274901241064]
    },
    "spectral_contrast_valleys": {
        "max": [-5.12402772903, -4.67903995514, -5.24200153351, -5.72807884216, -5.70435476303, -7.40086746216],
        "mean": [-7.90215349197, -6.75539207458, -6.45298576355, -6.83872032166, -7.24661302567, -9.95599651337],
        "min": [-11.1081104279, -8.47549533844, -8.57799339294, -8.46126079559, -9.35502147675, -12.2660951614],
        "stdev": [1.70930862427, 0.660685181618, 0.438477724791, 0.429886192083, 0.557358920574, 0.876409590244]
    }
},
"rhythm": {
    "beats_count": 116,
    "beats_loudness": {
        "max": 0.125333547592,
        "mean": 0.0532433837652,
        "min": 0.00249363505282,
        "stdev": 0.0397443920374
    },
    "bpm": 132.196334839,
    "bpm_histogram_first_peak_bpm": 133,
    "bpm_histogram_first_peak_weight": 0.413793087006,
    "bpm_histogram_second_peak_bpm": 152,
    "bpm_histogram_second_peak_spread": 0.416666686535,
    "bpm_histogram_second_peak_weight": 0.121739126742,
    "danceability": 1.2331649065,
    "onset_rate": 1.86737799644,
    "beats_loudness_band_ratio": {
        "max": [0.945826888084, 0.277716189623, 0.8380382061, 0.805361688137, 0.398156732321, 0.363505750895],
        "mean": [0.367319226265, 0.0224641412497, 0.279133588076, 0.241655707359, 0.0816456377506, 0.026425620541],
        "min": [5.08545381308e-05, 0.000636889133602, 0.00361229432747, 0.0108679300174, 0.0042533185333, 0.00258677080274],
        "stdev": [0.380561232567, 0.0403860807419, 0.261103987694, 0.177898541093, 0.0717932060361, 0.0485732927918]
    },
