{
"metadata": {
    "version": {
        "essentia": "2.1-beta5",
        "essentia_git_sha": "Undefined",
        "extractor": "music 2.0"
    },
    "audio_properties": {
        "analysis": {
            "equal_loudness": 0,
            "length": 52.2448997498,
            "sample_rate": 44100,
            "start_time": 110.236732483,
            "downmix": "mix"
        },
        "bit_rate": 192000,
        "length": 183.34475708,
        "lossless": 0,
        "number_channels": 2,
        "replay_gain": -10.0139026642,
        "sample_rate": 44100,
        "codec": "mp3",
        "md5_encoded": "ca7430fd372f1e1c5b44d984bb35234c"
    },
    "tags": {
        "file_name": "Serbia_Cipela_Marko Kon _ Milaan.mp3",
        "encoding": ["Lavf58.29.100"]
    }
},
"lowlevel": {
    "average_loudness": 0.965762257576,
    "barkbands_crest": {
        "max": 25.0389842987,
        "mean": 10.1339874268,
        "min": 2.28398799896,
        "stdev": 4.90557098389
    },
    "barkbands_flatness_db": {
        "max": 0.281062811613,
        "mean": 0.119548894465,
        "min": 0.0234992001206,
        "stdev": 0.0485372506082
    },
    "barkbands_kurtosis": {
        "max": 79.0945892334,
        "mean": 2.75898122787,
        "min": -1.91767907143,
        "stdev": 7.89190912247
    },
    "barkbands_skewness": {
        "max": 8.41567134857,
        "mean": 1.03437697887,
        "min": -3.54937648773,
        "stdev": 1.490254879
    },
    "barkbands_spread": {
        "max": 104.125137329,
        "mean": 29.8730487823,
        "min": 2.39479780197,
        "stdev": 15.1913013458
    },
    "dissonance": {
        "max": 0.499999940395,
        "mean": 0.47664770484,
        "min": 0.375651866198,
        "stdev": 0.016919022426
    },
    "dynamic_complexity": 2.659760952,
    "erbbands_crest": {
        "max": 27.8468284607,
        "mean": 8.74178981781,
        "min": 2.42520332336,
        "stdev": 3.99115824699
    },
    "erbbands_flatness_db": {
        "max": 0.338983267546,
        "mean": 0.152052611113,
        "min": 0.0557757429779,
        "stdev": 0.0486213676631
    },
    "erbbands_kurtosis": {
        "max": 22.1142616272,
        "mean": 1.0859079361,
        "min": -1.66816496849,
        "stdev": 3.01009297371
    },
    "erbbands_skewness": {
        "max": 3.00698208809,
        "mean": -0.340818703175,
        "min": -3.56834721565,
        "stdev": 0.886931061745
    },
    "erbbands_spread": {
        "max": 127.028915405,
        "mean": 36.3090438843,
        "min": 3.22491002083,
        "stdev": 18.3707466125
    },
    "hfc": {
        "max": 171.879394531,
        "mean": 26.2788734436,
        "min": 0.344541281462,
        "stdev": 23.5151672363
    },
    "loudness_ebu128": {
        "integrated": -13.8992929459,
        "loudness_range": 4.40136432648,
        "momentary": {
            "max": -10.7234401703,
            "mean": -14.3423986435,
            "min": -20.1233119965,
            "stdev": 2.0647521019
        },
        "short_term": {
            "max": -12.036819458,
            "mean": -14.2247896194,
            "min": -17.5923252106,
            "stdev": 1.58455359936
        }
    },
    "melbands_crest": {
        "max": 34.6972770691,
        "mean": 15.0749874115,
        "min": 3.08661603928,
        "stdev": 7.06074237823
    },
    "melbands_flatness_db": {
        "max": 0.40191924572,
        "mean": 0.172111660242,
        "min": 0.0282435920089,
        "stdev": 0.0651689767838
    },
    "melbands_kurtosis": {
        "max": 290.248718262,
        "mean": 12.0525741577,
        "min": -1.85236740112,
        "stdev": 24.6418704987
    },
    "melbands_skewness": {
        "max": 14.6891126633,
        "mean": 2.37059831619,
        "min": -2.16000413895,
        "stdev": 2.11299824715
    },
    "melbands_spread": {
        "max": 263.252929688,
        "mean": 37.5896644592,
        "min": 1.49657607079,
        "stdev": 29.0576286316
    },
    "pitch_salience": {
        "max": 0.866350054741,
        "mean": 0.510349869728,
        "min": 0.117899358273,
        "stdev": 0.140439987183
    },
    "silence_rate_20dB": {
        "max": 1,
        "mean": 1,
        "min": 1,
        "stdev": 0
    },
    "silence_rate_30dB": {
        "max": 1,
        "mean": 0.982674360275,
        "min": 0,
        "stdev": 0.130480512977
    },
    "silence_rate_60dB": {
        "max": 1,
        "mean": 0.0270990673453,
        "min": 0,
        "stdev": 0.162375047803
    },
    "spectral_centroid": {
        "max": 5091.95996094,
        "mean": 1886.98535156,
        "min": 352.515106201,
        "stdev": 678.490600586
    },
    "spectral_complexity": {
        "max": 57,
        "mean": 20.6659259796,
        "min": 1,
        "stdev": 10.4851951599
    },
    "spectral_decrease": {
        "max": -1.24919838362e-10,
        "mean": -6.82968614996e-09,
        "min": -3.88979337629e-08,
        "stdev": 6.62484822556e-09
    },
    "spectral_energy": {
        "max": 0.149703621864,
        "mean": 0.0281604211777,
        "min": 0.000511884922162,
        "stdev": 0.0259873252362
    },
    "spectral_energyband_high": {
        "max": 0.0213634800166,
        "mean": 0.00127326056827,
        "min": 1.58361899594e-06,
        "stdev": 0.00209147529677
    },
    "spectral_energyband_low": {
        "max": 0.132517695427,
        "mean": 0.0132927168161,
        "min": 2.45549517786e-06,
        "stdev": 0.0213536173105
    },
    "spectral_energyband_middle_high": {
        "max": 0.0422923639417,
        "mean": 0.00713761569932,
        "min": 2.51882593147e-05,
        "stdev": 0.00703740632161
    },
    "spectral_energyband_middle_low": {
        "max": 0.101862542331,
        "mean": 0.00724542420357,
        "min": 0.000224029106903,
        "stdev": 0.00820252671838
    },
    "spectral_entropy": {
        "max": 8.7630405426,
        "mean": 7.66101360321,
        "min": 6.3234744072,
        "stdev": 0.405697494745
    },
    "spectral_flux": {
        "max": 0.37544670701,
        "mean": 0.0954957008362,
        "min": 0.0101664615795,
        "stdev": 0.0576845668256
    },
    "spectral_kurtosis": {
        "max": 18.8572559357,
        "mean": 4.1521987915,
        "min": -0.45295882225,
        "stdev": 2.23026919365
    },
    "spectral_rms": {
        "max": 0.0120852105319,
        "mean": 0.00476198364049,
        "min": 0.000706682330929,
        "stdev": 0.00219022366218
    },
    "spectral_rolloff": {
        "max": 10077.5390625,
        "mean": 2073.68139648,
        "min": 64.599609375,
        "stdev": 1560.37805176
    },
    "spectral_skewness": {
        "max": 2.94528007507,
        "mean": 1.43798387051,
        "min": 0.0602757558227,
        "stdev": 0.375489473343
    },
    "spectral_spread": {
        "max": 10383862,
        "mean": 4554737,
        "min": 1984982.125,
        "stdev": 1350912.625
    },
    "spectral_strongpeak": {
        "max": 14.4886465073,
        "mean": 1.05698120594,
        "min": 0.0244177244604,
        "stdev": 1.75032043457
    },
    "zerocrossingrate": {
        "max": 0.34375,
        "mean": 0.0781184956431,
        "min": 0.00634765625,
        "stdev": 0.0435389466584
    },
    "barkbands": {
        "max": [0.00617346260697, 0.118305020034, 0.0698072612286, 0.0427354872227, 0.0607635527849, 0.0203203298151, 0.0259789228439, 0.0268412195146, 0.0277201924473, 0.0259409286082, 0.010339579545, 0.0109079675749, 0.0113866217434, 0.0108255716041, 0.02715469338, 0.0369299128652, 0.0129943108186, 0.00506237102672, 0.00350310094655, 0.00240318058059, 0.00390634778887, 0.010040407069, 0.0119774667546, 0.0101029854268, 0.00201993458904, 0.000886798836291, 8.04254523246e-05],
        "mean": [0.000570523203351, 0.00947184301913, 0.00265923631378, 0.00117058679461, 0.00166300858837, 0.00128979014698, 0.00106874771882, 0.000728989893105, 0.000948607048485, 0.00081185012823, 0.000368911947589, 0.0004027786199, 0.000431496679084, 0.000692542933393, 0.0007989264559, 0.00174557673745, 0.0011480320245, 0.000457756832475, 0.000321488274494, 0.000284769979771, 0.000315941520967, 0.000209569538129, 0.000217490480281, 0.000208774814382, 0.000105456427264, 6.53071256238e-05, 2.42432406594e-06],
        "min": [6.54928278276e-10, 2.55466687804e-07, 3.5404650589e-07, 4.33462332694e-07, 4.09965605286e-06, 3.71566869717e-07, 3.91413607304e-07, 1.45592639456e-06, 3.37064079758e-07, 1.88579491578e-07, 3.94907232248e-07, 1.08532063336e-07, 4.74370779102e-07, 3.02353384996e-07, 1.07601363197e-06, 1.80653728421e-06, 2.05984702006e-06, 8.29599684948e-07, 1.8544960767e-06, 5.88363207044e-07, 4.15981617152e-07, 1.2949021766e-07, 7.90353524849e-08, 1.87095650972e-07, 5.10884028415e-08, 6.16003816845e-08, 2.50222464276e-11],
        "stdev": [0.000933755596634, 0.0169402956963, 0.00698735238984, 0.00289699085988, 0.00313056656159, 0.00192776334006, 0.00203570979647, 0.00143508752808, 0.00173130736221, 0.00188414100558, 0.000764605007134, 0.00085856259102, 0.000797182437964, 0.00127221795265, 0.00176282750908, 0.00384468445554, 0.00158504256979, 0.000525189971086, 0.000335833901772, 0.000329200556735, 0.0005034711794, 0.0004558711953, 0.000615085009485, 0.000563809939194, 0.00020257923461, 0.000111377346911, 5.39832763025e-06]
    },
    "erbbands": {
        "max": [3.33494091034, 30.976984024, 75.7741241455, 126.88230896, 227.377166748, 174.72869873, 87.8333740234, 212.966766357, 385.146392822, 312.126495361, 478.518310547, 841.99798584, 711.061279297, 879.172729492, 614.363342285, 389.135253906, 413.434020996, 466.702301025, 895.53717041, 1852.82299805, 1104.94372559, 739.064697266, 302.320556641, 217.001602173, 104.7420578, 111.635093689, 196.389602661, 168.841796875, 335.846618652, 246.307693481, 352.628295898, 345.607543945, 80.309928894, 30.3485794067, 9.5744228363, 4.90468358994, 1.99526226521, 0.298505306244, 0.00592134753242, 0.000262036832282],
        "mean": [0.317760318518, 1.90461206436, 3.45654845238, 3.49482345581, 4.92884922028, 5.25569820404, 6.59324502945, 12.2808914185, 16.9244670868, 15.0596866608, 15.0951766968, 23.9217700958, 27.6369781494, 15.0369310379, 17.2588787079, 16.457983017, 20.3300952911, 30.2976875305, 35.5963478088, 85.2605285645, 69.1958999634, 64.3802261353, 30.5956935883, 19.9664306641, 14.3619680405, 12.9393463135, 13.7028627396, 10.3980302811, 7.75761270523, 6.94524765015, 6.17862558365, 5.8169593811, 2.51267743111, 1.51677846909, 0.568321764469, 0.301857978106, 0.115987204015, 0.0172710139304, 0.000359949131962, 4.75814813399e-05],
        "min": [4.98048439113e-06, 0.000120497679745, 0.000791067315731, 0.00224906089716, 0.00526213971898, 0.026703748852, 0.0138850789517, 0.0227123964578, 0.0339491255581, 0.0435954071581, 0.0679496154189, 0.0508819371462, 0.025914914906, 0.0250141918659, 0.0295951366425, 0.0430399887264, 0.0561868548393, 0.0501169003546, 0.0330702327192, 0.151267066598, 0.121594108641, 0.0916864275932, 0.0684677511454, 0.104110948741, 0.0680886209011, 0.0330550335348, 0.0140091907233, 0.0311923064291, 0.0110262129456, 0.00296623283066, 0.00273488624953, 0.00484527554363, 0.00195680651814, 0.000640847720206, 0.000341917795595, 0.000235777595663, 0.000107588835817, 1.12461038952e-05, 8.41881558244e-07, 6.75046294418e-07],
        "stdev": [0.515595257282, 4.03666734695, 8.45847702026, 8.28658866882, 11.2247724533, 9.80003929138, 10.151093483, 18.9602832794, 30.9666347504, 27.7726993561, 27.804769516, 47.1577606201, 59.9771842957, 36.2051544189, 35.6160774231, 31.0334339142, 35.2625923157, 51.732624054, 66.1901321411, 172.85697937, 118.658927917, 91.0911254883, 35.177520752, 21.1898460388, 14.3107976913, 15.0742235184, 22.6010799408, 15.8119277954, 15.2071771622, 16.4200210571, 18.272228241, 18.1097679138, 5.71990060806, 2.84670186043, 1.0951551199, 0.531025052071, 0.205772280693, 0.0319560468197, 0.000636797747575, 4.30077088822e-05]
    },
    "gfcc": {
        "mean": [12.0594348907, 68.6326370239, -123.902641296, 40.8848342896, -51.0329017639, 13.9193916321, -40.5661506653, 16.573469162, -16.8130016327, 8.66705417633, -18.1712436676, 5.70311021805, -9.70489406586],
        "cov": [[3215.22827148, -611.796813965, 442.553009033, 9.21001911163, 57.3797492981, 260.551177979, -110.326202393, 109.162086487, -36.1985206604, 32.7438545227, -160.606124878, 88.5728607178, -65.9275894165], [-611.796813965, 1011.30853271, 22.0365562439, 38.4254989624, 163.831298828, 26.7536315918, 185.841903687, 3.742010355, 69.8050689697, -45.8214836121, 86.5322952271, -69.0812835693, 56.289264679], [442.553009033, 22.0365562439, 919.133422852, 255.378173828, 97.072883606, 291.356292725, 119.172996521, 104.267753601, -75.5829925537, 33.8763046265, 18.4720897675, 44.5094261169, -49.808013916], [9.21001911163, 38.4254989624, 255.378173828, 495.924957275, 201.679779053, 31.7583885193, 74.6721343994, 63.9102287292, 65.2028656006, 28.886341095, 24.5711154938, -13.6507759094, 8.78950023651], [57.3797492981, 163.831298828, 97.072883606, 201.679779053, 315.277374268, 54.829284668, 28.6959381104, 87.4226989746, 96.0688018799, 25.3666744232, 13.8962459564, 26.7972354889, 58.0906677246], [260.551177979, 26.7536315918, 291.356292725, 31.7583885193, 54.829284668, 319.570068359, 199.641921997, 71.9892578125, -39.1690177917, -7.25863695145, 11.2443971634, -12.5756120682, -44.5673866272], [-110.326202393, 185.841903687, 119.172996521, 74.6721343994, 28.6959381104, 199.641921997, 295.661254883, 75.3497161865, -20.580783844, -19.9158821106, 32.5817604065, -39.47082901, -39.3879127502], [109.162086487, 3.742010355, 104.267753601, 63.9102287292, 87.4226989746, 71.9892578125, 75.3497161865, 140.470825195, 55.8331069946, 30.4195594788, 18.5189418793, 26.8986854553, 23.2997684479], [-36.1985206604, 69.8050689697, -75.5829925537, 65.2028656006, 96.0688018799, -39.1690177917, -20.580783844, 55.8331069946, 177.47718811, 62.254070282, 29.6463260651, 30.266708374, 56.9487075806], [32.7438545227, -45.8214836121, 33.8763046265, 28.886341095, 25.3666744232, -7.25863695145, -19.9158821106, 30.4195594788, 62.254070282, 94.2230377197, 29.9562225342, 19.22722435, 17.5559825897], [-160.606124878, 86.5322952271, 18.4720897675, 24.5711154938, 13.8962459564, 11.2443971634, 32.5817604065, 18.5189418793, 29.6463260651, 29.9562225342, 87.0036239624, 39.7882766724, 28.2683620453], [88.5728607178, -69.0812835693, 44.5094261169, -13.6507759094, 26.7972354889, -12.5756120682, -39.47082901, 26.8986854553, 30.266708374, 19.22722435, 39.7882766724, 124.206954956, 63.4201469421], [-65.9275894165, 56.289264679, -49.808013916, 8.78950023651, 58.0906677246, -44.5673866272, -39.3879127502, 23.2997684479, 56.9487075806, 17.5559825897, 28.2683620453, 63.4201469421, 123.819137573]],
        "icov": [[0.000487625249662, 5.57431576453e-06, 4.22784469265e-05, -0.00014930080215, 0.000131729393615, -0.000754113600124, 0.000596418743953, -0.00038401351776, 4.6438028221e-05, -0.000297871563816, 0.00116924627218, -0.000719561998267, 0.000335950957378], [5.57431576453e-06, 0.00281210360117, -0.00157049088739, 0.00203688698821, -0.00249353144318, 0.0026121661067, -0.00298709934577, 0.00223028031178, -0.00211201515049, 0.00298585416749, -0.00382550875656, 0.00397949665785, -0.00192849617451], [4.22784469265e-05, -0.00157049088739, 0.00343758077361, -0.00274529145099, 0.00181047408842, -0.00408457266167, 0.00298916688189, -0.00239258515649, 0.00298591470346, -0.002882683184, 0.00241875415668, -0.00374779221602, 0.00179848552216], [-0.00014930080215, 0.00203688698821, -0.00274529145099, 0.00551803968847, -0.00418757507578, 0.00445933034644, -0.00400515692309, 0.00240649678744, -0.00257395766675, 0.00240915571339, -0.00380083941855, 0.00450341124088, -0.00125535647385], [0.000131729393615, -0.00249353144318, 0.00181047408842, -0.00418757507578, 0.0083806598559, -0.00461048679426, 0.00416064541787, -0.00405640341341, 7.07291328581e-05, -0.00170325650834, 0.00441215233877, -0.00375402695499, -0.000150748470332], [-0.000754113600124, 0.0026121661067, -0.00408457266167, 0.00445933034644, -0.00461048679426, 0.0127408970147, -0.00922164786607, 0.0028112558648, -0.00190777343232, 0.00297333369963, -0.00460825394839, 0.00478623714298, -0.0012057304848], [0.000596418743953, -0.00298709934577, 0.00298916688189, -0.00400515692309, 0.00416064541787, -0.00922164786607, 0.0129817593843, -0.00679981848225, 0.00291392276995, -0.00073839421384, 0.00101176847238, -0.0022851487156, 0.00300415232778], [-0.00038401351776, 0.00223028031178, -0.00239258515649, 0.00240649678744, -0.00405640341341, 0.0028112558648, -0.00679981848225, 0.0149968508631, -0.00475965533406, 0.000261597830104, -0.00171813496854, 0.0013753711246, -0.00258197402582], [4.6438028221e-05, -0.00211201515049, 0.00298591470346, -0.00257395766675, 7.07291328581e-05, -0.00190777343232, 0.00291392276995, -0.00475965533406, 0.0131488833576, -0.00803995225579, 0.00235803215764, -0.0034111009445, -0.000227405893384], [-0.000297871563816, 0.00298585416749, -0.002882683184, 0.00240915571339, -0.00170325650834, 0.00297333369963, -0.00073839421384, 0.000261597830104, -0.00803995225579, 0.020441127941, -0.0102223437279, 0.00631272513419, -0.00136143493], [0.00116924627218, -0.00382550875656, 0.00241875415668, -0.00380083941855, 0.00441215233877, -0.00460825394839, 0.00101176847238, -0.00171813496854, 0.00235803215764, -0.0102223437279, 0.0260919332504, -0.0131785375997, 0.00167895946652], [-0.000719561998267, 0.00397949665785, -0.00374779221602, 0.00450341124088, -0.00375402695499, 0.00478623714298, -0.0022851487156, 0.0013753711246, -0.0034111009445, 0.00631272513419, -0.0131785375997, 0.0214741379023, -0.00883780512959], [0.000335950957378, -0.00192849617451, 0.00179848552216, -0.00125535647385, -0.000150748470332, -0.0012057304848, 0.00300415232778, -0.00258197402582, -0.000227405893384, -0.00136143493, 0.00167895946652, -0.00883780512959, 0.0154637470841]]
    },
    "melbands": {
        "max": [0.0297079868615, 0.0305101983249, 0.0190758761019, 0.0155269401148, 0.00303282262757, 0.00512245064601, 0.00517411204055, 0.00348023464903, 0.00360919488594, 0.00547258323058, 0.00372383464128, 0.00352023611777, 0.00153019744903, 0.00137276726309, 0.000780551985372, 0.00118629715871, 0.00104533461854, 0.00176618201658, 0.00180989154615, 0.00353014934808, 0.00116060161963, 0.00081678776769, 0.000775002816226, 0.000370113964891, 0.00020233822579, 0.000102531303128, 0.000105619546957, 8.11017307569e-05, 0.00011012932373, 9.2717113148e-05, 0.000104843573354, 0.00017620412109, 0.000221417823923, 0.00014329237456, 0.000222424554522, 0.000251888297498, 0.000186070159543, 5.80912928854e-05, 4.39876785094e-05, 1.96860892174e-05],
        "mean": [0.00270427158102, 0.00201218272559, 0.000655625655781, 0.000364100123988, 0.000238484193687, 0.000280018197373, 0.00024238860351, 0.000165229532286, 0.000127514460473, 0.000147024707985, 0.000136741233291, 6.23092855676e-05, 5.23506423633e-05, 4.6228440624e-05, 4.45692348876e-05, 4.40276016889e-05, 5.97110119998e-05, 5.86626883887e-05, 5.96670761297e-05, 0.000167272432009, 5.93300173932e-05, 7.50129911467e-05, 3.51447233697e-05, 2.14391202462e-05, 1.56494243129e-05, 1.02496060208e-05, 9.94016954792e-06, 8.39948097564e-06, 8.55914277054e-06, 7.29174598746e-06, 5.79726565775e-06, 4.40573330707e-06, 4.03067042498e-06, 3.75600870939e-06, 3.48153707819e-06, 3.83226006306e-06, 3.43122064805e-06, 1.80106962944e-06, 1.42006319948e-06, 1.18613024824e-06],
        "min": [6.51443698985e-08, 3.94316771235e-07, 7.66905600358e-07, 4.91838363814e-07, 4.7990135954e-07, 1.04037312099e-07, 4.86649696541e-07, 3.97597318624e-07, 3.93615351868e-07, 3.96673947023e-08, 4.37018101707e-08, 3.42139543363e-08, 1.30724586711e-07, 1.42001672643e-08, 3.83587597241e-08, 4.26914432694e-08, 5.89905653214e-08, 4.13940171029e-08, 1.06241067499e-07, 4.9793271728e-08, 1.23725769186e-07, 7.74432464823e-08, 9.26467578211e-08, 3.77224083081e-08, 7.96103947209e-08, 6.03561431944e-08, 2.85118524346e-08, 1.30699753242e-08, 8.48708303636e-09, 6.59552457094e-09, 1.8600733398e-08, 7.39312122633e-09, 1.91687687945e-09, 1.35163724657e-09, 1.30386668129e-09, 2.33329289223e-09, 3.35869643209e-09, 1.49537915384e-09, 6.70107358491e-10, 4.74859040978e-10],
        "stdev": [0.00451875384897, 0.00432116305456, 0.00143597659189, 0.000735216541216, 0.000355512369424, 0.000424342579208, 0.00044389948016, 0.000305349647533, 0.000225813433644, 0.000290057563689, 0.000303561420878, 0.00015543869813, 0.000107625208329, 0.000103907186713, 8.27717303764e-05, 8.21625508252e-05, 0.00011019527301, 0.000124985963339, 0.000126567159896, 0.000380977726309, 9.00799714145e-05, 0.000109283748316, 5.46927985852e-05, 2.6979141694e-05, 1.78683167178e-05, 1.15111479317e-05, 1.11393055704e-05, 1.11230310722e-05, 1.33790908876e-05, 1.26379800349e-05, 9.17053239391e-06, 8.53335404827e-06, 9.76954015641e-06, 9.0680696303e-06, 1.04592136267e-05, 1.30874186652e-05, 1.03377924461e-05, 4.18086301579e-06, 3.09298434331e-06, 2.12352392737e-06]
    },
    "melbands128": {
        "max": [0.00605633435771, 0.0287202689797, 0.0533715486526, 0.0612510256469, 0.0432144366205, 0.0363466776907, 0.0297844186425, 0.0222146417946, 0.0252410490066, 0.0172212440521, 0.00853864382952, 0.00543523440138, 0.00395141728222, 0.00390206440352, 0.00572620984167, 0.00920009985566, 0.0111535228789, 0.00589890964329, 0.0070846513845, 0.00358187872916, 0.00640358636156, 0.00418549031019, 0.00478167831898, 0.00324142468162, 0.00753105804324, 0.00753675214946, 0.00242182915099, 0.00589725188911, 0.00528984237462, 0.00290583679453, 0.00638942560181, 0.00301491911523, 0.00173390912823, 0.00410366524011, 0.00301799597219, 0.00149938254617, 0.00130682892632, 0.00128364539705, 0.00111242709681, 0.00174907303881, 0.0017379875062, 0.00156744639389, 0.00171712343581, 0.00208774302155, 0.00237376964651, 0.00293723563664, 0.00105526670814, 0.00118196755648, 0.00386340450495, 0.00443603564054, 0.0072291046381, 0.00421756738797, 0.00109354394954, 0.00212918757461, 0.00212320592254, 0.00139984698035, 0.00220193853602, 0.00168786616996, 0.000341921171639, 0.0004430624831, 0.000761839153711, 0.000235864703427, 0.000268991920166, 0.000261972105363, 0.000340733968187, 0.000107952058897, 0.000159477567649, 0.000113200811029, 0.000198712194106, 0.000111874731374, 0.000108028827526, 0.00025887528318, 9.18462465052e-05, 0.000123459773022, 0.000285781512503, 0.000157831163961, 0.000112355795864, 0.00016148861323, 0.000108038635517, 0.00020101244445, 0.000128668165416, 0.000184898613952, 0.000292824930511, 0.000234601451666, 0.000181686002179, 0.000177948211785, 0.000111105451651, 0.000243160553509, 0.000275739061181, 0.000219380453927, 0.000202689960133, 0.000375815929146, 0.000297490594676, 0.000182146701263, 0.000142995500937, 7.2007504059e-05, 4.34488028986e-05, 6.02560248808e-05, 5.08866760356e-05, 5.95904821239e-05, 2.60782853729e-05, 2.03181207326e-05, 2.11572532862e-05, 1.24988700918e-05, 1.34575893753e-05, 1.55474990606e-05, 1.50400765051e-05, 1.28113561004e-05, 1.14413442134e-05, 1.00928564279e-05, 1.73090847966e-05, 1.85689223144e-05, 5.11897860633e-06, 4.96559096064e-06, 4.65840776087e-06, 5.32781086804e-06, 2.68622170552e-06, 2.74582934168e-08, 2.19968399051e-08, 2.01502885488e-08, 1.90275777356e-08, 1.82304749075e-08, 1.76084178349e-08, 1.71199818766e-08, 1.67017084607e-08, 1.6407563308e-08, 1.6190222496e-08, 1.60528266235e-08],
        "mean": [0.000545195129234, 0.00263624498621, 0.00350217078812, 0.00307612656616, 0.00209293141961, 0.00114933820441, 0.00068893074058, 0.000567289825995, 0.000515296240337, 0.000351553753717, 0.000268809933914, 0.00026897637872, 0.000199557922315, 0.000239352026256, 0.000281475251541, 0.000281136773992, 0.000351722817868, 0.000213198567508, 0.000147020182339, 0.000165686607943, 0.000189034733921, 0.000120159696962, 0.000103532867797, 0.000148904218804, 0.000181498558959, 0.000135984300869, 9.49798195506e-05, 0.000178323636646, 0.000134141519084, 5.99278682785e-05, 4.66150013381e-05, 3.93341579183e-05, 4.58008071291e-05, 7.45384095353e-05, 4.74978987768e-05, 3.7105375668e-05, 4.14726528106e-05, 4.93669613206e-05, 4.28325256507e-05, 4.35139918409e-05, 4.66098463221e-05, 3.91100948036e-05, 5.5541004258e-05, 6.86380881234e-05, 7.85853844718e-05, 5.66659764445e-05, 3.94397575292e-05, 3.55878655682e-05, 7.17189905117e-05, 0.000127105842694, 0.000258455809671, 0.000118275158457, 3.17717931466e-05, 5.01153481309e-05, 6.90145679982e-05, 9.62489066296e-05, 6.0269034293e-05, 3.75379313482e-05, 2.69089687208e-05, 2.88946266664e-05, 2.10870621231e-05, 1.31623419293e-05, 2.30741843552e-05, 1.2466399312e-05, 1.26376744447e-05, 8.72071450431e-06, 9.80956792773e-06, 1.15220491352e-05, 9.98020277621e-06, 8.35887476569e-06, 5.44851855011e-06, 1.29702812046e-05, 6.43187422611e-06, 7.58354417485e-06, 1.07453897726e-05, 7.64515243645e-06, 5.84495637668e-06, 5.34416994924e-06, 6.96685219737e-06, 4.77828189105e-06, 4.43433964392e-06, 4.15977638113e-06, 4.08830874221e-06, 3.83627593692e-06, 4.47717548013e-06, 3.34950959768e-06, 3.94285052607e-06, 3.70223483515e-06, 3.50594177689e-06, 3.09275196742e-06, 3.58466763828e-06, 4.27093300459e-06, 3.87648560718e-06, 3.85086605093e-06, 2.96656321552e-06, 1.92180209524e-06, 1.66249776612e-06, 1.33280548198e-06, 1.26930592614e-06, 1.55588099915e-06, 1.66604377227e-06, 1.06884942852e-06, 6.96428742231e-07, 5.8020623328e-07, 6.05849209023e-07, 6.17263594904e-07, 5.68781558741e-07, 5.68206587559e-07, 5.33240609002e-07, 4.41888715841e-07, 5.01743215864e-07, 4.85812506668e-07, 3.28163054064e-07, 3.03655383505e-07, 2.39881529751e-07, 2.32691760971e-07, 9.25837468913e-08, 1.12269631092e-10, 1.42465440486e-11, 1.28938231619e-11, 1.22752545975e-11, 1.18251580403e-11, 1.14593222064e-11, 1.11723633817e-11, 1.09293060713e-11, 1.07573672192e-11, 1.06297626951e-11, 1.05438826073e-11],
        "min": [1.06935738042e-10, 4.53995108174e-09, 2.70826632232e-08, 7.76849802264e-08, 1.61397139209e-07, 1.05050752097e-07, 7.54259943392e-08, 2.55351665146e-07, 1.91096859226e-07, 8.92109923711e-08, 5.01016188537e-08, 5.48169509784e-08, 8.77345769368e-08, 6.99659068459e-08, 1.76048633449e-08, 3.20292130596e-08, 7.01424482941e-08, 2.77479283994e-08, 4.42074679086e-08, 1.69019088503e-07, 6.38337240844e-08, 1.39211010719e-07, 1.48681387202e-08, 1.36614879409e-08, 2.47717082402e-08, 8.86306805725e-10, 1.64769637934e-08, 2.03321821601e-08, 9.24559451221e-09, 8.50653236739e-09, 1.60713344854e-08, 2.63053863137e-08, 2.2124391208e-08, 5.27891463875e-09, 5.49356560242e-09, 1.57033728243e-08, 1.31240636136e-08, 9.79506964427e-09, 2.64817878737e-09, 1.38760336554e-08, 1.83733313008e-08, 2.21722586957e-08, 8.51220161024e-09, 1.37237847753e-08, 1.51407242299e-08, 2.43582434223e-08, 3.27255342825e-08, 3.14550696601e-08, 5.3979096748e-08, 7.96918087076e-09, 1.35524782507e-08, 7.46354889003e-09, 1.58034278996e-08, 2.98028552947e-08, 3.81356777268e-08, 7.84080711469e-09, 2.9690403025e-08, 1.56124322359e-08, 3.88242291649e-08, 3.45690871484e-08, 1.38050344489e-08, 2.6123286645e-08, 3.82560152445e-08, 5.17504226138e-08, 7.28537852268e-09, 4.66908556263e-09, 3.84191656266e-09, 2.14627835504e-08, 1.49919650028e-08, 1.31177655405e-08, 6.22354789925e-09, 1.18242553526e-08, 3.28251248405e-09, 6.18371576167e-09, 4.12951672857e-09, 3.68335695278e-09, 2.20829310393e-09, 3.61009933059e-09, 9.11089337308e-09, 6.83708201166e-09, 2.44156894702e-09, 2.54218424089e-09, 2.5365824996e-09, 1.36501787651e-09, 2.32279373513e-09, 1.07103648173e-09, 9.88948145597e-10, 1.84538129222e-09, 9.01992203151e-10, 1.06232600494e-09, 1.50505785612e-09, 2.66698285678e-09, 2.10260209244e-09, 4.55910953434e-09, 2.21115170618e-09, 1.1401881661e-09, 1.58079849211e-09, 6.00190452893e-10, 8.02479138695e-10, 5.26708565651e-10, 4.41225112002e-10, 4.81702455701e-10, 3.77872344526e-10, 4.01122468574e-10, 2.91499935301e-10, 4.15635831308e-10, 1.73770664524e-10, 3.41098538303e-10, 4.46028242118e-10, 3.5048106084e-10, 3.52104539969e-10, 3.19165499585e-10, 1.64110502965e-10, 1.26815252743e-10, 1.37625799645e-10, 8.16513315294e-11, 1.58272808921e-13, 6.31600349278e-14, 3.99532227506e-14, 3.77372727522e-14, 4.64804823591e-14, 3.93221662642e-14, 4.26038124592e-14, 4.01470408296e-14, 3.88924156281e-14, 3.91430797823e-14, 4.5301375227e-14, 3.74530525408e-14],
        "stdev": [0.000910451402888, 0.00441874796525, 0.00686563411728, 0.00724489986897, 0.00528164487332, 0.003017622279, 0.00180532375816, 0.00140369113069, 0.00126169598661, 0.00081367965322, 0.000546953291632, 0.000508819532115, 0.000389104068745, 0.000422734330641, 0.000505951349624, 0.000572019838728, 0.000714003108442, 0.000466843659524, 0.000408991327276, 0.000362619408406, 0.00038727017818, 0.000311508396408, 0.000248297321377, 0.000333144504111, 0.000456894747913, 0.000354892370524, 0.000224831732339, 0.000465152174002, 0.000369126559235, 0.000182072908501, 0.000189481521375, 0.000117291187053, 0.000114100970677, 0.000178749032784, 0.000169556427863, 0.000100644967461, 9.35646967264e-05, 0.000101749035821, 0.000100268887763, 0.000102179459645, 0.000107777959784, 0.000107321786345, 0.000127649575006, 0.000160232186317, 0.000191207684111, 0.000164817131008, 9.81115736067e-05, 8.78712235135e-05, 0.000234346429352, 0.000380250421586, 0.00072310923133, 0.000323481624946, 7.34783679945e-05, 0.000123737336253, 0.000136186848977, 0.000182610878255, 0.0001372408733, 9.90842600004e-05, 3.75563467969e-05, 4.33401255577e-05, 3.8817004679e-05, 2.12891409319e-05, 3.39132202498e-05, 1.67851412698e-05, 2.45898390858e-05, 1.24480957311e-05, 1.45911226355e-05, 1.34333586175e-05, 1.60567851708e-05, 1.29462259792e-05, 8.94324239198e-06, 2.54984279309e-05, 1.001191049e-05, 1.43397246575e-05, 2.56753646681e-05, 1.43145243783e-05, 1.09244065243e-05, 1.0157997167e-05, 1.21035145639e-05, 1.0129671864e-05, 9.77031049842e-06, 8.98761390999e-06, 1.05354138213e-05, 9.97713777906e-06, 1.11936142275e-05, 9.93685262074e-06, 9.18504156289e-06, 1.04126265796e-05, 1.17824120025e-05, 1.12445213745e-05, 1.22363553601e-05, 1.61630232469e-05, 1.45228568726e-05, 1.20822696772e-05, 8.38021696836e-06, 5.01614431414e-06, 3.62269292964e-06, 3.35652475769e-06, 3.00382885143e-06, 3.91528374166e-06, 3.18838738167e-06, 1.99603914552e-06, 1.41275609167e-06, 1.23488598547e-06, 1.25960389141e-06, 1.35343975671e-06, 1.23832467125e-06, 1.09348252408e-06, 1.00835427475e-06, 8.03530667781e-07, 1.05779361093e-06, 1.15080536034e-06, 5.95322035224e-07, 5.48759771846e-07, 4.60486830889e-07, 4.8711240197e-07, 1.98425624376e-07, 6.51500242643e-10, 4.63799748607e-10, 4.2465841954e-10, 4.01004729422e-10, 3.84209331017e-10, 3.71103370256e-10, 3.60811158728e-10, 3.51992851533e-10, 3.45797168677e-10, 3.4121844239e-10, 3.38322980742e-10]
    },
    "mfcc": {
        "mean": [-629.292175293, 97.9164352417, -8.70676136017, 28.0473937988, 10.7270774841, 3.12219667435, -4.82338428497, 4.74778747559, 5.93547153473, 2.6318795681, 0.123724840581, 4.69411897659, 0.437179356813],
        "cov": [[3074.64550781, -482.56817627, 121.245239258, -200.770492554, 120.656982422, 75.8994674683, -76.4571075439, 56.7474136353, 40.8175773621, 80.6733779907, -108.821617126, -46.2483253479, -11.9238786697], [-482.56817627, 870.478027344, -41.3662643433, -46.9089927673, 7.23271226883, 44.5576324463, 80.4496688843, 54.6677818298, 43.2040634155, -5.25882434845, 70.6591949463, 7.38523626328, 9.2884645462], [121.245239258, -41.3662643433, 757.754211426, 72.5151901245, 63.1803817749, 164.24836731, 232.60710144, 101.588066101, 16.2150192261, 17.6081237793, 60.6354522705, 63.5059738159, -0.435372650623], [-200.770492554, -46.9089927673, 72.5151901245, 487.902282715, 202.223876953, 15.1496267319, 12.6338510513, 10.0266036987, 78.561920166, 5.42894792557, 16.7791614532, 59.1564788818, 55.7857398987], [120.656982422, 7.23271226883, 63.1803817749, 202.223876953, 316.288116455, 37.4289703369, -27.4630565643, 19.813211441, 73.9581069946, 30.7818470001, -14.0495319366, 11.4479169846, 70.1831512451], [75.8994674683, 44.5576324463, 164.24836731, 15.1496267319, 37.4289703369, 182.380569458, 126.152679443, 81.3922958374, 28.0390357971, 44.0933189392, 40.8200378418, 32.9997825623, -14.9733562469], [-76.4571075439, 80.4496688843, 232.60710144, 12.6338510513, -27.4630565643, 126.152679443, 308.879608154, 129.862976074, 47.0471725464, 17.9536151886, 70.1053924561, 51.041267395, -31.6581916809], [56.7474136353, 54.6677818298, 101.588066101, 10.0266036987, 19.813211441, 81.3922958374, 129.862976074, 173.872680664, 56.9051475525, 29.7080726624, 33.4266090393, 31.1148376465, 11.172000885], [40.8175773621, 43.2040634155, 16.2150192261, 78.561920166, 73.9581069946, 28.0390357971, 47.0471725464, 56.9051475525, 124.743362427, 44.4191093445, 28.9186172485, 24.2541618347, 22.2859306335], [80.6733779907, -5.25882434845, 17.6081237793, 5.42894792557, 30.7818470001, 44.0933189392, 17.9536151886, 29.7080726624, 44.4191093445, 143.929962158, 35.9495124817, -0.152967065573, -8.42135906219], [-108.821617126, 70.6591949463, 60.6354522705, 16.7791614532, -14.0495319366, 40.8200378418, 70.1053924561, 33.4266090393, 28.9186172485, 35.9495124817, 120.492904663, 47.8034591675, -2.28359818459], [-46.2483253479, 7.38523626328, 63.5059738159, 59.1564788818, 11.4479169846, 32.9997825623, 51.041267395, 31.1148376465, 24.2541618347, -0.152967065573, 47.8034591675, 112.865653992, 10.7624130249], [-11.9238786697, 9.2884645462, -0.435372650623, 55.7857398987, 70.1831512451, -14.9733562469, -31.6581916809, 11.172000885, 22.2859306335, -8.42135906219, -2.28359818459, 10.7624130249, 109.890617371]],
        "icov": [[0.000431395747, 0.000245866045589, -8.24517555884e-05, 0.00035129886237, -0.000260689557763, -0.000201508402824, 0.000226427597227, -0.000186787088751, -0.000297194579616, -8.43521629577e-05, 0.000302787200781, -1.97379740712e-05, 0.000132653993205], [0.000245866045589, 0.00145021721255, 0.000204813914024, 0.000449256767752, -0.000372008769773, -0.000349615263985, -0.00014392985031, -0.000199554153369, -0.000491914281156, 0.000449807732366, -0.000731290201657, 0.000337774603395, -6.84257902321e-05], [-8.24517555884e-05, 0.000204813914024, 0.00201926473528, -0.000122768673464, -0.00045790639706, -0.000913395662792, -0.00136205798481, 0.000114516413305, 0.000841789762489, 0.000139728785143, -0.000336914963555, -0.000227015669225, -0.000336754281307], [0.00035129886237, 0.000449256767752, -0.000122768673464, 0.00347273284569, -0.00209270231426, 0.000240985871642, -0.000181384995813, 0.000460029084934, -0.00127456826158, 0.00040189709398, -3.91190842493e-05, -0.00124060921371, -8.29494238133e-05], [-0.000260689557763, -0.000372008769773, -0.00045790639706, -0.00209270231426, 0.00607354519889, -0.00157685647719, 0.0012326608412, 0.000273714656942, -0.00203022151254, -0.000607035472058, 0.00134984846227, 0.000573450466618, -0.00236572371796], [-0.000201508402824, -0.000349615263985, -0.000913395662792, 0.000240985871642, -0.00157685647719, 0.00996406562626, -0.00232381001115, -0.00197559711523, 0.00142269628122, -0.00204915623181, -0.000489979924168, -0.00106691278052, 0.00142662075814], [0.000226427597227, -0.00014392985031, -0.00136205798481, -0.000181384995813, 0.0012326608412, -0.00232381001115, 0.00760605931282, -0.0034425794147, -0.00166914146394, 0.00122765963897, -0.00138204649556, -0.000216218832065, 0.00198577228002], [-0.000186787088751, -0.000199554153369, 0.000114516413305, 0.000460029084934, 0.000273714656942, -0.00197559711523, -0.0034425794147, 0.0103653436527, -0.00279437564313, -0.000531110854354, 0.000685132166836, -0.000607502122875, -0.00212630047463], [-0.000297194579616, -0.000491914281156, 0.000841789762489, -0.00127456826158, -0.00203022151254, 0.00142269628122, -0.00166914146394, -0.00279437564313, 0.0134641649202, -0.00303700752556, -0.00119163934141, -0.000882409862243, -0.000948217872065], [-8.43521629577e-05, 0.000449807732366, 0.000139728785143, 0.00040189709398, -0.000607035472058, -0.00204915623181, 0.00122765963897, -0.000531110854354, -0.00303700752556, 0.00951273087412, -0.00320343929343, 0.00179050094448, 0.00136848830152], [0.000302787200781, -0.000731290201657, -0.000336914963555, -3.91190842493e-05, 0.00134984846227, -0.000489979924168, -0.00138204649556, 0.000685132166836, -0.00119163934141, -0.00320343929343, 0.0130962692201, -0.00441505992785, -0.000582754903007], [-1.97379740712e-05, 0.000337774603395, -0.000227015669225, -0.00124060921371, 0.000573450466618, -0.00106691278052, -0.000216218832065, -0.000607502122875, -0.000882409862243, 0.00179050094448, -0.00441505992785, 0.0122739551589, -0.000891604984645], [0.000132653993205, -6.84257902321e-05, -0.000336754281307, -8.29494238133e-05, -0.00236572371796, 0.00142662075814, 0.00198577228002, -0.00212630047463, -0.000948217872065, 0.00136848830152, -0.000582754903007, -0.000891604984645, 0.0120268305764]]
    },
    "spectral_contrast_coeffs": {
        "max": [-0.372688114643, -0.491946130991, -0.534960746765, -0.51095354557, -0.558806777, -0.588651359081],
        "mean": [-0.739415824413, -0.740758061409, -0.767627239227, -0.749572217464, -0.751622021198, -0.753332793713],
        "min": [-0.899015009403, -0.914348781109, -0.927463769913, -0.9006742239, -0.867171406746, -0.839968442917],
        "stdev": [0.0736477971077, 0.0753748118877, 0.0583525933325, 0.0741419196129, 0.0578497946262, 0.0399590022862]
    },
    "spectral_contrast_valleys": {
        "max": [-5.01513195038, -4.82814025879, -5.33238077164, -5.65450334549, -5.72874879837, -7.5102148056],
        "mean": [-6.86870670319, -6.90171957016, -7.55839776993, -7.56422472, -7.48599338531, -10.0389413834],
        "min": [-9.59950256348, -9.73819828033, -10.4686441422, -10.1116218567, -9.86153697968, -12.8175010681],
        "stdev": [0.903629183769, 0.775064766407, 0.856033265591, 0.780920624733, 0.74507689476, 0.98145377636]
    }
},
"rhythm": {
    "beats_count": 121,
    "beats_loudness": {
        "max": 0.129906147718,
        "mean": 0.0454470999539,
        "min": 0.005911890883,
        "stdev": 0.0274628195912
    },
    "bpm": 140.045806885,
    "bpm_histogram_first_peak_bpm": 140,
    "bpm_histogram_first_peak_weight": 0.241666674614,
    "bpm_histogram_second_peak_bpm": 0,
    "bpm_histogram_second_peak_spread": 0,
    "bpm_histogram_second_peak_weight": 0,
    "danceability": 1.46884250641,
    "onset_rate": 4.11432027817,
    "beats_loudness_band_ratio": {
        "max": [0.950306773186, 0.342734187841, 0.622622132301, 0.506982386112, 0.835793614388, 0.356396645308],
        "mean": [0.450356006622, 0.0989001244307, 0.126044094563, 0.0916379019618, 0.167726740241, 0.100417636335],
        "min": [0.00302013708279, 0.0028854557313, 0.00702989054844, 0.00517079886049, 0.00171779561788, 0.00539992703125],
        "stdev": [0.256144195795, 0.057033829391, 0.102721616626, 0.0992736965418, 0.137825533748, 0.0723971799016]
    },
