{
"metadata": {
    "version": {
        "essentia": "2.1-beta5",
        "essentia_git_sha": "Undefined",
        "extractor": "music 2.0"
    },
    "audio_properties": {
        "analysis": {
            "equal_loudness": 0,
            "length": 12.7477550507,
            "sample_rate": 44100,
            "start_time": 0,
            "downmix": "mix"
        },
        "bit_rate": 192000,
        "length": 184.0181427,
        "lossless": 0,
        "number_channels": 2,
        "replay_gain": -0.959814071655,
        "sample_rate": 48000,
        "codec": "mp3",
        "md5_encoded": "77880b9f86a72797d226ce8670ce18cf"
    },
    "tags": {
        "file_name": "Sweden_La Voix_Malena Ernman.mp3",
        "encoding": ["Lavf58.29.100"]
    }
},
"lowlevel": {
    "average_loudness": 0.0784388631582,
    "barkbands_crest": {
        "max": 21.2567234039,
        "mean": 7.80443000793,
        "min": 3.09753322601,
        "stdev": 3.29882359505
    },
    "barkbands_flatness_db": {
        "max": 0.274556994438,
        "mean": 0.12736184895,
        "min": 0.0574461296201,
        "stdev": 0.0570991523564
    },
    "barkbands_kurtosis": {
        "max": 41.1667442322,
        "mean": 2.65241575241,
        "min": -1.31898927689,
        "stdev": 3.6665418148
    },
    "barkbands_skewness": {
        "max": 5.91983890533,
        "mean": -0.624704897404,
        "min": -2.30370187759,
        "stdev": 1.41752755642
    },
    "barkbands_spread": {
        "max": 45.6057052612,
        "mean": 19.2757339478,
        "min": 3.88068532944,
        "stdev": 8.16355895996
    },
    "dissonance": {
        "max": 0.499984651804,
        "mean": 0.480229258537,
        "min": 0.335694819689,
        "stdev": 0.0286939516664
    },
    "dynamic_complexity": 6.68677568436,
    "erbbands_crest": {
        "max": 26.5226631165,
        "mean": 7.09775829315,
        "min": 2.61418294907,
        "stdev": 5.16685199738
    },
    "erbbands_flatness_db": {
        "max": 0.317553192377,
        "mean": 0.168638035655,
        "min": 0.083739914,
        "stdev": 0.0751148611307
    },
    "erbbands_kurtosis": {
        "max": 7.1606502533,
        "mean": 0.495595544577,
        "min": -1.52721118927,
        "stdev": 1.21664655209
    },
    "erbbands_skewness": {
        "max": 2.14847159386,
        "mean": -0.113180793822,
        "min": -0.985258460045,
        "stdev": 0.701222121716
    },
    "erbbands_spread": {
        "max": 74.5580825806,
        "mean": 28.2276554108,
        "min": 8.18698692322,
        "stdev": 12.3068780899
    },
    "hfc": {
        "max": 68.600112915,
        "mean": 8.94250488281,
        "min": 1.05873546518e-16,
        "stdev": 13.9606676102
    },
    "loudness_ebu128": {
        "integrated": -21.9118556976,
        "loudness_range": 14.5925426483,
        "momentary": {
            "max": -18.6921901703,
            "mean": -156.488052368,
            "min": -300.691009521,
            "stdev": 136.716644287
        },
        "short_term": {
            "max": -19.5755519867,
            "mean": -120.986465454,
            "min": -300.691009521,
            "stdev": 127.698638916
        }
    },
    "melbands_crest": {
        "max": 26.906671524,
        "mean": 6.57070398331,
        "min": 1.00042414665,
        "stdev": 5.91741466522
    },
    "melbands_flatness_db": {
        "max": 0.34041249752,
        "mean": 0.0893499627709,
        "min": 9.49152791918e-08,
        "stdev": 0.0966188833117
    },
    "melbands_kurtosis": {
        "max": 114.912498474,
        "mean": 1.93180572987,
        "min": -1.40514397621,
        "stdev": 11.1789903641
    },
    "melbands_skewness": {
        "max": 9.42718601227,
        "mean": 0.498848885298,
        "min": -0.598838448524,
        "stdev": 1.21744656563
    },
    "melbands_spread": {
        "max": 165.094924927,
        "mean": 77.0549087524,
        "min": 2.35105681419,
        "stdev": 55.4137992859
    },
    "pitch_salience": {
        "max": 0.997745752335,
        "mean": 0.696538090706,
        "min": 0.242433413863,
        "stdev": 0.136177927256
    },
    "silence_rate_20dB": {
        "max": 1,
        "mean": 1,
        "min": 1,
        "stdev": 0
    },
    "silence_rate_30dB": {
        "max": 1,
        "mean": 1,
        "min": 1,
        "stdev": 0
    },
    "silence_rate_60dB": {
        "max": 1,
        "mean": 0.667272746563,
        "min": 0,
        "stdev": 0.471189320087
    },
    "spectral_centroid": {
        "max": 11708.7802734,
        "mean": 6294.38769531,
        "min": 509.860229492,
        "stdev": 4667.60498047
    },
    "spectral_complexity": {
        "max": 29,
        "mean": 7.87818193436,
        "min": 0,
        "stdev": 9.02611160278
    },
    "spectral_decrease": {
        "max": 1.98267313686e-28,
        "mean": -3.15813997176e-09,
        "min": -1.97884606479e-08,
        "stdev": 5.35146238434e-09
    },
    "spectral_energy": {
        "max": 0.0809084102511,
        "mean": 0.0127306645736,
        "min": 9.7705289563e-21,
        "stdev": 0.021381592378
    },
    "spectral_energyband_high": {
        "max": 0.00218495540321,
        "mean": 0.00012349546887,
        "min": 6.96627681982e-21,
        "stdev": 0.000255554623436
    },
    "spectral_energyband_low": {
        "max": 0.0574256405234,
        "mean": 0.00233378820121,
        "min": 9.90281233468e-24,
        "stdev": 0.00675259623677
    },
    "spectral_energyband_middle_high": {
        "max": 0.032234609127,
        "mean": 0.00299848616123,
        "min": 9.42961159632e-22,
        "stdev": 0.00541298883036
    },
    "spectral_energyband_middle_low": {
        "max": 0.0631921514869,
        "mean": 0.00743085239083,
        "min": 1.30501587717e-22,
        "stdev": 0.0143056418747
    },
    "spectral_entropy": {
        "max": 9.8296661377,
        "mean": 8.64342975616,
        "min": 6.58454704285,
        "stdev": 1.17734098434
    },
    "spectral_flux": {
        "max": 0.202866911888,
        "mean": 0.0339681692421,
        "min": 6.32952787405e-11,
        "stdev": 0.0449896492064
    },
    "spectral_kurtosis": {
        "max": 19.6017627716,
        "mean": 2.55568313599,
        "min": -1.2653336525,
        "stdev": 4.35732555389
    },
    "spectral_rms": {
        "max": 0.00888453889638,
        "mean": 0.002097110264,
        "min": 3.08742983436e-12,
        "stdev": 0.00283236359246
    },
    "spectral_rolloff": {
        "max": 19810.546875,
        "mean": 10302.5087891,
        "min": 107.666015625,
        "stdev": 8382.07421875
    },
    "spectral_skewness": {
        "max": 3.10464644432,
        "mean": 0.89091283083,
        "min": -0.0787159502506,
        "stdev": 0.93120765686
    },
    "spectral_spread": {
        "max": 43578080,
        "mean": 21581922,
        "min": 2168380.5,
        "stdev": 18669854
    },
    "spectral_strongpeak": {
        "max": 7.21069383621,
        "mean": 1.0135794878,
        "min": 0,
        "stdev": 1.54243862629
    },
    "zerocrossingrate": {
        "max": 0.68701171875,
        "mean": 0.286095529795,
        "min": 0.0126953125,
        "stdev": 0.214755952358
    },
    "barkbands": {
        "max": [0.000373498507543, 0.0415880903602, 0.0244108010083, 0.0121484948322, 0.0129921976477, 0.0106990346685, 0.0221895389259, 0.0479568317533, 0.0381812080741, 0.00203933683224, 0.0217470452189, 0.028733368963, 0.0131841264665, 0.00383007293567, 0.0017679532757, 0.0015154882567, 0.00112356769387, 0.00350064295344, 0.000837277038954, 0.0019722469151, 0.000210371683352, 0.000143378216308, 0.00029186703614, 0.000100878824014, 0.000389199034544, 5.24475690327e-05, 3.0701896776e-06],
        "mean": [6.20606442681e-06, 0.00133864639793, 0.000851172779221, 0.000240493202, 0.000607170164585, 0.000825732422527, 0.000615488796029, 0.00416275719181, 0.000948695174884, 0.000132237342768, 0.000751088722609, 0.000983586651273, 0.000335880264174, 0.000178913833224, 0.000154019522597, 0.00014064044808, 0.000101755314972, 0.000127332546981, 8.67711933097e-05, 7.57131492719e-05, 2.3121778213e-05, 1.47114997162e-05, 1.29921691041e-05, 6.98641724739e-06, 7.72428757045e-06, 8.25217398415e-07, 6.0844933536e-09],
        "min": [7.98808934274e-26, 1.96524046102e-24, 8.85286331895e-25, 1.16834431722e-24, 5.83128268836e-24, 4.30851292858e-24, 5.17176065615e-24, 3.25684754873e-24, 1.09947472888e-23, 8.57888127694e-24, 1.49292715174e-23, 1.47572067545e-23, 2.27859743014e-23, 3.41110807601e-23, 3.00740219688e-23, 4.12181022047e-23, 6.0427414294e-23, 7.1354721864e-23, 1.25726783052e-22, 1.48394013276e-22, 2.27070165823e-22, 2.76610605428e-22, 3.9325581979e-22, 5.64492859366e-22, 8.49260841912e-22, 1.23485150855e-21, 1.76535811966e-21],
        "stdev": [2.58426352957e-05, 0.00423309020698, 0.00270493328571, 0.000850996293593, 0.00141364254523, 0.00181151530705, 0.00216804002412, 0.00995906628668, 0.00448666885495, 0.000238072956563, 0.00252591073513, 0.00338044110686, 0.00125206762459, 0.000424272875534, 0.000227483251365, 0.000223813971388, 0.000146999242133, 0.00034494017018, 0.000133643261506, 0.000217551467358, 3.3897907997e-05, 2.17149463424e-05, 2.18066124944e-05, 1.04376749732e-05, 2.9646744224e-05, 3.86439296562e-06, 1.30779739038e-07]
    },
    "erbbands": {
        "max": [0.707525670528, 11.2415914536, 30.6991195679, 30.6379318237, 21.5289344788, 76.3130874634, 141.743148804, 98.5317382812, 131.36340332, 707.488098145, 1277.47814941, 1013.46160889, 591.889709473, 313.363861084, 1071.17712402, 1468.34179688, 456.023925781, 165.855545044, 98.6857452393, 56.1200332642, 78.2516937256, 67.1821899414, 249.422790527, 59.6112251282, 42.8436889648, 130.150482178, 17.5591964722, 5.92955493927, 5.51842975616, 6.50064945221, 9.2142572403, 4.66980886459, 1.61138510704, 3.62746834755, 3.39214491844, 0.58754247427, 0.089430950582, 0.00212673586793, 0.000449850340374, 9.53171329456e-05],
        "mean": [0.0227052140981, 0.362405002117, 1.04293084145, 0.845691084862, 0.840968847275, 2.50583529472, 5.23069667816, 7.75633144379, 5.37128639221, 40.5568580627, 81.914932251, 27.4810714722, 9.72323417664, 10.847029686, 38.0905914307, 45.0658912659, 16.523525238, 11.0274620056, 8.55393981934, 7.53259515762, 7.35690021515, 5.40706825256, 7.41138982773, 6.30538845062, 2.99775099754, 4.25421857834, 1.4952698946, 0.706836998463, 0.508818745613, 0.505171477795, 0.344931870699, 0.203281357884, 0.0942477211356, 0.0881873071194, 0.050836969167, 0.00968566723168, 0.000886199239176, 2.74468420685e-05, 8.83416487341e-06, 1.51156091306e-05],
        "min": [4.32489678072e-23, 1.17437003519e-22, 1.30508976504e-21, 3.89794646499e-21, 1.00903247359e-20, 1.38546516436e-20, 4.38796212063e-20, 3.82590064922e-20, 1.01635946821e-19, 6.50183283889e-20, 1.62534334148e-19, 3.16282459226e-19, 3.5104896377e-19, 6.78176329513e-19, 7.38274568232e-19, 9.11187834793e-19, 1.45242203575e-18, 1.26550682447e-18, 1.84793575731e-18, 2.06190856342e-18, 2.88576763222e-18, 4.02414806688e-18, 4.21096019078e-18, 4.85238292112e-18, 6.66261268418e-18, 6.92952649706e-18, 7.49534657378e-18, 8.16439010555e-18, 9.21093570783e-18, 1.03561465864e-17, 1.01338798471e-17, 9.54922859012e-18, 9.11075917256e-18, 8.10420113545e-18, 5.22493762439e-18, 4.19868648485e-18, 2.30496938256e-18, 8.52730619012e-19, 2.10707019502e-19, 2.51189048041e-20],
        "stdev": [0.0723923742771, 1.13836693764, 3.26747107506, 2.54901981354, 2.09729552269, 6.9974937439, 13.5108251572, 17.7516098022, 15.3889169693, 106.740829468, 223.519271851, 104.320381165, 51.0654296875, 26.1351776123, 125.62638092, 161.116363525, 54.4178695679, 23.5571079254, 12.5246686935, 10.285150528, 11.0559272766, 7.64050388336, 23.0258598328, 10.246213913, 4.89984369278, 13.9983997345, 2.54987740517, 0.952510774136, 0.7231554389, 0.844106137753, 0.624182581902, 0.362466752529, 0.150330305099, 0.273510277271, 0.227812767029, 0.0442697927356, 0.00578895118088, 0.000159292176249, 2.30800051213e-05, 2.48033684329e-05]
    },
    "gfcc": {
        "mean": [-657.844909668, 37.7106781006, -95.6059188843, 6.52478981018, -41.1440544128, 4.87408447266, -23.9281578064, 2.26333928108, -12.0404176712, -2.75522446632, -3.05010008812, -6.28354644775, -2.33578324318],
        "cov": [[364693.6875, 24904.9589844, -54760.3945312, 4234.41015625, -23810.8574219, 3131.93823242, -13823.2363281, 1706.68664551, -6806.13183594, -1381.71533203, -1464.88562012, -3576.90283203, -1509.44580078], [24904.9589844, 3723.56420898, -1878.72265625, 584.30065918, -986.971435547, 366.244445801, -463.326629639, 330.733642578, -99.4022293091, 38.845905304, 194.649398804, -164.78062439, -121.69593811], [-54760.3945312, -1878.72265625, 10332.1396484, -252.067626953, 4327.71777344, -260.231842041, 2528.40478516, 20.3952617645, 1363.02648926, 424.100280762, 479.417175293, 680.040405273, 168.571426392], [4234.41015625, 584.30065918, -252.067626953, 251.213546753, -92.8602676392, 105.487228394, -101.78288269, 54.8709640503, -21.096704483, 5.16895532608, 3.81916427612, -39.7967033386, -8.62781333923], [-23810.8574219, -986.971435547, 4327.71777344, -92.8602676392, 1862.70117188, -111.604042053, 1058.9387207, -16.4076328278, 568.111877441, 164.962783813, 172.415466309, 282.827209473, 79.9782180786], [3131.93823242, 366.244445801, -260.231842041, 105.487228394, -111.604042053, 94.6388092041, -70.7005233765, 39.0155334473, -24.5666980743, 0.113845311105, 1.90037059784, -25.1165828705, -16.4204978943], [-13823.2363281, -463.326629639, 2528.40478516, -101.78288269, 1058.9387207, -70.7005233765, 681.099121094, 2.68623065948, 346.382598877, 87.9262466431, 131.527908325, 156.233520508, 47.6058959961], [1706.68664551, 330.733642578, 20.3952617645, 54.8709640503, -16.4076328278, 39.0155334473, 2.68623065948, 78.913269043, 11.1666154861, 37.464099884, 30.5627307892, 12.6368913651, -19.9214611053], [-6806.13183594, -99.4022293091, 1363.02648926, -21.096704483, 568.111877441, -24.5666980743, 346.382598877, 11.1666154861, 216.344528198, 55.0436019897, 83.7212295532, 85.0451049805, 22.8770885468], [-1381.71533203, 38.845905304, 424.100280762, 5.16895532608, 164.962783813, 0.113845311105, 87.9262466431, 37.464099884, 55.0436019897, 65.6145172119, 28.6186122894, 48.3315124512, -10.5281534195], [-1464.88562012, 194.649398804, 479.417175293, 3.81916427612, 172.415466309, 1.90037059784, 131.527908325, 30.5627307892, 83.7212295532, 28.6186122894, 85.896446228, 34.7175102234, 4.35277557373], [-3576.90283203, -164.78062439, 680.040405273, -39.7967033386, 282.827209473, -25.1165828705, 156.233520508, 12.6368913651, 85.0451049805, 48.3315124512, 34.7175102234, 86.8448181152, 6.97274541855], [-1509.44580078, -121.69593811, 168.571426392, -8.62781333923, 79.9782180786, -16.4204978943, 47.6058959961, -19.9214611053, 22.8770885468, -10.5281534195, 4.35277557373, 6.97274541855, 34.0574531555]],
        "icov": [[0.000965460727457, -0.00320330890827, 0.00267178867944, -0.00240625836886, 0.00239357352257, -0.00338080339134, 0.00216999719851, -0.00255825603381, 0.00283100735396, -0.00256597902626, 0.000729851133656, -0.00255615427159, 0.00346421007998], [-0.00320330890827, 0.0123214451596, -0.0100359069183, 0.00487130647525, -0.00286670587957, 0.0102070812136, -0.00820171367377, 0.00717065203935, -0.0126638943329, 0.00870155077428, -0.00471166335046, 0.00847955048084, -0.00966216530651], [0.00267178867944, -0.0100359069183, 0.0150694949552, -0.00351457111537, -0.0100883515552, -0.00791137758642, 0.00380060798489, -0.00783735886216, 0.00890456978232, -0.0105814067647, -0.00109514570795, -0.00688565988094, 0.00935255084187], [-0.00240625836886, 0.00487130647525, -0.00351457111537, 0.0245804637671, -0.0237893778831, 0.000514687271789, 0.00630346359685, 0.00122697500046, -0.00157778314315, 0.0056458725594, -0.00160822924227, 0.0154975848272, -0.0177596025169], [0.00239357352257, -0.00286670587957, -0.0100883515552, -0.0237893778831, 0.0586832202971, -0.0101160155609, -0.00654524611309, 0.00140267866664, -0.00780196348205, -0.00456902990118, 0.0119193959981, -0.0168356075883, 0.0127842100337], [-0.00338080339134, 0.0102070812136, -0.00791137758642, 0.000514687271789, -0.0101160155609, 0.0372867360711, -0.0106541505083, 0.00454998482019, -0.00968186091632, 0.0125103164464, 5.49862415937e-05, 0.00751619460061, -0.00596581446007], [0.00216999719851, -0.00820171367377, 0.00380060798489, 0.00630346359685, -0.00654524611309, -0.0106541505083, 0.0337806604803, -0.0148204984143, 0.00338082993403, 0.00172657566145, -0.00454678246751, 0.00394443329424, 0.00203588302247], [-0.00255825603381, 0.00717065203935, -0.00783735886216, 0.00122697500046, 0.00140267866664, 0.00454998482019, -0.0148204984143, 0.0443985797465, -0.00476023368537, -0.0112829459831, -0.00354848988354, -0.000291563541396, -0.00284875673242], [0.00283100735396, -0.0126638943329, 0.00890456978232, -0.00157778314315, -0.00780196348205, -0.00968186091632, 0.00338082993403, -0.00476023368537, 0.0514021739364, -0.00899354927242, -0.00602980796248, -0.00407657632604, 0.00618720334023], [-0.00256597902626, 0.00870155077428, -0.0105814067647, 0.0056458725594, -0.00456902990118, 0.0125103164464, 0.00172657566145, -0.0112829459831, -0.00899354927242, 0.0536014400423, -0.00052145664813, -0.00776726612821, 0.00318729807623], [0.000729851133656, -0.00471166335046, -0.00109514570795, -0.00160822924227, 0.0119193959981, 5.49862415937e-05, -0.00454678246751, -0.00354848988354, -0.00602980796248, -0.00052145664813, 0.0349394269288, -0.00876334588975, -0.00194189161994], [-0.00255615427159, 0.00847955048084, -0.00688565988094, 0.0154975848272, -0.0168356075883, 0.00751619460061, 0.00394443329424, -0.000291563541396, -0.00407657632604, -0.00776726612821, -0.00876334588975, 0.0463575944304, -0.0155416298658], [0.00346421007998, -0.00966216530651, 0.00935255084187, -0.0177596025169, 0.0127842100337, -0.00596581446007, 0.00203588302247, -0.00284875673242, 0.00618720334023, 0.00318729807623, -0.00194189161994, -0.0155416298658, 0.0604311749339]]
    },
    "melbands": {
        "max": [0.00898006092757, 0.0127219296992, 0.0045295576565, 0.00330324657261, 0.00397086748853, 0.00193800148554, 0.00306327454746, 0.0087787732482, 0.00993747543544, 0.00644582975656, 0.00304801040329, 0.00116306403652, 0.00285934028216, 0.00327772647142, 0.00349619239569, 0.00108518626075, 0.000382458936656, 0.000157159593073, 0.000131898035761, 0.000121459859656, 8.93380420166e-05, 7.72621278884e-05, 0.000151607717271, 0.000160774565302, 5.84519148106e-05, 3.74845913029e-05, 2.38497723331e-05, 0.000121339828183, 1.05849749161e-05, 8.61062108015e-06, 3.40132601195e-06, 3.17313947562e-06, 3.51287872036e-06, 3.44398608831e-06, 3.48086905433e-06, 8.53029996506e-06, 1.48999981775e-06, 8.75079649632e-07, 2.02363253266e-06, 3.7953775518e-06],
        "mean": [0.0003026308259, 0.000512453785632, 0.000145895231981, 0.00011477584485, 0.000167598249391, 0.000156640759087, 9.32908151299e-05, 0.000551251112483, 0.000595550285652, 0.000150168765686, 4.43663193437e-05, 3.59694386134e-05, 0.000101587043901, 0.00013487029355, 6.56185438856e-05, 2.99557596009e-05, 1.93528921955e-05, 1.36960225063e-05, 1.12640464067e-05, 1.05572880784e-05, 8.08029381005e-06, 5.7663150983e-06, 5.71513692194e-06, 6.34657453702e-06, 5.25172708876e-06, 2.14879742089e-06, 1.66263055235e-06, 3.41448981089e-06, 8.2467613538e-07, 6.49419064302e-07, 3.33691787091e-07, 2.83950441826e-07, 2.81685260006e-07, 2.68130747827e-07, 1.98332472223e-07, 1.68516677945e-07, 1.07863144194e-07, 6.3597788369e-08, 6.10685475522e-08, 7.9859425739e-08],
        "min": [6.16040857283e-25, 5.65305909113e-25, 7.0124927353e-25, 9.78483443921e-25, 9.06836236888e-25, 9.12103165329e-25, 1.39935138648e-24, 8.89232608573e-25, 1.53249799247e-24, 1.9495123495e-24, 1.49993618088e-24, 2.34480463265e-24, 2.40297148871e-24, 1.48272037631e-24, 1.38513374638e-24, 2.73197776215e-24, 2.18069651803e-24, 2.5838937791e-24, 1.77379614666e-24, 2.65349221575e-24, 3.20676217821e-24, 2.88405633961e-24, 2.81960561479e-24, 2.3240635073e-24, 3.21149573807e-24, 4.26480017367e-24, 3.56959756828e-24, 4.04618748974e-24, 3.58360103264e-24, 3.76714766604e-24, 4.27024607492e-24, 4.18855242844e-24, 4.11857257754e-24, 5.22840875775e-24, 5.33112396964e-24, 4.72054484013e-24, 5.41272847484e-24, 6.04560436339e-24, 6.05792163757e-24, 6.01009497304e-24],
        "stdev": [0.000951095367782, 0.0015358569799, 0.000420522643253, 0.000301226158626, 0.000403852347517, 0.000352534843842, 0.000319208076689, 0.00139280839358, 0.00166371511295, 0.000712575914804, 0.000259457243374, 9.23655170482e-05, 0.000342299725162, 0.00041449040873, 0.00026618206175, 9.71830449998e-05, 4.63738542749e-05, 2.15948439291e-05, 1.68291753653e-05, 1.64185566973e-05, 1.22946921692e-05, 8.43855468702e-06, 1.52848624566e-05, 1.67220314324e-05, 9.26165012061e-06, 3.81292397833e-06, 2.75963270724e-06, 1.27962384795e-05, 1.28383874198e-06, 1.10679650334e-06, 4.98691804296e-07, 4.22145433276e-07, 4.35880366467e-07, 4.67048351993e-07, 3.1663373079e-07, 4.53800481637e-07, 1.65723264445e-07, 1.00002338854e-07, 1.3019418077e-07, 2.71627186521e-07]
    },
    "melbands128": {
        "max": [0.000219246809138, 0.00365758826956, 0.0145686492324, 0.0221091788262, 0.018879711628, 0.00914086960256, 0.00719509879127, 0.00475397147238, 0.00263020745479, 0.00401957705617, 0.00581885594875, 0.00299782399088, 0.00712519744411, 0.00237574800849, 0.00322821037844, 0.00203223479912, 0.000217690860154, 0.00285197538324, 0.0097198812291, 0.00957839563489, 0.0147202471271, 0.0142560638487, 0.018592087552, 0.0086129726842, 0.00978284608573, 0.0133439293131, 0.00978068448603, 0.000512886792421, 0.000212786864722, 0.000575623940676, 0.00232622213662, 0.0018460318679, 0.00243240362033, 0.00809126999229, 0.00364993978292, 0.00602646078914, 0.00612880289555, 0.00690756971017, 0.00289380270988, 0.00181494350545, 0.00128316890914, 0.00100903806742, 0.000450759020168, 0.00106271065306, 0.00015093642287, 0.000144178571645, 0.000356084201485, 0.000220072979573, 0.000116911898658, 0.00010760454461, 0.000158458875376, 0.000258770713117, 0.000171452775248, 9.62964331848e-05, 9.2539092293e-05, 0.000104606646346, 9.41932521528e-05, 0.000139081239467, 0.000174516942934, 0.00064199330518, 0.000184412929229, 0.000186489909538, 0.000127270701341, 8.82492677192e-05, 3.21602383337e-05, 4.26935330324e-05, 7.58988317102e-05, 7.21431861166e-05, 1.81867017091e-05, 4.92260296596e-05, 0.000236216292251, 0.000121634438983, 7.97138727648e-06, 8.14068789623e-06, 1.49827092173e-05, 2.24262767006e-05, 5.48821162738e-06, 2.65619155471e-06, 5.64978654438e-06, 7.65969889471e-06, 4.57740179627e-06, 3.47575542037e-06, 4.37174958279e-06, 4.39548557551e-06, 5.72367207496e-06, 8.78351511346e-06, 4.93115658173e-06, 1.84163059203e-06, 3.08396556647e-06, 6.29028409094e-06, 1.48592862388e-05, 7.49376704334e-06, 3.98553902414e-06, 1.82576616226e-06, 1.21929349461e-06, 1.28191982185e-06, 9.74643739937e-07, 1.07128926174e-06, 1.55419877501e-06, 3.41850818586e-06, 4.94060486744e-06, 5.11460393682e-06, 3.00380952467e-06, 8.95669290912e-06, 3.42963653566e-06, 3.57228191206e-06, 5.03886121805e-06, 1.09168001927e-06, 2.79735587583e-07, 7.2601977763e-07, 3.40315637004e-07, 9.65799813457e-07, 1.18901816393e-07, 1.60107536118e-08, 1.55050621231e-08, 1.50572958546e-08, 1.4641906354e-08, 1.42896698918e-08, 1.39176332681e-08, 1.35409017332e-08, 1.3287802858e-08, 1.30145814126e-08, 1.27091279722e-08, 1.26008430357e-08, 1.23965557819e-08, 1.22430847682e-08, 1.21533672015e-08, 1.20901715306e-08],
        "mean": [4.48361606686e-06, 9.26648062887e-05, 0.000463938107714, 0.00063732767012, 0.000617132056504, 0.000355041789589, 0.000169703052961, 0.000109125830932, 5.89020601183e-05, 0.000116431809147, 0.000155114685185, 0.00012724622502, 0.000215182488319, 0.000133221139549, 0.000252142868703, 0.000107142659544, 1.52283637362e-05, 7.96163658379e-05, 0.000208443074371, 0.000399320735596, 0.000787870958447, 0.000809928809758, 0.000751043786295, 0.000111206732981, 0.000122479337733, 0.000209436489968, 8.28945048852e-05, 1.66102290677e-05, 1.28506453621e-05, 2.35669831454e-05, 5.45316106582e-05, 4.43720055046e-05, 6.77780262777e-05, 0.00021337463113, 7.62862036936e-05, 0.000159407121828, 0.000146838487126, 4.25592261308e-05, 3.2020980143e-05, 3.22171072185e-05, 3.43125611835e-05, 1.96359433176e-05, 1.43313336594e-05, 2.78407242149e-05, 1.08625354187e-05, 1.17747304103e-05, 1.46042839333e-05, 1.20449431051e-05, 9.66442621575e-06, 7.96475069365e-06, 1.21060411402e-05, 1.22972533063e-05, 6.40428697807e-06, 7.92648006609e-06, 7.64862488722e-06, 5.31583100383e-06, 4.09576159655e-06, 4.88289970235e-06, 5.08258654008e-06, 1.0370502423e-05, 5.13317536388e-06, 4.7398816605e-06, 7.13070494385e-06, 5.47464924239e-06, 2.00967724595e-06, 1.96615110326e-06, 2.19465732698e-06, 2.15904515244e-06, 1.29410102545e-06, 1.09343966415e-06, 5.53888685317e-06, 3.07475420414e-06, 7.68543316099e-07, 5.57440785087e-07, 7.47483056784e-07, 9.33603473641e-07, 4.39776698613e-07, 3.28948033257e-07, 3.4689631434e-07, 2.99758426081e-07, 2.89129019393e-07, 2.72889593589e-07, 2.76119720866e-07, 2.47705884249e-07, 3.20514459418e-07, 3.44870358049e-07, 2.18295340915e-07, 1.86221782883e-07, 2.06148072834e-07, 1.96797614649e-07, 1.932956053e-07, 1.60600393428e-07, 1.2796724036e-07, 1.13934312651e-07, 9.29763359636e-08, 6.64557333607e-08, 5.74953311627e-08, 5.74544394283e-08, 5.75640228817e-08, 6.15038047158e-08, 7.86594611668e-08, 8.92540583664e-08, 7.15530674711e-08, 7.96935566427e-08, 5.50188232751e-08, 4.73803041245e-08, 4.83547992758e-08, 1.65749476366e-08, 6.74725253447e-09, 1.32483437554e-08, 4.63816318685e-09, 4.70360728144e-09, 6.21573625903e-10, 3.5250320024e-11, 3.2589247273e-11, 3.25829710435e-11, 2.96855075244e-11, 2.82256440443e-11, 2.75235285951e-11, 2.68173434848e-11, 2.62499622733e-11, 2.57140819054e-11, 2.51364692949e-11, 2.49004046549e-11, 2.44036822e-11, 2.39407105251e-11, 2.36749439497e-11, 2.35389034653e-11],
        "min": [5.54286520669e-26, 1.65972414806e-25, 5.43200793954e-25, 5.13807972211e-26, 2.41632581916e-25, 3.66374170782e-25, 3.52401767821e-25, 3.4290955246e-25, 3.49726814447e-25, 5.89138481744e-25, 3.88375526081e-25, 1.02989439658e-25, 3.32652413192e-25, 5.81932335982e-25, 3.26533441017e-25, 3.18101651928e-25, 5.3243792089e-25, 1.97881986333e-25, 2.50594633445e-25, 1.38574942767e-25, 3.74229894195e-25, 4.4251394067e-25, 3.64799850934e-25, 8.45283885644e-25, 1.05026357402e-24, 5.03443634141e-25, 6.19002438336e-25, 7.55434403476e-25, 3.07575190616e-25, 1.0350573926e-24, 5.70555729134e-25, 1.28779955195e-24, 6.49649585897e-25, 1.24585887445e-24, 3.56421063437e-25, 6.5889819115e-25, 6.48541532148e-25, 7.27245938143e-25, 6.69648245224e-25, 1.17799612901e-24, 5.72693147756e-25, 1.17722373557e-24, 9.86815096979e-25, 1.06392723654e-24, 8.84737777743e-25, 9.90487934746e-25, 1.04727615777e-24, 8.93309638946e-25, 1.4354509434e-24, 9.7172635723e-25, 1.57858955744e-24, 9.5761797437e-25, 1.2083419317e-24, 1.33910864294e-24, 1.16523748715e-24, 1.04689651846e-24, 1.72690309901e-24, 1.32694707019e-24, 9.43143362836e-25, 2.14049044706e-24, 1.46603468627e-24, 1.09353634176e-24, 2.02332152845e-24, 1.48125713794e-24, 2.38546094599e-24, 2.29934711463e-24, 1.36993614383e-24, 1.91413864322e-24, 2.78143914369e-24, 2.59222848899e-24, 2.46009349851e-24, 2.12675953414e-24, 1.7032844063e-24, 1.4098948083e-24, 1.85134235694e-24, 2.17188809717e-24, 2.85809196899e-24, 2.14117419225e-24, 1.9469179832e-24, 2.0035491243e-24, 2.0918784715e-24, 2.39153734432e-24, 2.73437254664e-24, 2.80059722242e-24, 2.67297491074e-24, 2.56155521041e-24, 3.61066645586e-24, 3.33198753603e-24, 4.1006461079e-24, 3.46659954976e-24, 3.3068274091e-24, 3.14171428569e-24, 3.84065885278e-24, 2.72464273624e-24, 2.86191025299e-24, 3.43903241099e-24, 3.55615577288e-24, 3.06010839998e-24, 4.1170165494e-24, 4.09268847352e-24, 4.24657433131e-24, 3.79196641341e-24, 3.56365113477e-24, 4.01461609302e-24, 3.84440081449e-24, 4.15117856533e-24, 4.25266985953e-24, 4.28556259826e-24, 4.35674703976e-24, 4.59937343851e-24, 4.39451533332e-24, 4.86666948991e-24, 4.70305303285e-24, 3.96364897322e-24, 4.5523656116e-24, 4.38781317107e-24, 4.20471934383e-24, 4.22952034183e-24, 4.34581934407e-24, 4.98423145847e-24, 4.92663987922e-24, 4.91745438284e-24, 4.60280853332e-24, 5.28104984039e-24, 5.24766445802e-24, 5.8159736592e-24, 5.08885610817e-24, 5.71929323324e-24],
        "stdev": [1.89142483578e-05, 0.000325940287439, 0.0015102669131, 0.00209633330815, 0.00196944107302, 0.0011087693274, 0.000539719709195, 0.000386418425478, 0.000183795869816, 0.000342268671375, 0.000510940793902, 0.000314715522109, 0.000630196358543, 0.000317629455822, 0.000600380939431, 0.000266754388576, 3.01360923913e-05, 0.000296105543384, 0.000879507104401, 0.00128602341283, 0.00245099025778, 0.00236202008091, 0.00260480772704, 0.000607895664871, 0.000736818648875, 0.00128110917285, 0.000706832273863, 5.09684759891e-05, 2.33548344113e-05, 5.29320059286e-05, 0.000176060420927, 0.000140998658026, 0.00026873810566, 0.000852897472214, 0.000269966694759, 0.000683326565195, 0.000652171089314, 0.000360322883353, 0.000204484778806, 0.000159224568051, 0.00012318509107, 8.13550432213e-05, 3.51995659003e-05, 0.000103532947833, 1.94062376977e-05, 1.95820484805e-05, 3.08322923956e-05, 2.25166131713e-05, 1.6247118765e-05, 1.39124294947e-05, 2.05809446925e-05, 2.68625099125e-05, 1.35433892865e-05, 1.42233084262e-05, 1.31078677441e-05, 9.79836113402e-06, 7.65860750107e-06, 1.13612859423e-05, 1.58594575623e-05, 5.5819604313e-05, 1.61387142725e-05, 1.51496824401e-05, 1.62672622537e-05, 1.06942961793e-05, 3.95879578718e-06, 4.37578319179e-06, 6.26138944426e-06, 5.38013682672e-06, 2.13070347854e-06, 2.71575254374e-06, 2.39627534029e-05, 1.18322705021e-05, 1.17901731755e-06, 8.88188196768e-07, 1.53181474616e-06, 2.16222179006e-06, 6.57361056255e-07, 5.13683289682e-07, 5.81569452152e-07, 5.53571283035e-07, 4.91616674481e-07, 4.30138300089e-07, 4.32836770869e-07, 4.19815449959e-07, 6.65591983307e-07, 8.5973709929e-07, 4.31630269304e-07, 2.78089913763e-07, 3.32804290792e-07, 4.56029823681e-07, 7.06840808107e-07, 4.2753976004e-07, 2.63608683326e-07, 1.88438406212e-07, 1.52834658707e-07, 1.25730053924e-07, 1.03631094817e-07, 1.1413447254e-07, 1.18211239908e-07, 1.84417643823e-07, 2.86983976139e-07, 3.40540424304e-07, 2.06754293686e-07, 4.96653683513e-07, 2.21891042429e-07, 2.41160364567e-07, 3.30339162247e-07, 8.8072944493e-08, 2.69955737764e-08, 6.64537083139e-08, 2.51856935307e-08, 5.78641063953e-08, 6.99832014561e-09, 6.8339500725e-10, 6.61063093155e-10, 6.430309063e-10, 6.23852247639e-10, 6.08691652637e-10, 5.92842774871e-10, 5.76794723095e-10, 5.6601512366e-10, 5.54376433648e-10, 5.41364286732e-10, 5.36752420288e-10, 5.28054155957e-10, 5.21522991459e-10, 5.17704767944e-10, 5.15013309776e-10]
    },
    "mfcc": {
        "mean": [-969.536499023, 49.5657730103, -25.0894584656, -3.62664246559, -7.41169643402, -4.42985582352, -5.12678480148, -2.40877485275, -5.31961774826, -1.09813547134, -2.44845223427, -0.580681443214, 0.597188591957],
        "cov": [[88550.5625, 16054.40625, -6271.28417969, -561.571105957, -1790.92590332, -1123.33239746, -1269.07141113, -475.67376709, -1492.05651855, -226.212493896, -348.118865967, 167.459381104, 380.12789917], [16054.40625, 4450.83642578, -45.7312393188, 412.952697754, 33.1929092407, 7.5985956192, 33.2646484375, 157.544723511, -125.304428101, 116.911643982, 230.569152832, 322.092285156, 229.401321411], [-6271.28417969, -45.7312393188, 1407.69970703, 506.494476318, 499.382568359, 286.573760986, 321.683380127, 232.583862305, 238.094039917, 138.452987671, 273.093170166, 224.542633057, 102.347938538], [-561.571105957, 412.952697754, 506.494476318, 292.699890137, 232.803237915, 128.847320557, 121.015357971, 98.5863647461, 86.8731307983, 69.9441070557, 112.68157959, 97.7872238159, 43.5330085754], [-1790.92590332, 33.1929092407, 499.382568359, 232.803237915, 248.018615723, 134.421188354, 111.541725159, 83.9788818359, 94.4863739014, 55.5221748352, 97.1643753052, 69.6010513306, 22.7459106445], [-1123.33239746, 7.5985956192, 286.573760986, 128.847320557, 134.421188354, 115.770812988, 67.4822006226, 56.8998374939, 59.9633903503, 39.8009262085, 55.0929832458, 30.3029594421, 6.37985801697], [-1269.07141113, 33.2646484375, 321.683380127, 121.015357971, 111.541725159, 67.4822006226, 107.753738403, 65.1761322021, 62.1091461182, 35.3227157593, 61.4950637817, 58.4516601562, 34.263092041], [-475.67376709, 157.544723511, 232.583862305, 98.5863647461, 83.9788818359, 56.8998374939, 65.1761322021, 72.112121582, 43.75233078, 32.5474586487, 57.1665039062, 52.1201705933, 27.070148468], [-1492.05651855, -125.304428101, 238.094039917, 86.8731307983, 94.4863739014, 59.9633903503, 62.1091461182, 43.75233078, 72.5584335327, 32.2308769226, 32.4845695496, 27.4406986237, 11.4238739014], [-226.212493896, 116.911643982, 138.452987671, 69.9441070557, 55.5221748352, 39.8009262085, 35.3227157593, 32.5474586487, 32.2308769226, 44.3306884766, 36.6383056641, 23.5222949982, 12.7760438919], [-348.118865967, 230.569152832, 273.093170166, 112.68157959, 97.1643753052, 55.0929832458, 61.4950637817, 57.1665039062, 32.4845695496, 36.6383056641, 96.6913909912, 69.4283065796, 36.2420501709], [167.459381104, 322.092285156, 224.542633057, 97.7872238159, 69.6010513306, 30.3029594421, 58.4516601562, 52.1201705933, 27.4406986237, 23.5222949982, 69.4283065796, 99.1532974243, 53.4489822388], [380.12789917, 229.401321411, 102.347938538, 43.5330085754, 22.7459106445, 6.37985801697, 34.263092041, 27.070148468, 11.4238739014, 12.7760438919, 36.2420501709, 53.4489822388, 55.0268096924]],
        "icov": [[0.000351609953213, -0.00118148711044, 0.00209315726534, -0.000129246182041, -0.00144266581628, -0.000154947701958, -0.000322426611092, 0.00028486008523, 0.000554951839149, 0.000567993614823, -0.000229081590078, -2.16734315472e-05, -0.000694608315825], [-0.00118148711044, 0.00495957722887, -0.00567249581218, -0.00291857682168, 0.0060767820105, 0.000123553661979, 0.00149089633487, -0.00262019899674, 0.000895623641554, -0.00354893459007, -6.02785039518e-05, -0.0019814891275, 0.000782248738687], [0.00209315726534, -0.00567249581218, 0.0202849693596, -0.00559618882835, -0.0111422808841, -0.00186075014062, -0.00755305076018, -5.80060122957e-06, 0.000980826094747, 0.00344384065829, -0.00895658414811, -0.00477386405692, -0.00505344662815], [-0.000129246182041, -0.00291857682168, -0.00559618882835, 0.0311824679375, -0.0194059815258, 0.000992578687146, -0.00311352265999, 0.00237546209246, -0.00219709775411, -0.00571045093238, 0.00613781856373, 0.000794056861196, 0.00444444920868], [-0.00144266581628, 0.0060767820105, -0.0111422808841, -0.0194059815258, 0.0401265770197, -0.010513513349, 0.00461274478585, 0.00223050988279, -0.00916576292366, 0.00527264084667, -0.00540544232354, 0.000563662615605, 0.0050633540377], [-0.000154947701958, 0.000123553661979, -0.00186075014062, 0.000992578687146, -0.010513513349, 0.0294231176376, -0.000807845499367, -0.00823001004755, -0.00367291946895, -0.00476537598297, -0.00106223707553, 0.00649147108197, 0.00498045049608], [-0.000322426611092, 0.00149089633487, -0.00755305076018, -0.00311352265999, 0.00461274478585, -0.000807845499367, 0.0385486856103, -0.0124958269298, -0.00719030853361, 0.000405854836572, 0.00418497435749, 0.000579742249101, -0.00906600244343], [0.00028486008523, -0.00262019899674, -5.80060122957e-06, 0.00237546209246, 0.00223050988279, -0.00823001004755, -0.0124958269298, 0.0490098372102, -0.0115249371156, -0.000314836361213, -0.00793199893087, -0.0044239689596, 0.0027768316213], [0.000554951839149, 0.000895623641554, 0.000980826094747, -0.00219709775411, -0.00916576292366, -0.00367291946895, -0.00719030853361, -0.0115249371156, 0.0600086264312, -0.0234800428152, 0.0179306790233, -0.00653458712623, -0.00576110789552], [0.000567993614823, -0.00354893459007, 0.00344384065829, -0.00571045093238, 0.00527264084667, -0.00476537598297, 0.000405854836572, -0.000314836361213, -0.0234800428152, 0.055228330195, -0.0158844012767, 0.0111969392747, -0.00110340444371], [-0.000229081590078, -6.02785039518e-05, -0.00895658414811, 0.00613781856373, -0.00540544232354, -0.00106223707553, 0.00418497435749, -0.00793199893087, 0.0179306790233, -0.0158844012767, 0.0440228506923, -0.0106167616323, -0.00142592005432], [-2.16734315472e-05, -0.0019814891275, -0.00477386405692, 0.000794056861196, 0.000563662615605, 0.00649147108197, 0.000579742249101, -0.0044239689596, -0.00653458712623, 0.0111969392747, -0.0106167616323, 0.0425037592649, -0.018044501543], [-0.000694608315825, 0.000782248738687, -0.00505344662815, 0.00444444920868, 0.0050633540377, 0.00498045049608, -0.00906600244343, 0.0027768316213, -0.00576110789552, -0.00110340444371, -0.00142592005432, -0.018044501543, 0.0471204034984]]
    },
    "spectral_contrast_coeffs": {
        "max": [-0.523705899715, -0.491614609957, -0.560880184174, -0.63099604845, -0.680676102638, -0.607194840908],
        "mean": [-0.83430403471, -0.858582496643, -0.867794036865, -0.890605509281, -0.875404894352, -0.857592761517],
        "min": [-0.984512090683, -0.998409688473, -0.999024510384, -0.986606836319, -0.989723563194, -0.966135501862],
        "stdev": [0.133718147874, 0.132414087653, 0.107476204634, 0.0775906890631, 0.0867358222604, 0.103204675019]
    },
    "spectral_contrast_valleys": {
        "max": [-5.5469751358, -4.82935428619, -6.0942158699, -5.84091186523, -6.89122486115, -9.08851242065],
        "mean": [-17.7300834656, -16.9342670441, -17.0712490082, -17.0616378784, -17.2905502319, -18.9246692657],
        "min": [-28.0421867371, -27.9064445496, -27.8565998077, -27.7118396759, -27.5536174774, -27.4022598267],
        "stdev": [9.49044322968, 10.1283760071, 10.0414628983, 9.99871730804, 9.80984306335, 8.21478366852]
    }
},
"rhythm": {
    "beats_count": 27,
    "beats_loudness": {
        "max": 0.070276543498,
        "mean": 0.0110988775268,
        "min": 0,
        "stdev": 0.0196775458753
    },
    "bpm": 126.544364929,
    "bpm_histogram_first_peak_bpm": 126,
    "bpm_histogram_first_peak_weight": 0.307692289352,
    "bpm_histogram_second_peak_bpm": 136,
    "bpm_histogram_second_peak_spread": 0.545454502106,
    "bpm_histogram_second_peak_weight": 0.192307695746,
    "danceability": 0.670152783394,
    "onset_rate": 0.940485656261,
    "beats_loudness_band_ratio": {
        "max": [0.769357204437, 0.281740486622, 0.606886267662, 0.452045828104, 0.621576189995, 0.371263861656],
        "mean": [0.0674731954932, 0.0391772985458, 0.128875568509, 0.128051638603, 0.11501711607, 0.0525957420468],
        "min": [0, 0, 0, 0, 0, 0],
        "stdev": [0.173793047667, 0.0658828690648, 0.198233172297, 0.1568941921, 0.185476228595, 0.096811182797]
    },
    "beats_position": [0.46439909935, 0.940408170223, 1.4164172411, 1.89242625237, 2.36843538284, 2.8444442749, 3.29723358154, 3.75002264977, 4.20281171799, 4.6439909935, 5.08516979218, 5.52634906769, 5.95591831207, 6.38548755646, 6.80344676971, 7.22140598297, 7.66258478165, 8.10376358032, 8.55655288696, 9.03256225586, 9.50857162476, 9.98458003998, 10.47219944, 10.9365987778, 11.4009971619, 11.8653964996, 12.3414058685],
