{
"metadata": {
    "version": {
        "essentia": "2.1-beta5",
        "essentia_git_sha": "Undefined",
        "extractor": "music 2.0"
    },
    "audio_properties": {
        "analysis": {
            "equal_loudness": 0,
            "length": 48.7502937317,
            "sample_rate": 44100,
            "start_time": 61.4980506897,
            "downmix": "mix"
        },
        "bit_rate": 192000,
        "length": 182.009628296,
        "lossless": 0,
        "number_channels": 2,
        "replay_gain": -3.3833656311,
        "sample_rate": 48000,
        "codec": "mp3",
        "md5_encoded": "34cc14622838e31ccec079e4cf4e6d0e"
    },
    "tags": {
        "file_name": "Slovakia_Leť Tmou_Kamil Mikulčík _ Nela Pocisková.mp3",
        "encoding": ["Lavf58.29.100"]
    }
},
"lowlevel": {
    "average_loudness": 0.959377348423,
    "barkbands_crest": {
        "max": 22.347530365,
        "mean": 9.07862281799,
        "min": 3.07663869858,
        "stdev": 3.34125256538
    },
    "barkbands_flatness_db": {
        "max": 0.301647990942,
        "mean": 0.12748606503,
        "min": 0.0445363521576,
        "stdev": 0.0342590510845
    },
    "barkbands_kurtosis": {
        "max": 38.2435798645,
        "mean": 1.49995756149,
        "min": -1.87503576279,
        "stdev": 3.86176776886
    },
    "barkbands_skewness": {
        "max": 5.23426866531,
        "mean": 1.01095283031,
        "min": -1.07670009136,
        "stdev": 0.85736566782
    },
    "barkbands_spread": {
        "max": 106.952270508,
        "mean": 26.2628803253,
        "min": 1.57229948044,
        "stdev": 14.0776948929
    },
    "dissonance": {
        "max": 0.5,
        "mean": 0.461422979832,
        "min": 0.30399698019,
        "stdev": 0.0266472510993
    },
    "dynamic_complexity": 1.76169836521,
    "erbbands_crest": {
        "max": 28.7290439606,
        "mean": 10.9080600739,
        "min": 2.39474701881,
        "stdev": 4.7741765976
    },
    "erbbands_flatness_db": {
        "max": 0.28875914216,
        "mean": 0.157559081912,
        "min": 0.0600873157382,
        "stdev": 0.0341928713024
    },
    "erbbands_kurtosis": {
        "max": 16.5865840912,
        "mean": 1.00865662098,
        "min": -1.60354971886,
        "stdev": 2.02046656609
    },
    "erbbands_skewness": {
        "max": 3.00775361061,
        "mean": 0.28181552887,
        "min": -1.71824121475,
        "stdev": 0.615968346596
    },
    "erbbands_spread": {
        "max": 137.406158447,
        "mean": 32.1918373108,
        "min": 4.63714933395,
        "stdev": 17.6763496399
    },
    "hfc": {
        "max": 243.072509766,
        "mean": 32.9042549133,
        "min": 1.11749625206,
        "stdev": 20.0972824097
    },
    "loudness_ebu128": {
        "integrated": -18.6236515045,
        "loudness_range": 4.16077232361,
        "momentary": {
            "max": -16.5737953186,
            "mean": -18.9619293213,
            "min": -26.2005939484,
            "stdev": 1.9344009161
        },
        "short_term": {
            "max": -17.0565357208,
            "mean": -18.8487281799,
            "min": -24.5725536346,
            "stdev": 1.59885883331
        }
    },
    "melbands_crest": {
        "max": 28.9308509827,
        "mean": 12.7160263062,
        "min": 4.11468935013,
        "stdev": 4.23130321503
    },
    "melbands_flatness_db": {
        "max": 0.402338594198,
        "mean": 0.193495705724,
        "min": 0.0797383263707,
        "stdev": 0.0446010865271
    },
    "melbands_kurtosis": {
        "max": 139.459625244,
        "mean": 6.82551717758,
        "min": -1.66613101959,
        "stdev": 10.9978704453
    },
    "melbands_skewness": {
        "max": 10.7135438919,
        "mean": 1.96947836876,
        "min": -0.667445659637,
        "stdev": 1.28514504433
    },
    "melbands_spread": {
        "max": 144.443069458,
        "mean": 28.0832386017,
        "min": 1.44425272942,
        "stdev": 13.4721040726
    },
    "pitch_salience": {
        "max": 0.804051160812,
        "mean": 0.500278115273,
        "min": 0.164231851697,
        "stdev": 0.0905721560121
    },
    "silence_rate_20dB": {
        "max": 1,
        "mean": 1,
        "min": 1,
        "stdev": 0
    },
    "silence_rate_30dB": {
        "max": 1,
        "mean": 1,
        "min": 1,
        "stdev": 0
    },
    "silence_rate_60dB": {
        "max": 0,
        "mean": 0,
        "min": 0,
        "stdev": 0
    },
    "spectral_centroid": {
        "max": 4183.25292969,
        "mean": 1452.13977051,
        "min": 236.168441772,
        "stdev": 514.801879883
    },
    "spectral_complexity": {
        "max": 48,
        "mean": 21.5197525024,
        "min": 2,
        "stdev": 6.07991600037
    },
    "spectral_decrease": {
        "max": -1.96136648589e-10,
        "mean": -9.75147340654e-09,
        "min": -2.95646618298e-08,
        "stdev": 4.355919625e-09
    },
    "spectral_energy": {
        "max": 0.114470370114,
        "mean": 0.0397888533771,
        "min": 0.000841627363116,
        "stdev": 0.0173065010458
    },
    "spectral_energyband_high": {
        "max": 0.0225815158337,
        "mean": 0.00123983423691,
        "min": 3.1884553664e-06,
        "stdev": 0.00178385886829
    },
    "spectral_energyband_low": {
        "max": 0.0890535786748,
        "mean": 0.015268846415,
        "min": 0.000100832337921,
        "stdev": 0.0124784903601
    },
    "spectral_energyband_middle_high": {
        "max": 0.0595420226455,
        "mean": 0.0119160739705,
        "min": 0.000229837474762,
        "stdev": 0.00902263820171
    },
    "spectral_energyband_middle_low": {
        "max": 0.0645391047001,
        "mean": 0.0124085564166,
        "min": 0.000242071851972,
        "stdev": 0.00747795822099
    },
    "spectral_entropy": {
        "max": 8.75570678711,
        "mean": 7.48904657364,
        "min": 5.89967632294,
        "stdev": 0.346509635448
    },
    "spectral_flux": {
        "max": 0.25497341156,
        "mean": 0.102677218616,
        "min": 0.0151192238554,
        "stdev": 0.0397157222033
    },
    "spectral_kurtosis": {
        "max": 17.8559017181,
        "mean": 4.59079551697,
        "min": -1.38100266457,
        "stdev": 2.25048112869
    },
    "spectral_rms": {
        "max": 0.0105678010732,
        "mean": 0.00607408303767,
        "min": 0.000906145607587,
        "stdev": 0.00138705887366
    },
    "spectral_rolloff": {
        "max": 10637.4023438,
        "mean": 1536.48706055,
        "min": 107.666015625,
        "stdev": 1463.02404785
    },
    "spectral_skewness": {
        "max": 3.37818241119,
        "mean": 1.62388849258,
        "min": -0.00010199641838,
        "stdev": 0.384977161884
    },
    "spectral_spread": {
        "max": 16150916,
        "mean": 4639419.5,
        "min": 1973274.625,
        "stdev": 1976108.75
    },
    "spectral_strongpeak": {
        "max": 11.8964891434,
        "mean": 1.42280137539,
        "min": 0,
        "stdev": 1.81388497353
    },
    "zerocrossingrate": {
        "max": 0.328125,
        "mean": 0.0603635087609,
        "min": 0.009765625,
        "stdev": 0.0334501937032
    },
    "barkbands": {
        "max": [0.0168447457254, 0.0683361440897, 0.0544592216611, 0.0199476182461, 0.0331742018461, 0.0217580739409, 0.0440106764436, 0.035325858742, 0.0497738793492, 0.0238355826586, 0.0361325666308, 0.0321797356009, 0.0367692783475, 0.0245882105082, 0.0193236563355, 0.0101922014728, 0.00806942675263, 0.0109527120367, 0.00597711559385, 0.00651265773922, 0.00260954978876, 0.00507040973753, 0.00584522634745, 0.0101324878633, 0.00955941900611, 0.00230705924332, 0.000139151481562],
        "mean": [0.000292191049084, 0.00894262921065, 0.00515094818547, 0.00185491901357, 0.00310952495784, 0.00169743283186, 0.00108897034079, 0.00103787670378, 0.00335791287944, 0.00133244378958, 0.0024681747891, 0.00176856399048, 0.00265692733228, 0.00079006300075, 0.000666158972308, 0.000605164270382, 0.000517668493558, 0.000469370948849, 0.00050560478121, 0.000569250667468, 0.000226190619287, 0.000107727901195, 0.000128145824419, 0.000192876570509, 0.000197855682927, 5.22556765645e-05, 1.99431292458e-06],
        "min": [6.07710930467e-08, 1.88170979527e-05, 2.20492256631e-05, 2.86157955998e-06, 2.22944363486e-05, 9.09506798052e-06, 1.44330660987e-05, 3.81374889002e-06, 4.71776866107e-06, 1.25126334751e-05, 1.23268125662e-06, 1.13122223411e-05, 4.45690193374e-06, 4.98228791912e-06, 4.32685374108e-06, 4.78140782434e-06, 3.19566152029e-06, 3.91139883504e-06, 1.24983080241e-06, 7.91170634784e-07, 5.19664581589e-07, 2.62248590843e-07, 2.20327592615e-07, 2.34711208691e-07, 1.13907688615e-07, 3.37116503601e-08, 1.44930609181e-10],
        "stdev": [0.00112782674842, 0.0082698110491, 0.00633474206552, 0.00202773138881, 0.00339939049445, 0.00218299822882, 0.00204812386073, 0.00209437846206, 0.00468428013846, 0.00239097955637, 0.00442241225392, 0.00369764491916, 0.00462756259367, 0.00203192117624, 0.00115234125406, 0.00102995859925, 0.000810223631561, 0.000666035688482, 0.000637784076389, 0.000692215224262, 0.000297262653476, 0.000219239809667, 0.00030728316051, 0.000565515598282, 0.000647791777737, 0.000173821332282, 8.4072817117e-06]
    },
    "erbbands": {
        "max": [2.32006072998, 18.4184741974, 57.6388168335, 81.8030090332, 101.19569397, 131.07711792, 146.518081665, 231.528213501, 639.751220703, 406.504150391, 1070.66223145, 1219.72131348, 717.603027344, 1135.66503906, 1768.77416992, 1430.44763184, 1784.49584961, 1500.51135254, 790.380981445, 747.713623047, 650.424987793, 515.70904541, 331.045257568, 435.006378174, 229.737564087, 278.575256348, 164.626815796, 84.9528884888, 146.410400391, 209.919052124, 131.031280518, 131.524719238, 205.092300415, 137.08996582, 56.4930305481, 13.6489105225, 4.60404872894, 0.680035889149, 0.0160719733685, 0.000586654408835],
        "mean": [0.180648893118, 2.25916934013, 6.17676544189, 6.04155921936, 7.51682710648, 12.096985817, 10.8736915588, 15.5236053467, 16.9792423248, 15.4990825653, 33.4562797546, 90.2121429443, 36.23620224, 65.4258422852, 100.247192383, 81.9061126709, 123.54839325, 52.5643844604, 33.4496154785, 40.1197128296, 28.8774452209, 26.8294677734, 26.6441516876, 27.1911087036, 22.3495254517, 28.6261940002, 17.3505630493, 4.59803199768, 3.57717370987, 4.48972606659, 3.45315742493, 3.47270870209, 3.52567005157, 2.65308332443, 1.13183951378, 0.310882866383, 0.0846030563116, 0.0111061418429, 0.000339692982379, 6.07670699537e-05],
        "min": [0.000873580691405, 0.00999086070806, 0.0430154614151, 0.0431120507419, 0.0983024314046, 0.061047937721, 0.0334451757371, 0.100649133325, 0.18560449779, 0.180426999927, 0.178084164858, 0.237040817738, 0.618117928505, 0.838724255562, 0.557055056095, 0.780404090881, 0.28901642561, 0.353736549616, 0.274542808533, 0.306651979685, 0.246188938618, 0.236125469208, 0.214989840984, 0.131856426597, 0.0661500841379, 0.0410027354956, 0.0319961644709, 0.0198138002306, 0.00898894760758, 0.00832089595497, 0.00610857550055, 0.00722984038293, 0.0027846316807, 0.00151293189265, 0.000461915915366, 0.000171461550053, 6.33557574474e-05, 1.43697070598e-05, 3.92707170249e-06, 1.52726238412e-06],
        "stdev": [0.185072928667, 2.22206711769, 6.96288204193, 6.22543525696, 8.26587104797, 14.3385839462, 13.4071025848, 22.2057476044, 31.7172870636, 25.9078769684, 56.5104446411, 131.263473511, 55.9620895386, 104.197097778, 167.921035767, 148.647094727, 203.608963013, 111.070213318, 60.8674125671, 68.5313339233, 48.5112991333, 40.9562606812, 31.9967594147, 36.7117424011, 27.6306724548, 36.2295074463, 20.7591056824, 6.31071138382, 6.69703054428, 10.4629459381, 8.1692647934, 9.82200431824, 10.8773336411, 8.97925853729, 3.62544178963, 1.01118385792, 0.28872063756, 0.0424623154104, 0.00113351619802, 4.78233996546e-05]
    },
    "gfcc": {
        "mean": [41.2558670044, 97.9666290283, -118.528274536, 32.221698761, -51.0089035034, 26.9322681427, -30.627161026, 18.510181427, -30.8238105774, 2.30038952827, -12.1752195358, -2.12791800499, -9.79503917694],
        "cov": [[1549.89794922, -578.426513672, -198.609634399, 120.07673645, -148.901062012, 32.1184539795, 46.60414505, 34.2194442749, -128.414367676, 96.0888137817, -95.1657485962, -62.1831855774, -93.9432678223], [-578.426513672, 685.398681641, -205.493209839, -5.77116966248, 96.1737823486, -149.102798462, 114.431465149, -49.8416976929, 28.4565124512, -59.7120666504, 50.5075073242, -54.0605354309, 57.9693145752], [-198.609634399, -205.493209839, 517.705993652, -66.5116348267, -14.0979366302, 75.4571609497, -151.709442139, 25.0326442719, 33.9983940125, -21.0280265808, -39.6444625854, 93.5490112305, -3.25165438652], [120.07673645, -5.77116966248, -66.5116348267, 211.512588501, 31.2878684998, -55.2857093811, 1.63951349258, 10.3397912979, 33.0881462097, -6.54058837891, -17.3952293396, -50.8848419189, 31.8384380341], [-148.901062012, 96.1737823486, -14.0979366302, 31.2878684998, 164.356521606, 18.6904201508, 3.39233875275, 7.13444566727, 28.4965438843, 0.907505810261, -7.85409212112, -21.871181488, 0.559946119785], [32.1184539795, -149.102798462, 75.4571609497, -55.2857093811, 18.6904201508, 197.555923462, 23.9119586945, -33.9213523865, -16.5627593994, 21.4271774292, 7.4228644371, 21.5837211609, -49.2267723083], [46.60414505, 114.431465149, -151.709442139, 1.63951349258, 3.39233875275, 23.9119586945, 228.155578613, -14.3098125458, -56.5137634277, 21.829826355, 2.02835488319, -32.1176719666, -36.9343185425], [34.2194442749, -49.8416976929, 25.0326442719, 10.3397912979, 7.13444566727, -33.9213523865, -14.3098125458, 119.759628296, 38.7051544189, -9.65394115448, -11.7259321213, -5.27598237991, 22.7091598511], [-128.414367676, 28.4565124512, 33.9983940125, 33.0881462097, 28.4965438843, -16.5627593994, -56.5137634277, 38.7051544189, 116.346885681, -6.57623910904, -0.775007963181, -0.768698215485, 24.3350505829], [96.0888137817, -59.7120666504, -21.0280265808, -6.54058837891, 0.907505810261, 21.4271774292, 21.829826355, -9.65394115448, -6.57623910904, 82.1922988892, 11.4662351608, -4.62786149979, -19.3576889038], [-95.1657485962, 50.5075073242, -39.6444625854, -17.3952293396, -7.85409212112, 7.4228644371, 2.02835488319, -11.7259321213, -0.775007963181, 11.4662351608, 93.7510375977, 26.9086608887, 9.76664161682], [-62.1831855774, -54.0605354309, 93.5490112305, -50.8848419189, -21.871181488, 21.5837211609, -32.1176719666, -5.27598237991, -0.768698215485, -4.62786149979, 26.9086608887, 92.0567398071, 9.02319812775], [-93.9432678223, 57.9693145752, -3.25165438652, 31.8384380341, 0.559946119785, -49.2267723083, -36.9343185425, 22.7091598511, 24.3350505829, -19.3576889038, 9.76664161682, 9.02319812775, 84.7104873657]],
        "icov": [[0.00180908909533, 0.00128373887856, 0.00123148667626, -0.00104638154153, 0.000988664571196, 0.000131236374727, 0.000369645247702, -0.000792372273281, 0.00154493376613, -0.00100176502019, 0.00149360287469, -0.000156310168677, 0.00118335150182], [0.00128373887856, 0.00650730030611, 0.000509022036567, 0.00283603533171, -0.00307695800439, 0.00535142794251, -0.00426339358091, 0.00466554332525, -0.00248236977495, 0.00368969049305, -0.00274713872932, 0.00375399575569, -0.00258214515634], [0.00123148667626, 0.000509022036567, 0.00444662338123, -0.00082635646686, 0.00105081219226, -0.00161393044982, 0.00256213755347, -0.00174911203794, 0.00112927576993, -0.000713937741239, 0.00362469349056, -0.00366824725643, 0.00162509700749], [-0.00104638154153, 0.00283603533171, -0.00082635646686, 0.00929829105735, -0.00364234787412, 0.00426418427378, -0.00341139221564, 0.0045739877969, -0.00467578275129, 0.00332304625772, -0.00273035815917, 0.0055624791421, -0.00501430174336], [0.000988664571196, -0.00307695800439, 0.00105081219226, -0.00364234787412, 0.00993782095611, -0.0047107283026, 0.00308652687818, -0.00403126934543, 0.0015572818229, -0.00339776300825, 0.00360585795715, -0.00138962210622, 0.00274311169051], [0.000131236374727, 0.00535142794251, -0.00161393044982, 0.00426418427378, -0.0047107283026, 0.0122104790062, -0.00534385628998, 0.00640148343518, -0.00352666852996, 0.00316472304985, -0.00439545419067, 0.00318252691068, -0.000196325898287], [0.000369645247702, -0.00426339358091, 0.00256213755347, -0.00341139221564, 0.00308652687818, -0.00534385628998, 0.0105054974556, -0.00547673553228, 0.00582376448438, -0.00432933261618, 0.00387725047767, -0.00318450806662, 0.0048606954515], [-0.000792372273281, 0.00466554332525, -0.00174911203794, 0.0045739877969, -0.00403126934543, 0.00640148343518, -0.00547673553228, 0.0155666386709, -0.00729627441615, 0.00472925323993, -0.00340725947171, 0.00475566415116, -0.00560906762257], [0.00154493376613, -0.00248236977495, 0.00112927576993, -0.00467578275129, 0.0015572818229, -0.00352666852996, 0.00582376448438, -0.00729627441615, 0.0156026948243, -0.00399180874228, 0.00299325492233, -0.00249426695518, 0.00217443262227], [-0.00100176502019, 0.00368969049305, -0.000713937741239, 0.00332304625772, -0.00339776300825, 0.00316472304985, -0.00432933261618, 0.00472925323993, -0.00399180874228, 0.0175282731652, -0.00574366375804, 0.00386930978857, -0.000803869392257], [0.00149360287469, -0.00274713872932, 0.00362469349056, -0.00273035815917, 0.00360585795715, -0.00439545419067, 0.00387725047767, -0.00340725947171, 0.00299325492233, -0.00574366375804, 0.0178101919591, -0.00835851300508, 0.00139199348632], [-0.000156310168677, 0.00375399575569, -0.00366824725643, 0.0055624791421, -0.00138962210622, 0.00318252691068, -0.00318450806662, 0.00475566415116, -0.00249426695518, 0.00386930978857, -0.00835851300508, 0.0210006330162, -0.00545103428885], [0.00118335150182, -0.00258214515634, 0.00162509700749, -0.00501430174336, 0.00274311169051, -0.000196325898287, 0.0048606954515, -0.00560906762257, 0.00217443262227, -0.000803869392257, 0.00139199348632, -0.00545103428885, 0.0199338104576]]
    },
    "melbands": {
        "max": [0.0192171223462, 0.0259369760752, 0.0117005230859, 0.00852278061211, 0.00433520274237, 0.00470585376024, 0.00994136277586, 0.00384624698199, 0.00905786734074, 0.00867542810738, 0.00373605452478, 0.00431831087917, 0.00545409321785, 0.00386474910192, 0.00398784456775, 0.00361185660586, 0.00256904214621, 0.0016281864373, 0.00183184363414, 0.000843398098368, 0.000883904052898, 0.000687727413606, 0.000437072303612, 0.00068444875069, 0.000400252902182, 0.000270499760518, 0.000226977048442, 0.0002017418592, 0.00015641648497, 6.17479454377e-05, 4.83244475618e-05, 5.75919402763e-05, 0.000150930223754, 0.000132222878165, 7.75179942138e-05, 6.13416559645e-05, 8.70872099767e-05, 0.000146602280438, 0.000139100724482, 0.000115392707812],
        "mean": [0.00209253374487, 0.00314937136136, 0.00111011706758, 0.000710154243279, 0.000424014724558, 0.000340800354024, 0.000249386706855, 0.00016890266852, 0.000343559164321, 0.000528488133568, 0.00016260377015, 0.000250171986409, 0.000361280195648, 0.000211189049878, 0.000270315649686, 0.000221188092837, 8.3688129962e-05, 5.28544333065e-05, 5.0021102652e-05, 5.13680497534e-05, 3.06605616061e-05, 2.66822753474e-05, 3.02337502944e-05, 2.081706225e-05, 2.22070902964e-05, 1.85764329217e-05, 1.47417676999e-05, 2.00283993763e-05, 1.28576712086e-05, 5.19211425853e-06, 1.82929113635e-06, 1.82079372735e-06, 2.40267922891e-06, 2.54807810052e-06, 1.96058545043e-06, 1.82754865818e-06, 2.26057386499e-06, 2.54440715253e-06, 2.30976002058e-06, 2.24153609452e-06],
        "min": [4.29514557254e-06, 1.96867895284e-05, 4.69886617793e-06, 5.86975829719e-06, 1.29886564082e-06, 2.31756484936e-06, 2.76491164186e-06, 1.47444120557e-06, 7.72962664541e-07, 1.05281196738e-06, 2.7694934488e-06, 3.28803093907e-06, 5.7361950212e-07, 1.03932143247e-06, 1.33224602905e-06, 3.45578342831e-07, 4.657060515e-07, 4.11224391428e-07, 3.01353168197e-07, 3.1637219422e-07, 2.15920877622e-07, 2.00884301194e-07, 1.44290211779e-07, 1.7913905026e-07, 5.5136304411e-08, 2.80448642087e-08, 3.00900744321e-08, 2.50978882121e-08, 1.65335798386e-08, 9.35433774885e-09, 7.1272321378e-09, 3.66948316177e-09, 3.2801581451e-09, 4.0594456685e-09, 3.22180015999e-09, 3.4123153192e-09, 3.0098581405e-09, 1.64994817808e-09, 1.2480679823e-09, 9.83711112568e-10],
        "stdev": [0.00186612003017, 0.00308565911837, 0.0010062106885, 0.000808966811746, 0.000474877480883, 0.000465522753075, 0.000460403738543, 0.000291516364086, 0.000525226583704, 0.000771851860918, 0.000293972989311, 0.000418423936935, 0.000627177476417, 0.000443843775429, 0.000486274104333, 0.000415958958911, 0.000210674043046, 0.000117801217129, 8.90784140211e-05, 8.87049027369e-05, 5.98517799517e-05, 5.13561062689e-05, 4.13308334828e-05, 3.39959988196e-05, 3.35293698299e-05, 2.67463237833e-05, 2.00675294764e-05, 2.69912106887e-05, 1.71748779394e-05, 7.88779743743e-06, 3.2795851439e-06, 3.36605808116e-06, 5.56467784918e-06, 6.24230369795e-06, 4.62953858005e-06, 4.86337739858e-06, 6.68842358209e-06, 7.7759832493e-06, 7.85815154813e-06, 7.80583104643e-06]
    },
    "melbands128": {
        "max": [0.0144000705332, 0.0184733644128, 0.0288810301572, 0.0405596345663, 0.0390515439212, 0.0265075564384, 0.0197660475969, 0.0100206043571, 0.0131576666608, 0.0143970474601, 0.00856592133641, 0.0075838197954, 0.00474989460781, 0.00877034291625, 0.00842201523483, 0.00843526795506, 0.00697836838663, 0.0180776659399, 0.00768436677754, 0.00781539268792, 0.00686233118176, 0.0082895224914, 0.0154998805374, 0.00801949575543, 0.0101409805939, 0.0158322621137, 0.00679845316336, 0.00581771880388, 0.00647972198203, 0.00596682773903, 0.0091773243621, 0.00796031672508, 0.0106133073568, 0.012462483719, 0.0105473678559, 0.00754219060764, 0.00697780027986, 0.0063797342591, 0.0106607126072, 0.00594124663621, 0.00618127128109, 0.00765344500542, 0.00376813579351, 0.0055011655204, 0.00488081108779, 0.00284414249472, 0.00283528864384, 0.00441412860528, 0.00123530754354, 0.00284715439193, 0.00149028585292, 0.00124495883938, 0.0016356887063, 0.00112203857861, 0.00114657497033, 0.00139767467044, 0.00082953000674, 0.00115104694851, 0.00055861036526, 0.000469839375, 0.000601146486588, 0.00163858802989, 0.000802490569185, 0.00074995693285, 0.000488781719469, 0.000506722251885, 0.000351648195647, 0.000302606698824, 0.000329094589688, 0.000562586938031, 0.000468662736239, 0.000569600844756, 0.000369180605048, 0.00025752975489, 0.000236305626458, 0.000122590499814, 0.000138793053338, 5.94101366005e-05, 6.84483820805e-05, 4.71885068691e-05, 5.47980889678e-05, 5.3632138588e-05, 0.000143704834045, 0.000213112842175, 0.000110522181785, 0.000138646108098, 0.0001754641562, 0.000125236314489, 7.28469967726e-05, 7.67536257626e-05, 7.98248147476e-05, 8.01452988526e-05, 0.000108930544229, 0.000108919433842, 9.75419097813e-05, 0.000165436256793, 0.000133116642246, 0.00014115209342, 0.000213483988773, 0.000141073745908, 0.000157781876624, 0.00015128722589, 0.000147472630488, 0.000141161202919, 6.51928930893e-05, 3.49252331944e-05, 4.29582214565e-05, 3.42526218446e-05, 2.21850696107e-05, 2.63220681518e-05, 1.34308220368e-05, 1.65762539837e-05, 2.37640633713e-05, 1.27867979245e-05, 1.06532052087e-05, 7.30576448404e-06, 5.20054845765e-06, 1.31097658596e-06, 6.69717280743e-07, 3.37330646971e-07, 2.62179298716e-07, 2.5526810532e-07, 2.39374600142e-07, 2.12692086166e-08, 2.10203445761e-08, 2.08208668084e-08, 2.06798400626e-08, 2.05944630238e-08],
        "mean": [0.000255437887972, 0.00110444659367, 0.00278174621053, 0.0041272835806, 0.00361140468158, 0.00230158353224, 0.0011806342518, 0.000931871065404, 0.000668459571898, 0.000755018030759, 0.000711359665729, 0.000498670735396, 0.000333524862071, 0.000340371130733, 0.000377733318601, 0.000325134955347, 0.000275562750176, 0.000273903307971, 0.000154918088811, 0.000173032691237, 0.000157737289555, 0.000197330067749, 0.000271034281468, 0.000542937486898, 0.000898162834346, 0.000352728297003, 0.00015720295778, 0.000134104091558, 0.000160221403348, 0.00024690333521, 0.00022880450706, 0.000356319738785, 0.0004719090648, 0.000275860773399, 0.000219234425458, 0.000194220250705, 0.000199138099561, 0.000198418230866, 0.000429263047408, 0.000270698830718, 0.000187650919543, 0.000111639390525, 8.18593034637e-05, 7.06644568709e-05, 5.94407465542e-05, 4.59568364022e-05, 5.06273718202e-05, 4.61548515887e-05, 4.28978164564e-05, 7.5179952546e-05, 4.87462457386e-05, 3.80080527975e-05, 2.8123948141e-05, 2.92515178444e-05, 3.12301090162e-05, 2.45892078965e-05, 1.96024830075e-05, 4.37905546278e-05, 2.64299342234e-05, 2.09913923754e-05, 1.90764694707e-05, 2.30780424317e-05, 2.01339753403e-05, 2.27252585319e-05, 2.51683595707e-05, 1.7529935576e-05, 1.65230958373e-05, 1.17730123748e-05, 1.10710143417e-05, 2.39646506088e-05, 2.00040940399e-05, 2.02217197511e-05, 1.60660783877e-05, 1.04920391095e-05, 1.09464617708e-05, 5.11479993293e-06, 3.35033223564e-06, 1.85832709576e-06, 1.66328925388e-06, 1.63696574873e-06, 1.73768648892e-06, 1.68603617112e-06, 2.42947635343e-06, 2.41375028054e-06, 2.48689798354e-06, 2.68297731054e-06, 2.73191039923e-06, 2.00501312975e-06, 1.82230110113e-06, 2.03110107577e-06, 1.79846176707e-06, 1.7151000975e-06, 1.92123707166e-06, 2.24848690777e-06, 2.47956131716e-06, 2.60081060333e-06, 2.67349969363e-06, 2.29007696362e-06, 2.24956306738e-06, 2.31093554248e-06, 2.42593887378e-06, 2.26628230848e-06, 2.04289563044e-06, 1.63286745192e-06, 1.24422547287e-06, 9.37213371799e-07, 7.66086998283e-07, 6.45065540539e-07, 4.77999492432e-07, 3.84863255931e-07, 3.33013161935e-07, 3.0170537002e-07, 2.72670632739e-07, 2.15601900777e-07, 1.5816947041e-07, 1.13138654001e-07, 6.42752695512e-08, 1.24409824664e-08, 4.06529920838e-09, 2.44333997479e-09, 1.86227178123e-09, 1.66600644391e-09, 9.80362235836e-10, 4.29371364852e-11, 1.52941669745e-11, 1.4945248164e-11, 1.47316273763e-11, 1.46479772756e-11],
        "min": [1.54318353651e-08, 3.07272870259e-07, 1.39157430112e-06, 9.6443673101e-06, 2.10429152503e-05, 1.09097900349e-05, 1.11006829684e-06, 1.63266213349e-06, 8.51929200962e-07, 4.45563728135e-06, 9.62465719567e-07, 6.52383391753e-08, 8.75164801073e-07, 8.30500823668e-07, 1.21787343232e-06, 4.40768531007e-07, 1.49100435465e-06, 6.70332383379e-07, 6.88090665335e-07, 3.99247994665e-07, 3.35653226102e-07, 3.55231776439e-07, 1.80637343306e-07, 1.35158032322e-07, 1.84516338209e-07, 1.89595766642e-07, 2.74631787534e-07, 3.06177469156e-07, 5.83103599183e-07, 5.59895454444e-07, 4.78092829326e-07, 1.28233452301e-07, 1.94962808564e-07, 4.6759814154e-07, 1.24124554191e-07, 1.96194179125e-07, 4.71801939739e-07, 5.54751522941e-07, 4.67302157858e-07, 2.08187984185e-07, 9.23794445384e-08, 1.01847765777e-08, 1.21071536796e-07, 6.72983091476e-08, 7.34540890335e-08, 2.46852124519e-07, 4.7279705484e-08, 4.01727930921e-08, 1.04745886631e-07, 1.50698156176e-07, 1.06346739415e-07, 1.67758074099e-07, 1.01282282117e-07, 1.38795456905e-07, 1.07170933461e-07, 7.57090532488e-08, 7.49833546365e-08, 9.44892732946e-08, 1.16882986845e-07, 5.32682733478e-08, 4.89268074944e-08, 6.73813360663e-08, 4.48584316359e-08, 3.82053180203e-08, 1.39742386551e-08, 1.35940245727e-08, 3.01974871775e-08, 4.63171501153e-09, 1.47802676764e-08, 8.45279313211e-09, 1.39648905773e-08, 4.16250811597e-09, 9.94870230642e-09, 1.31502986278e-08, 4.07438704997e-09, 7.4253359017e-09, 5.45224621007e-09, 2.22529350502e-09, 1.65416425002e-09, 4.01885946744e-09, 1.35981659266e-09, 1.54825441356e-09, 2.81148571091e-09, 2.43160092062e-09, 1.42654266178e-09, 2.99450664265e-09, 2.64101296388e-09, 2.05745909199e-09, 2.99667024528e-09, 1.45086564984e-09, 8.76039962794e-10, 1.31860877772e-09, 2.99340729981e-09, 1.5085642735e-09, 5.89590987143e-10, 3.25994370387e-10, 5.74154390698e-10, 7.25507043331e-10, 9.79452186023e-10, 3.23003568337e-10, 1.52398441089e-10, 4.95838592407e-10, 7.05343727869e-10, 5.35318733785e-10, 7.70155900859e-12, 1.14539246143e-11, 3.82981736602e-11, 3.72811989613e-11, 1.30278134201e-12, 7.53710895779e-13, 1.72702130374e-12, 7.52965328976e-11, 8.81086731352e-11, 1.51440332496e-10, 6.84867787482e-11, 2.6800535749e-11, 6.71072572511e-12, 4.06409525174e-13, 2.31850020953e-13, 2.38535889175e-13, 2.57236045615e-13, 2.7170618728e-13, 2.12689647795e-13, 2.34147309831e-13, 1.64500642383e-13, 6.98776567208e-14, 9.45828075013e-15, 2.50949498371e-16],
        "stdev": [0.000968097243458, 0.00162258639466, 0.00279425829649, 0.00457959715277, 0.00419333297759, 0.00290851970203, 0.00141103379428, 0.0010865018703, 0.00091237766901, 0.00125837279484, 0.000937255332246, 0.00070760701783, 0.00054225459462, 0.000583889544941, 0.00064373225905, 0.000667405372951, 0.000621112121735, 0.000718750001397, 0.000365204847185, 0.000382234429708, 0.0003892792447, 0.00047680811258, 0.000775005377363, 0.000912759685889, 0.00152713654097, 0.000887402973603, 0.000390954577597, 0.00034940536716, 0.000457334390376, 0.000540864130016, 0.000595475663431, 0.000856947735883, 0.00101310375612, 0.000803966016974, 0.000710549764335, 0.000641855178401, 0.000623007188551, 0.000565003370866, 0.00101147207897, 0.000589707517065, 0.000663764367346, 0.00037011684617, 0.00029548665043, 0.000314204633469, 0.000230540143093, 0.00014488947636, 0.000143127050251, 0.00014526193263, 0.000107191968709, 0.00020778340695, 0.000111679837573, 9.55485520535e-05, 8.55671314639e-05, 8.23901573312e-05, 8.97755016922e-05, 7.71516133682e-05, 5.1595725381e-05, 7.76173910708e-05, 5.07495424245e-05, 4.74971639051e-05, 4.07797451771e-05, 7.01405369909e-05, 5.24181486981e-05, 4.9511607358e-05, 5.50968215975e-05, 4.14956375607e-05, 3.53019531758e-05, 2.69355932687e-05, 2.59710177488e-05, 5.05995412823e-05, 4.23643105023e-05, 4.83730473206e-05, 3.39975085808e-05, 2.1423882572e-05, 2.43734702963e-05, 1.12615398393e-05, 9.74237809714e-06, 3.80764458896e-06, 3.7709105527e-06, 3.61287470696e-06, 3.73422176381e-06, 3.3855944821e-06, 5.69158146391e-06, 6.94054551786e-06, 5.91721664023e-06, 6.75856790622e-06, 7.49119726606e-06, 5.66477774555e-06, 4.30317686551e-06, 5.10733616466e-06, 4.91643686473e-06, 5.05191428601e-06, 6.12039593761e-06, 7.35348703529e-06, 7.35786943551e-06, 8.24241124064e-06, 8.61169974087e-06, 7.57997486289e-06, 8.78342689248e-06, 8.53635810927e-06, 8.84093878994e-06, 8.62457727635e-06, 7.30748206479e-06, 6.09998187429e-06, 3.92228503188e-06, 2.95659310723e-06, 2.65773746833e-06, 2.33409195971e-06, 1.60849344866e-06, 1.3200497051e-06, 1.10988628421e-06, 1.05375352177e-06, 1.05747642465e-06, 8.09403218227e-07, 6.45233740215e-07, 4.73913701171e-07, 2.96519488074e-07, 5.75810368275e-08, 2.87920869368e-08, 1.62444404594e-08, 1.32228024086e-08, 1.31437660755e-08, 9.25296994581e-09, 6.36112384989e-10, 4.5843748242e-10, 4.54090876012e-10, 4.51018056236e-10, 4.49156489779e-10]
    },
    "mfcc": {
        "mean": [-603.31262207, 127.462997437, -2.07074284554, 16.74949646, 7.74556779861, 5.5307598114, 16.1617641449, 9.48662567139, 0.504787743092, 5.10286808014, -2.11681675911, 2.31291985512, 3.19954371452],
        "cov": [[1737.81628418, -595.243408203, -213.304382324, 83.5106124878, -234.682113647, 4.97458314896, 72.2163543701, -70.4291152954, -40.6439628601, 114.963905334, 16.4233112335, -34.8691101074, -6.6941204071], [-595.243408203, 613.567932129, -167.549224854, 60.0842475891, -44.2002334595, -14.9615917206, 24.4567012787, 18.1576557159, -10.849281311, -15.8349180222, -6.89576196671, 4.67439031601, -10.3539590836], [-213.304382324, -167.549224854, 424.869415283, -117.584190369, 113.626533508, -13.0270223618, -81.6628875732, 17.6598529816, 19.7828159332, -78.1600418091, -19.2980918884, 6.08237409592, -9.96410083771], [83.5106124878, 60.0842475891, -117.584190369, 248.723022461, -24.7170772552, -48.227596283, -0.535156905651, -25.2874603271, 39.9456138611, 46.0893936157, -31.9716625214, 4.05880451202, 5.82842874527], [-234.682113647, -44.2002334595, 113.626533508, -24.7170772552, 279.013153076, -37.1820373535, -99.4275512695, 1.52984976768, 45.6943016052, -20.1791057587, -14.7163944244, 5.03711938858, -14.1964683533], [4.97458314896, -14.9615917206, -13.0270223618, -48.227596283, -37.1820373535, 207.347915649, 54.2505874634, 6.79346513748, -29.4910163879, 0.664307415485, 49.5309448242, -1.00078856945, -14.2217273712], [72.2163543701, 24.4567012787, -81.6628875732, -0.535156905651, -99.4275512695, 54.2505874634, 156.799407959, 14.7330856323, -20.7587661743, 7.58418703079, 32.6059494019, 1.66762840748, 9.61441802979], [-70.4291152954, 18.1576557159, 17.6598529816, -25.2874603271, 1.52984976768, 6.79346513748, 14.7330856323, 91.1462402344, 12.2113409042, -6.03140687943, 6.54780006409, -6.32329320908, -0.95920163393], [-40.6439628601, -10.849281311, 19.7828159332, 39.9456138611, 45.6943016052, -29.4910163879, -20.7587661743, 12.2113409042, 99.7919464111, 23.4744472504, -9.98818778992, 1.17688655853, -6.37832260132], [114.963905334, -15.8349180222, -78.1600418091, 46.0893936157, -20.1791057587, 0.664307415485, 7.58418703079, -6.03140687943, 23.4744472504, 111.618743896, 3.00922775269, -6.52022075653, 5.3358912468], [16.4233112335, -6.89576196671, -19.2980918884, -31.9716625214, -14.7163944244, 49.5309448242, 32.6059494019, 6.54780006409, -9.98818778992, 3.00922775269, 101.576828003, 12.7616481781, -13.8645629883], [-34.8691101074, 4.67439031601, 6.08237409592, 4.05880451202, 5.03711938858, -1.00078856945, 1.66762840748, -6.32329320908, 1.17688655853, -6.52022075653, 12.7616481781, 65.4276580811, 7.07731485367], [-6.6941204071, -10.3539590836, -9.96410083771, 5.82842874527, -14.1964683533, -14.2217273712, 9.61441802979, -0.95920163393, -6.37832260132, 5.3358912468, -13.8645629883, 7.07731485367, 88.1048126221]],
        "icov": [[0.00166426412761, 0.00205552997068, 0.00118883932009, -0.000271683646133, 0.00126830185764, 0.000401581753977, 0.000168561295141, 0.000453412707429, 0.000417937000748, -0.000336989352945, 1.6236830561e-05, 0.000464513490442, 0.000792070641182], [0.00205552997068, 0.00450818240643, 0.00242054159753, -0.000552402925678, 0.00163915893063, 0.000610682647675, 0.000350393471308, -8.79773288034e-05, 0.00056705652969, 0.000535319093615, 0.000280084495898, 0.000290940108243, 0.00134910130873], [0.00118883932009, 0.00242054159753, 0.00491782929748, 0.00123166514095, 0.000408877647715, 0.000171946172486, 0.00142959121149, -0.000222392729484, -0.000908958085347, 0.00214332249016, 0.000791702070273, -0.000162804251886, 0.000726749596652], [-0.000271683646133, -0.000552402925678, 0.00123166514095, 0.00588494259864, 0.000254185666563, 0.000665608909912, 7.00170858181e-05, 0.00133627222385, -0.00247684749775, -0.00082605733769, 0.00158009224106, -0.000813370628748, 4.43610770162e-06], [0.00126830185764, 0.00163915893063, 0.000408877647715, 0.000254185666563, 0.00617935135961, 0.000391312525608, 0.00287879188545, 0.000324885564623, -0.00169596774504, 0.000365713349311, -0.000234947714489, 1.04839755295e-05, 0.000883923261426], [0.000401581753977, 0.000610682647675, 0.000171946172486, 0.000665608909912, 0.000391312525608, 0.00624248990789, -0.00156390643679, 0.000102976737253, 0.00125220848713, -0.000571499578655, -0.00203814520501, 0.000428412051406, 0.00109029887244], [0.000168561295141, 0.000350393471308, 0.00142959121149, 7.00170858181e-05, 0.00287879188545, -0.00156390643679, 0.0098727112636, -0.00155443290714, -0.000150017367559, 0.000737457768992, -0.00174560351297, -0.00019650842296, -0.00098626234103], [0.000453412707429, -8.79773288034e-05, -0.000222392729484, 0.00133627222385, 0.000324885564623, 0.000102976737253, -0.00155443290714, 0.012475493364, -0.00241988128982, 0.000269920477876, -0.000468521466246, 0.00158100679982, -0.00010728117195], [0.000417937000748, 0.00056705652969, -0.000908958085347, -0.00247684749775, -0.00169596774504, 0.00125220848713, -0.000150017367559, -0.00241988128982, 0.0137220770121, -0.00337131228298, 4.45339501312e-05, -0.000393627240555, 0.0013145392295], [-0.000336989352945, 0.000535319093615, 0.00214332249016, -0.00082605733769, 0.000365713349311, -0.000571499578655, 0.000737457768992, 0.000269920477876, -0.00337131228298, 0.0120934443548, -0.000640633516014, 0.00109721068293, -0.000941940583289], [1.6236830561e-05, 0.000280084495898, 0.000791702070273, 0.00158009224106, -0.000234947714489, -0.00203814520501, -0.00174560351297, -0.000468521466246, 4.45339501312e-05, -0.000640633516014, 0.0127467093989, -0.00297757680528, 0.00212477846071], [0.000464513490442, 0.000290940108243, -0.000162804251886, -0.000813370628748, 1.04839755295e-05, 0.000428412051406, -0.00019650842296, 0.00158100679982, -0.000393627240555, 0.00109721068293, -0.00297757680528, 0.0166193451732, -0.00168413773645], [0.000792070641182, 0.00134910130873, 0.000726749596652, 4.43610770162e-06, 0.000883923261426, 0.00109029887244, -0.00098626234103, -0.00010728117195, 0.0013145392295, -0.000941940583289, 0.00212477846071, -0.00168413773645, 0.0126974815503]]
    },
    "spectral_contrast_coeffs": {
        "max": [-0.504037618637, -0.488653510809, -0.480135530233, -0.567783296108, -0.581817269325, -0.643259823322],
        "mean": [-0.727663397789, -0.732711970806, -0.724680006504, -0.74362462759, -0.742494821548, -0.773240685463],
        "min": [-0.889959990978, -0.901802361012, -0.908506572247, -0.881026923656, -0.859316825867, -0.882735848427],
        "stdev": [0.050585899502, 0.0718694776297, 0.0691659450531, 0.0634211525321, 0.0539721809328, 0.039238717407]
    },
    "spectral_contrast_valleys": {
        "max": [-4.7606921196, -4.95992231369, -5.38754415512, -5.83187007904, -5.58545970917, -7.54923725128],
        "mean": [-6.17247772217, -6.46455621719, -6.93321418762, -7.39944696426, -7.50843954086, -10.0889053345],
        "min": [-8.21932315826, -8.44476127625, -8.40267276764, -8.98785209656, -9.50584125519, -12.7498550415],
        "stdev": [0.464565902948, 0.475906848907, 0.458890706301, 0.434582710266, 0.537786245346, 0.802552819252]
    }
},
"rhythm": {
    "beats_count": 124,
    "beats_loudness": {
        "max": 0.0901744961739,
        "mean": 0.0427099131048,
        "min": 0.00693105347455,
        "stdev": 0.0178384091705
    },
    "bpm": 154.36114502,
    "bpm_histogram_first_peak_bpm": 157,
    "bpm_histogram_first_peak_weight": 0.259259283543,
    "bpm_histogram_second_peak_bpm": 152,
    "bpm_histogram_second_peak_spread": 0.269230782986,
    "bpm_histogram_second_peak_weight": 0.308943092823,
    "danceability": 0.94224357605,
    "onset_rate": 3.0146484375,
    "beats_loudness_band_ratio": {
        "max": [0.905588030815, 0.678307771683, 0.490973383188, 0.667478442192, 0.35198122263, 0.413404226303],
        "mean": [0.428449243307, 0.126098275185, 0.149514093995, 0.202492743731, 0.0634954497218, 0.0581260621548],
        "min": [0.0577905401587, 0.00773743260652, 0.0114909373224, 0.00912737939507, 0.00501507008448, 0.0035001419019],
        "stdev": [0.193142071366, 0.111999876797, 0.111675485969, 0.166883379221, 0.061773955822, 0.0724534317851]
    },
