{
"metadata": {
    "version": {
        "essentia": "2.1-beta5",
        "essentia_git_sha": "Undefined",
        "extractor": "music 2.0"
    },
    "audio_properties": {
        "analysis": {
            "equal_loudness": 0,
            "length": 32.4963264465,
            "sample_rate": 44100,
            "start_time": 110.248344421,
            "downmix": "mix"
        },
        "bit_rate": 192000,
        "length": 176.448974609,
        "lossless": 0,
        "number_channels": 2,
        "replay_gain": 4.17302513123,
        "sample_rate": 48000,
        "codec": "mp3",
        "md5_encoded": "614037264eb8ce01720c0d6bdffe98fb"
    },
    "tags": {
        "file_name": "Switzerland_The Highest Heights_Lovebugs.mp3",
        "encoding": ["Lavf58.29.100"]
    }
},
"lowlevel": {
    "average_loudness": 0.938032031059,
    "barkbands_crest": {
        "max": 23.262588501,
        "mean": 10.2609453201,
        "min": 3.46570682526,
        "stdev": 3.22478604317
    },
    "barkbands_flatness_db": {
        "max": 0.328706860542,
        "mean": 0.158973366022,
        "min": 0.0768898352981,
        "stdev": 0.0367840193212
    },
    "barkbands_kurtosis": {
        "max": 54.7286643982,
        "mean": 6.42658901215,
        "min": -1.7575596571,
        "stdev": 6.53804111481
    },
    "barkbands_skewness": {
        "max": 6.91491270065,
        "mean": 2.04699683189,
        "min": -1.40462243557,
        "stdev": 1.11680114269
    },
    "barkbands_spread": {
        "max": 53.8938446045,
        "mean": 14.3799238205,
        "min": 2.79907655716,
        "stdev": 7.24865484238
    },
    "dissonance": {
        "max": 0.499913901091,
        "mean": 0.459175497293,
        "min": 0.290929555893,
        "stdev": 0.0264032967389
    },
    "dynamic_complexity": 1.62667906284,
    "erbbands_crest": {
        "max": 28.7667007446,
        "mean": 10.7401924133,
        "min": 2.91344857216,
        "stdev": 5.80788421631
    },
    "erbbands_flatness_db": {
        "max": 0.321557462215,
        "mean": 0.170409709215,
        "min": 0.0939808562398,
        "stdev": 0.0426653586328
    },
    "erbbands_kurtosis": {
        "max": 14.5959186554,
        "mean": 0.79444283247,
        "min": -1.64786303043,
        "stdev": 2.29879665375
    },
    "erbbands_skewness": {
        "max": 3.24391436577,
        "mean": 0.725925624371,
        "min": -1.78168118,
        "stdev": 0.658998966217
    },
    "erbbands_spread": {
        "max": 109.304588318,
        "mean": 38.3294372559,
        "min": 6.26397752762,
        "stdev": 16.9724788666
    },
    "hfc": {
        "max": 77.4870758057,
        "mean": 19.8651676178,
        "min": 1.15273475647,
        "stdev": 11.4173116684
    },
    "loudness_ebu128": {
        "integrated": -26.8135738373,
        "loudness_range": 3.38961410522,
        "momentary": {
            "max": -22.9646625519,
            "mean": -27.15376091,
            "min": -34.8213272095,
            "stdev": 1.85321307182
        },
        "short_term": {
            "max": -24.9494037628,
            "mean": -26.9683818817,
            "min": -29.5734443665,
            "stdev": 1.13410019875
        }
    },
    "melbands_crest": {
        "max": 31.9347057343,
        "mean": 14.6789693832,
        "min": 5.02430677414,
        "stdev": 5.70643758774
    },
    "melbands_flatness_db": {
        "max": 0.355343610048,
        "mean": 0.205411329865,
        "min": 0.0321161858737,
        "stdev": 0.0421234890819
    },
    "melbands_kurtosis": {
        "max": 180.445785522,
        "mean": 17.4944381714,
        "min": -1.52925801277,
        "stdev": 19.8737506866
    },
    "melbands_skewness": {
        "max": 11.8484477997,
        "mean": 3.01086521149,
        "min": -0.887374401093,
        "stdev": 1.82634973526
    },
    "melbands_spread": {
        "max": 135.209289551,
        "mean": 14.7952747345,
        "min": 1.90121173859,
        "stdev": 9.39504337311
    },
    "pitch_salience": {
        "max": 0.856711685658,
        "mean": 0.542905032635,
        "min": 0.0860676169395,
        "stdev": 0.121079154313
    },
    "silence_rate_20dB": {
        "max": 1,
        "mean": 1,
        "min": 1,
        "stdev": 0
    },
    "silence_rate_30dB": {
        "max": 1,
        "mean": 0.996431112289,
        "min": 0,
        "stdev": 0.0596337914467
    },
    "silence_rate_60dB": {
        "max": 1,
        "mean": 0.0021413275972,
        "min": 0,
        "stdev": 0.046224731952
    },
    "spectral_centroid": {
        "max": 3789.36743164,
        "mean": 941.212890625,
        "min": 387.682434082,
        "stdev": 352.178741455
    },
    "spectral_complexity": {
        "max": 48,
        "mean": 19.4903640747,
        "min": 1,
        "stdev": 6.37044334412
    },
    "spectral_decrease": {
        "max": -5.3159887603e-10,
        "mean": -8.79543637922e-09,
        "min": -3.31053584546e-08,
        "stdev": 5.09534592297e-09
    },
    "spectral_energy": {
        "max": 0.129449650645,
        "mean": 0.0349978022277,
        "min": 0.00211093085818,
        "stdev": 0.0198416318744
    },
    "spectral_energyband_high": {
        "max": 0.00737356953323,
        "mean": 0.000560999789741,
        "min": 2.06597815122e-05,
        "stdev": 0.000642383587547
    },
    "spectral_energyband_low": {
        "max": 0.0903443843126,
        "mean": 0.00900779850781,
        "min": 2.10547068491e-06,
        "stdev": 0.0115304980427
    },
    "spectral_energyband_middle_high": {
        "max": 0.057103395462,
        "mean": 0.005759075284,
        "min": 0.000242293273914,
        "stdev": 0.00653629750013
    },
    "spectral_energyband_middle_low": {
        "max": 0.125086113811,
        "mean": 0.0222147833556,
        "min": 0.00121154764201,
        "stdev": 0.0156003134325
    },
    "spectral_entropy": {
        "max": 8.33877372742,
        "mean": 7.47377157211,
        "min": 6.36665153503,
        "stdev": 0.267099350691
    },
    "spectral_flux": {
        "max": 0.281887590885,
        "mean": 0.0914553105831,
        "min": 0.0148655641824,
        "stdev": 0.0457703322172
    },
    "spectral_kurtosis": {
        "max": 14.1739845276,
        "mean": 4.0188741684,
        "min": -0.174462556839,
        "stdev": 1.78876161575
    },
    "spectral_rms": {
        "max": 0.0112379863858,
        "mean": 0.00561217684299,
        "min": 0.00143507658504,
        "stdev": 0.00162717024796
    },
    "spectral_rolloff": {
        "max": 8311.81640625,
        "mean": 885.611816406,
        "min": 129.19921875,
        "stdev": 693.104614258
    },
    "spectral_skewness": {
        "max": 2.97249078751,
        "mean": 1.56858420372,
        "min": 0.623372137547,
        "stdev": 0.310159683228
    },
    "spectral_spread": {
        "max": 8886792,
        "mean": 4427689,
        "min": 2378077.5,
        "stdev": 781691.875
    },
    "spectral_strongpeak": {
        "max": 8.30182170868,
        "mean": 1.30046057701,
        "min": 0.0160402115434,
        "stdev": 1.19030201435
    },
    "zerocrossingrate": {
        "max": 0.201171875,
        "mean": 0.0456544719636,
        "min": 0.01318359375,
        "stdev": 0.0180547554046
    },
    "barkbands": {
        "max": [0.000286133639747, 0.0550969988108, 0.0523866713047, 0.0461777821183, 0.0531330779195, 0.0711746066809, 0.0186136849225, 0.0321938581765, 0.0429916344583, 0.0507275797427, 0.0227828174829, 0.0230075567961, 0.0343684256077, 0.0165325943381, 0.0177144315094, 0.0119584072381, 0.0211166869849, 0.00397720746696, 0.00284179276787, 0.00187269842718, 0.00247859535739, 0.00216709380038, 0.00142244738527, 0.00263272458687, 0.00195447658189, 0.000183700642083, 6.3297629822e-06],
        "mean": [1.34130086735e-05, 0.00239574653096, 0.00444239377975, 0.00391701236367, 0.00787515565753, 0.00534388003871, 0.00131071242504, 0.00108991935849, 0.00200309115462, 0.00172439834569, 0.000836830935441, 0.000649112334941, 0.000827129464597, 0.000348865636624, 0.000352642586222, 0.00038958247751, 0.000434881658293, 0.00022410476231, 0.000191929502762, 0.000162724260008, 0.000170695624547, 9.85316437436e-05, 7.30834435672e-05, 5.64644396945e-05, 5.16182917636e-05, 1.39099984153e-05, 9.06224340014e-09],
        "min": [1.08158646484e-08, 7.99002179974e-08, 2.69839290468e-07, 2.5263165071e-07, 5.67422284803e-06, 5.3931860748e-05, 1.49544871419e-06, 9.87186194834e-06, 3.64462198377e-06, 5.1950555644e-06, 2.94255028166e-06, 3.58719398719e-06, 2.21220761887e-06, 3.87745694752e-06, 1.29036220642e-06, 1.88427657122e-05, 2.1006231691e-05, 6.9184043241e-06, 6.28784118817e-06, 3.7064864955e-06, 5.78545223107e-06, 3.61069805876e-06, 3.00400870401e-06, 1.44321211337e-06, 6.55874487165e-07, 4.94752008251e-08, 3.97500726779e-10],
        "stdev": [2.61314380623e-05, 0.00604805070907, 0.00580666726455, 0.00558464648202, 0.00769787328318, 0.00920813437551, 0.0019255358493, 0.00205148989335, 0.0041274628602, 0.00428548222408, 0.00163255340885, 0.00145709048957, 0.00205530133098, 0.000868488510605, 0.000872542092111, 0.000554827449378, 0.000940637313761, 0.00030254657031, 0.000193653831957, 0.000188190315384, 0.000204737327294, 0.000126477811136, 9.65172803262e-05, 0.00012474131654, 0.000102532147139, 1.75929089892e-05, 1.85449778201e-07]
    },
    "erbbands": {
        "max": [0.676095485687, 15.4716272354, 58.5614776611, 113.630607605, 200.750732422, 183.782104492, 1137.36437988, 447.234130859, 325.241577148, 426.956726074, 843.992675781, 1300.71899414, 1802.92370605, 1631.25952148, 1313.59387207, 903.470581055, 1165.04785156, 966.992614746, 622.832275391, 1484.42163086, 836.808654785, 563.837768555, 189.281921387, 109.892066956, 138.506225586, 111.515625, 105.07648468, 92.6542129517, 79.4166793823, 57.2930145264, 38.2942047119, 48.7183380127, 46.8655586243, 33.506023407, 6.67876291275, 1.86878716946, 0.10122397542, 0.00408901507035, 0.000920364225749, 0.000147150014527],
        "mean": [0.033420830965, 0.710702776909, 4.12928009033, 10.5785255432, 13.4882030487, 25.5757770538, 69.2664871216, 26.3846168518, 18.8357429504, 21.0514240265, 22.4594268799, 53.4756774902, 50.6812477112, 43.0989837646, 42.2201309204, 28.5401611328, 37.7485923767, 21.2276725769, 19.6296787262, 18.6777935028, 21.9210700989, 19.7653675079, 15.8101444244, 9.83509349823, 8.28923606873, 8.21064567566, 7.2323307991, 6.00913476944, 3.61414837837, 3.0420320034, 1.82147610188, 1.06386518478, 1.06444358826, 0.733945608139, 0.267644971609, 0.130290463567, 0.00604768376797, 0.000166201032698, 3.03519391309e-05, 4.21770564571e-05],
        "min": [7.68085556047e-06, 5.62815912417e-05, 0.000882920110598, 0.00347706163302, 0.00494307745248, 0.024722719565, 0.45704382658, 0.439077109098, 0.166267484426, 0.0774285718799, 0.144239708781, 0.0842698812485, 0.218248158693, 0.224411293864, 0.172981962562, 0.174251168966, 0.161277547479, 0.473271846771, 0.169433400035, 0.540864884853, 1.30913841724, 0.971499681473, 0.702497541904, 0.360159486532, 0.142358124256, 0.177860885859, 0.207251489162, 0.183868274093, 0.125549942255, 0.113838620484, 0.0677232220769, 0.0224099382758, 0.0236756112427, 0.0107615683228, 0.00320790545084, 0.000686065468471, 2.88122337224e-05, 2.34646199715e-06, 1.96367477656e-06, 3.30365810441e-06],
        "stdev": [0.0806126520038, 1.67737996578, 5.97656726837, 12.6044664383, 19.8321533203, 26.594455719, 128.221237183, 41.7013587952, 24.8112506866, 33.7870483398, 39.6687583923, 115.450683594, 120.251823425, 119.315383911, 92.2961883545, 61.4006881714, 84.7313995361, 45.2031288147, 44.8112030029, 51.267375946, 41.2447128296, 36.0607757568, 18.6772708893, 10.3063650131, 8.17861175537, 9.93005275726, 8.81172370911, 7.24923563004, 4.50428295135, 3.94269609451, 2.54236149788, 2.3207988739, 2.29300117493, 1.79994344711, 0.38517254591, 0.163247138262, 0.00788314361125, 0.000233316794038, 3.25166911352e-05, 2.28753433476e-05]
    },
    "gfcc": {
        "mean": [12.4217538834, 103.058082581, -130.534500122, 33.8350410461, -75.3985290527, 12.4243326187, -50.0073776245, 3.64571094513, -35.2032165527, -7.21746253967, -19.3923530579, -4.48536014557, -2.57653069496],
        "cov": [[1528.10119629, -35.4454116821, 351.860473633, 365.929138184, 277.331848145, 259.389862061, 65.8537826538, 72.0587844849, -67.2898406982, 117.55014801, -118.331352234, -11.3589735031, -102.27645874], [-35.4454116821, 567.131347656, 142.369155884, 91.5986633301, 171.446151733, 49.4032020569, 172.978164673, 28.8607559204, 56.419052124, -23.8219947815, 47.22240448, -104.16179657, -75.1760025024], [351.860473633, 142.369155884, 493.091796875, 360.366027832, 192.521377563, 25.2334480286, -12.1835308075, -3.18549919128, -41.2135353088, 41.4873466492, -74.0583953857, 22.6958141327, -31.398859024], [365.929138184, 91.5986633301, 360.366027832, 449.651245117, 223.183410645, 17.472114563, -22.3226776123, -21.6149158478, -13.6435480118, 34.0052833557, -60.5990333557, 16.9777565002, -4.19112825394], [277.331848145, 171.446151733, 192.521377563, 223.183410645, 272.777862549, 106.929405212, 36.5353889465, 10.3576145172, -2.24514627457, 43.6954154968, -32.369846344, -10.792883873, -34.1453895569], [259.389862061, 49.4032020569, 25.2334480286, 17.472114563, 106.929405212, 197.942276001, 107.165077209, 55.5726623535, 6.87836790085, 47.5191192627, 14.5185718536, -24.763551712, -42.0988616943], [65.8537826538, 172.978164673, -12.1835308075, -22.3226776123, 36.5353889465, 107.165077209, 170.430587769, 76.2272262573, 32.4850463867, 7.46598052979, 40.9174880981, -54.0501441956, -47.3245048523], [72.0587844849, 28.8607559204, -3.18549919128, -21.6149158478, 10.3576145172, 55.5726623535, 76.2272262573, 109.705680847, 46.1081199646, 28.4012241364, 11.9611902237, -19.3976593018, -31.1132946014], [-67.2898406982, 56.419052124, -41.2135353088, -13.6435480118, -2.24514627457, 6.87836790085, 32.4850463867, 46.1081199646, 94.5962753296, 32.5350494385, 35.2322845459, -11.3098831177, 3.95536756516], [117.55014801, -23.8219947815, 41.4873466492, 34.0052833557, 43.6954154968, 47.5191192627, 7.46598052979, 28.4012241364, 32.5350494385, 85.5466537476, 18.0380268097, 13.9336452484, -15.2367839813], [-118.331352234, 47.22240448, -74.0583953857, -60.5990333557, -32.369846344, 14.5185718536, 40.9174880981, 11.9611902237, 35.2322845459, 18.0380268097, 101.868278503, 6.97496604919, 11.6396083832], [-11.3589735031, -104.16179657, 22.6958141327, 16.9777565002, -10.792883873, -24.763551712, -54.0501441956, -19.3976593018, -11.3098831177, 13.9336452484, 6.97496604919, 83.0965652466, 54.2218513489], [-102.27645874, -75.1760025024, -31.398859024, -4.19112825394, -34.1453895569, -42.0988616943, -47.3245048523, -31.1132946014, 3.95536756516, -15.2367839813, 11.6396083832, 54.2218513489, 103.253593445]],
        "icov": [[0.00138532754499, -0.000195062733837, 0.00030445450102, -0.00126369507052, 0.000634336902294, -0.00175233092159, 0.000386605039239, -0.000844662776217, 0.00145180535037, -0.00143603980541, 0.00128645054065, -0.000176343179191, 0.000369523040717], [-0.000195062733837, 0.0108345886692, -0.00614676112309, 0.0054123965092, -0.00990957021713, 0.00728391157463, -0.0108884098008, 0.00681971339509, -0.0083604324609, 0.00743497954682, -0.00615608179942, 0.00676392670721, 0.00136230047792], [0.00030445450102, -0.00614676112309, 0.00950684957206, -0.0074956859462, 0.00536718638614, -0.00324062095024, 0.00484072323889, -0.00488632172346, 0.0074822655879, -0.00632818415761, 0.00528721837327, -0.00595661066473, 0.000924451742321], [-0.00126369507052, 0.0054123965092, -0.0074956859462, 0.0112573131919, -0.00923006236553, 0.00636605219916, -0.00559740001336, 0.0053466684185, -0.0069179078564, 0.00477106962353, -0.0035300354939, 0.00408113002777, -0.00132083427161], [0.000634336902294, -0.00990957021713, 0.00536718638614, -0.00923006236553, 0.0184461660683, -0.0119717856869, 0.0101649118587, -0.00493743922561, 0.00684670591727, -0.0077342861332, 0.00721931969747, -0.00600183848292, -4.73320005767e-06], [-0.00175233092159, 0.00728391157463, -0.00324062095024, 0.00636605219916, -0.0119717856869, 0.0198158733547, -0.0150951296091, 0.00419294694439, -0.00229572062381, -0.000515168416314, -0.00439838320017, 0.00448118383065, -0.000539817498066], [0.000386605039239, -0.0108884098008, 0.00484072323889, -0.00559740001336, 0.0101649118587, -0.0150951296091, 0.0291442424059, -0.014809070155, 0.00739897508174, -0.000780897389632, -0.00127020850778, 0.000133227717015, -0.00052299327217], [-0.000844662776217, 0.00681971339509, -0.00488632172346, 0.0053466684185, -0.00493743922561, 0.00419294694439, -0.014809070155, 0.0238427892327, -0.0143873710185, 0.00305617740378, 0.000413903529989, -0.000132872941322, 0.00435875635594], [0.00145180535037, -0.0083604324609, 0.0074822655879, -0.0069179078564, 0.00684670591727, -0.00229572062381, 0.00739897508174, -0.0143873710185, 0.0291668958962, -0.0162444896996, 0.00156092667021, 0.0018253455637, -0.00691936025396], [-0.00143603980541, 0.00743497954682, -0.00632818415761, 0.00477106962353, -0.0077342861332, -0.000515168416314, -0.000780897389632, 0.00305617740378, -0.0162444896996, 0.0301499441266, -0.00971742067486, -0.00241340626962, 0.00748950941488], [0.00128645054065, -0.00615608179942, 0.00528721837327, -0.0035300354939, 0.00721931969747, -0.00439838320017, -0.00127020850778, 0.000413903529989, 0.00156092667021, -0.00971742067486, 0.0211725626141, -0.00870350562036, -0.000916667049751], [-0.000176343179191, 0.00676392670721, -0.00595661066473, 0.00408113002777, -0.00600183848292, 0.00448118383065, 0.000133227717015, -0.000132872941322, 0.0018253455637, -0.00241340626962, -0.00870350562036, 0.0319139622152, -0.0132364369929], [0.000369523040717, 0.00136230047792, 0.000924451742321, -0.00132083427161, -4.73320005767e-06, -0.000539817498066, -0.00052299327217, 0.00435875635594, -0.00691936025396, 0.00748950941488, -0.000916667049751, -0.0132364369929, 0.0205468181521]]
    },
    "melbands": {
        "max": [0.0105651840568, 0.0236821807921, 0.0182313360274, 0.0125630935654, 0.0317350067198, 0.00858062133193, 0.00445466861129, 0.00462529715151, 0.00660830549896, 0.00853657815605, 0.00924521032721, 0.006705859676, 0.00331608811393, 0.00234495522454, 0.00558143435046, 0.00116271781735, 0.00211119209416, 0.0011096089147, 0.00123917707242, 0.00140834366903, 0.00142942194361, 0.000841465080157, 0.000333963689627, 0.000137678900501, 0.000112591776997, 0.000153861517902, 4.41832198703e-05, 7.59543909226e-05, 6.09401940892e-05, 7.71937266109e-05, 4.36600930698e-05, 4.66658493679e-05, 4.86910139443e-05, 3.22046216752e-05, 2.39251803578e-05, 3.36873454216e-05, 2.94253877655e-05, 3.2435014873e-05, 3.1528663385e-05, 2.74510275631e-05],
        "mean": [0.000494270643685, 0.00181688880548, 0.00189228809904, 0.00129468704108, 0.00219321320765, 0.000648797140457, 0.000285909452941, 0.000235407380387, 0.000185188953765, 0.000340711470926, 0.000245857663685, 0.000176261964953, 0.000120524629892, 9.28040608414e-05, 8.6296677182e-05, 6.68934590067e-05, 3.64539846487e-05, 3.14304779749e-05, 2.16106654989e-05, 3.13279451802e-05, 2.50642151514e-05, 2.01971615752e-05, 2.20289530262e-05, 8.98618691281e-06, 7.80014397606e-06, 6.87837746227e-06, 4.8964780035e-06, 5.54791131435e-06, 4.27077202403e-06, 4.3389768507e-06, 3.3530766359e-06, 2.09428526432e-06, 1.68117446719e-06, 1.69706299857e-06, 1.13581870664e-06, 7.24252799955e-07, 6.09694495779e-07, 7.07079095719e-07, 7.94176912677e-07, 5.66524704482e-07],
        "min": [3.51456037606e-08, 3.01900541899e-07, 5.21886079241e-07, 1.42279861848e-06, 5.12983660883e-06, 9.60878514888e-06, 5.66268170132e-07, 8.30908220451e-07, 1.07163032226e-06, 4.71617312314e-07, 4.96820803164e-07, 3.65836854144e-07, 4.66285683842e-07, 4.63731311129e-07, 1.52571203671e-07, 2.38410422071e-07, 5.61238266528e-07, 2.05821280019e-07, 1.10279124499e-07, 6.5176999442e-07, 8.64492790242e-07, 7.49904017994e-07, 8.70528083396e-07, 3.05219913344e-07, 2.62905871296e-07, 5.4514966763e-08, 1.3355986539e-07, 9.46975546867e-08, 9.31409687155e-08, 1.20875540688e-07, 8.02834776437e-08, 7.19559025697e-08, 3.1390449351e-08, 6.32445633642e-08, 2.91958901499e-08, 1.5026369482e-08, 8.895374215e-09, 1.57454334015e-08, 1.26995880478e-08, 7.02020486187e-09],
        "stdev": [0.00123400450684, 0.00264948792756, 0.00220815930516, 0.00143860513344, 0.00350893638097, 0.000977622810751, 0.000398033560487, 0.00040391946095, 0.000329670874635, 0.000734641391318, 0.000611413852312, 0.000516553642228, 0.00024366476282, 0.000191076251213, 0.000281742424704, 0.000126626255224, 9.24116320675e-05, 8.10544443084e-05, 5.16449035786e-05, 5.60867956665e-05, 6.2509890995e-05, 4.56882589788e-05, 2.98099057545e-05, 1.09226803033e-05, 9.22649178392e-06, 7.82120150689e-06, 4.92023718834e-06, 7.19241097613e-06, 5.29469252797e-06, 5.5329251154e-06, 4.21719414589e-06, 2.61082277575e-06, 2.47363959716e-06, 2.22658718485e-06, 1.61041691626e-06, 1.42892167787e-06, 1.47509194903e-06, 1.46552861224e-06, 1.9065955712e-06, 1.50278981437e-06]
    },
    "melbands128": {
        "max": [0.000213808336412, 0.00252143945545, 0.0149017572403, 0.0312794707716, 0.0331027768552, 0.0247193276882, 0.0274519119412, 0.0269506424665, 0.0232171006501, 0.0151774724945, 0.0139027684927, 0.024432670325, 0.0579707920551, 0.019180463627, 0.0167005732656, 0.0146994590759, 0.0098026720807, 0.00499918870628, 0.00668572587892, 0.00800256989896, 0.00765267945826, 0.00964855961502, 0.00725715514272, 0.0065085827373, 0.0144974440336, 0.0122522013262, 0.00732904206961, 0.0180232059211, 0.00747910467908, 0.012846024707, 0.0117306783795, 0.00123820477165, 0.00210040295497, 0.0101687079296, 0.00332242576405, 0.00503740087152, 0.0026611010544, 0.00934788770974, 0.00708895083517, 0.00149248191155, 0.00246447930112, 0.00210350309499, 0.00414341408759, 0.00154137564823, 0.00186793168541, 0.00252907862887, 0.00112726143561, 0.000871302909218, 0.00174387078732, 0.00481821736321, 0.000859161489643, 0.000877523096278, 0.00193244218826, 0.0032170296181, 0.00236353720538, 0.0012460682774, 0.000903499487322, 0.000552626210265, 0.000670041481499, 0.000316272198688, 0.000143514145748, 0.000181276758667, 9.72790876403e-05, 0.000206495489692, 0.0001892279397, 0.000234457256738, 0.000157229645993, 5.95604578848e-05, 8.24985472718e-05, 9.65757717495e-05, 0.000145230806083, 0.000110850727651, 5.16713698744e-05, 5.61757588002e-05, 0.000180031216587, 7.28723753127e-05, 0.000121854995086, 4.98646622873e-05, 6.75351184327e-05, 4.27080376539e-05, 5.80195192015e-05, 3.77459255105e-05, 4.90513302793e-05, 5.6348832004e-05, 6.03217595199e-05, 3.00259544019e-05, 3.00772462651e-05, 5.70249067096e-05, 3.77174510504e-05, 1.87633704627e-05, 2.56844741671e-05, 5.47237832507e-05, 2.37014755839e-05, 3.44150685123e-05, 5.94173579884e-05, 2.0677674911e-05, 2.17996275751e-05, 5.06459982716e-05, 3.83177612093e-05, 2.96871785395e-05, 4.31858861702e-05, 2.78820953099e-05, 1.79150483746e-05, 1.28498504637e-05, 6.99657266523e-06, 7.24970504962e-06, 4.11756491303e-06, 4.28831799582e-06, 3.33892762683e-06, 4.12206327383e-06, 2.84546587181e-07, 3.65625538734e-08, 3.56858400608e-08, 3.44695401111e-08, 3.31901155448e-08, 3.19428004047e-08, 3.10210559462e-08, 2.9901844556e-08, 2.89213613058e-08, 2.78811018717e-08, 2.73271094642e-08, 2.6704675804e-08, 2.61410502134e-08, 2.55808494387e-08, 2.52517740051e-08, 2.48603591047e-08, 2.46433167206e-08, 2.44902889079e-08],
        "mean": [9.09591199161e-06, 0.000115873808681, 0.000666516309138, 0.00126834085677, 0.00180525600445, 0.00232801865786, 0.00224485457875, 0.00184170424473, 0.00123854121193, 0.00109908438753, 0.00124637025874, 0.0022420627065, 0.00308508030139, 0.00135747867171, 0.000583844026551, 0.00023387291003, 0.000166270023328, 0.000414321257267, 0.000274592166534, 0.000197007626412, 0.000264799193246, 0.00017493305495, 0.000159436356626, 0.000176221190486, 0.000422475044616, 0.000395458861021, 0.000193663639948, 0.000308458082145, 0.000169088903931, 0.00024914756068, 0.000162973883562, 6.29278729321e-05, 8.42935842229e-05, 0.000229256460443, 8.97432983038e-05, 6.52109738439e-05, 6.10718780081e-05, 7.06566934241e-05, 0.000128962317831, 8.07851902209e-05, 5.80172418267e-05, 3.26397166646e-05, 3.806908353e-05, 4.04732018069e-05, 2.13473867916e-05, 3.94187736674e-05, 3.06273104798e-05, 1.78041027539e-05, 1.72126347024e-05, 2.55952654697e-05, 3.93942609662e-05, 3.28732021444e-05, 1.61477146321e-05, 2.77272301901e-05, 3.11258409056e-05, 1.23195468404e-05, 1.42364151543e-05, 3.56840573659e-05, 1.73394928424e-05, 1.28714646053e-05, 8.92316802492e-06, 5.34089713256e-06, 7.97460052127e-06, 8.41473865876e-06, 8.06365551398e-06, 6.77813522998e-06, 6.83792586642e-06, 4.31355829278e-06, 4.09692984249e-06, 5.77033961235e-06, 6.42983377475e-06, 5.15472993357e-06, 4.21984805143e-06, 3.44888599102e-06, 5.11700864081e-06, 4.98863755638e-06, 4.01194756705e-06, 2.74242165688e-06, 3.99879536417e-06, 3.03159026771e-06, 2.04660796044e-06, 1.80426184215e-06, 1.72279465005e-06, 1.58109071435e-06, 1.71229783064e-06, 1.8032447997e-06, 1.75497223154e-06, 1.46228933318e-06, 1.11487224785e-06, 8.80637117007e-07, 7.60692614676e-07, 6.96904066899e-07, 6.13161716956e-07, 5.8329425201e-07, 6.28405189218e-07, 6.40991345335e-07, 7.15564624443e-07, 8.2259333567e-07, 8.36017989059e-07, 7.65946765569e-07, 6.68086897804e-07, 5.57049361305e-07, 4.18012888304e-07, 3.10872280807e-07, 2.64066898126e-07, 2.3447742592e-07, 2.74007135204e-07, 3.04616520452e-07, 3.09160725465e-07, 1.72716738689e-07, 1.54669930197e-08, 6.23049181692e-11, 5.26063879958e-11, 5.00445483664e-11, 4.872355297e-11, 4.7379645346e-11, 4.42715343552e-11, 4.26887587779e-11, 4.14967817053e-11, 4.0180615779e-11, 3.92615731593e-11, 3.85155934923e-11, 3.77884772085e-11, 3.70150160522e-11, 3.59787893922e-11, 3.44189954316e-11, 3.35492883474e-11, 3.32724299501e-11],
        "min": [1.29858457321e-09, 1.54879253866e-09, 2.3319586262e-08, 3.12118757506e-08, 6.56987566572e-08, 1.28417454448e-07, 1.86517823408e-07, 1.69145309314e-07, 1.89557766817e-07, 5.91289008867e-08, 3.62569579693e-07, 4.78617437238e-07, 1.83380836916e-06, 5.12904352945e-06, 2.46591048381e-06, 4.95204744766e-07, 2.01181123316e-07, 2.67578855073e-07, 2.01405882194e-07, 1.45984515143e-07, 5.84693339079e-07, 7.69375049003e-07, 2.27740031278e-07, 3.11828699751e-07, 1.58658821192e-07, 6.3488204205e-07, 2.09139045637e-07, 6.16096045292e-08, 1.99497520725e-07, 3.85996770547e-07, 2.81113358369e-07, 5.55585728534e-08, 2.12855724158e-07, 6.01783199272e-07, 2.57025362771e-07, 8.20177206151e-08, 7.90318424038e-08, 4.73636170284e-08, 4.24598525228e-08, 6.11974613207e-08, 2.03749394245e-07, 1.37944226708e-07, 2.04041711527e-07, 2.11973002706e-07, 1.95873752773e-08, 6.08183725603e-08, 1.22833242244e-07, 3.06455270049e-08, 2.71176610056e-08, 5.67428308784e-08, 5.11465998443e-07, 3.69995575511e-07, 3.06581249276e-08, 2.73890407243e-07, 4.27367808697e-07, 2.02695332518e-07, 3.95329351477e-07, 9.25388008e-07, 1.74035690748e-07, 2.28921933854e-07, 7.94319134911e-08, 1.34872635726e-07, 1.82135352134e-07, 1.86313997119e-07, 2.83471801588e-09, 5.23089767057e-08, 6.19238278432e-08, 2.76725149462e-08, 5.70004985434e-08, 1.08922300512e-07, 7.99272186214e-08, 3.26025642039e-08, 5.98187313017e-08, 3.67099488585e-08, 6.94977657645e-08, 1.12111244732e-07, 4.2545106993e-08, 2.1439579001e-08, 4.67859244679e-08, 3.58842875414e-08, 1.27736692335e-08, 2.43342910267e-08, 1.9993013467e-08, 1.09312967567e-08, 2.94773148113e-08, 2.71591229506e-08, 3.12081311904e-08, 1.14885105873e-08, 1.39625040418e-08, 7.72232056079e-09, 9.45924671925e-09, 1.58360180524e-09, 8.3214607427e-10, 1.5907206663e-09, 8.80689743354e-10, 3.04776315296e-09, 3.69118469123e-09, 8.43873326772e-09, 4.12610923206e-09, 2.10343809037e-09, 2.7024305016e-09, 9.13266906544e-10, 1.94409466303e-09, 1.72893666051e-09, 1.62712887608e-09, 1.35547184588e-10, 2.09211759028e-10, 5.58481538793e-10, 6.84624412717e-10, 9.03263019936e-11, 2.35547172045e-12, 1.18324816091e-12, 1.23767370051e-12, 1.07420441899e-12, 8.84406209292e-13, 1.0076859052e-12, 1.05904315265e-12, 1.16729802907e-12, 1.108903659e-12, 1.32820252192e-12, 9.11632423196e-13, 1.24682642683e-12, 1.23612524296e-12, 9.51955419874e-13, 9.44147104248e-13, 3.78945816783e-13, 5.25617181344e-14, 1.48880863557e-15],
        "stdev": [2.00916001631e-05, 0.000296636775602, 0.00175149994902, 0.00330068939365, 0.00336726848036, 0.00290091335773, 0.00287421769463, 0.00293736625463, 0.00216655386612, 0.00173165404703, 0.00168483203743, 0.00293329078704, 0.00660973507911, 0.0024203476496, 0.00137817207724, 0.00063723832136, 0.000356040603947, 0.000653122318909, 0.000561316730455, 0.000430598185631, 0.000646699569188, 0.000444715173217, 0.000372593349312, 0.000457703572465, 0.00111445924267, 0.00098127243109, 0.000491742859595, 0.00113359128591, 0.000565083289985, 0.000871248834301, 0.000652030808851, 0.00011888917652, 0.000174918604898, 0.000668645312544, 0.000246739567956, 0.00022378283029, 0.000180178190931, 0.000420425232733, 0.000486000411911, 0.00017116140225, 0.000152146269102, 0.000101615391031, 0.000148948383867, 0.000113607740786, 9.38829616643e-05, 0.000155311106937, 7.18737137504e-05, 4.83023395645e-05, 6.88929794705e-05, 0.000155744011863, 5.49074720766e-05, 4.99597954331e-05, 5.92204960412e-05, 0.000117347146443, 0.000109826585685, 4.7531331802e-05, 4.73098480143e-05, 5.21640249644e-05, 3.60894373443e-05, 2.33425362239e-05, 1.29131121867e-05, 8.33241938381e-06, 9.55912855716e-06, 1.43531142385e-05, 1.27360708575e-05, 1.01398945844e-05, 9.2583377409e-06, 5.31518071512e-06, 5.85948919252e-06, 8.0164118117e-06, 1.10933970063e-05, 7.87318094808e-06, 6.30951672065e-06, 4.55916961073e-06, 9.71662757365e-06, 6.84980614096e-06, 6.43537305223e-06, 4.04109232477e-06, 6.14790315012e-06, 3.78222944164e-06, 3.02198895952e-06, 2.61082936959e-06, 2.48162473326e-06, 2.82154906017e-06, 3.01807244796e-06, 2.55397048932e-06, 2.40128679252e-06, 2.61331729234e-06, 1.86333625152e-06, 1.26331144656e-06, 1.29338116039e-06, 1.98956013264e-06, 1.34830656862e-06, 1.49651464199e-06, 2.11747851608e-06, 1.1381486047e-06, 1.29730221943e-06, 2.26449878937e-06, 2.08210644814e-06, 1.83049667157e-06, 2.00818840312e-06, 1.72261491116e-06, 9.01251780761e-07, 5.26071914919e-07, 3.65256994428e-07, 3.96715677198e-07, 4.00581768645e-07, 4.12088127177e-07, 3.88167535448e-07, 2.71854219136e-07, 2.69696194266e-08, 1.08345776795e-09, 1.04437991588e-09, 1.00748376308e-09, 9.69939684126e-10, 9.33598420794e-10, 9.06028196912e-10, 8.74425476471e-10, 8.46624881312e-10, 8.1746531766e-10, 8.00703670034e-10, 7.82767739516e-10, 7.6628864365e-10, 7.50242701297e-10, 7.40843220104e-10, 7.29862725812e-10, 7.23444859574e-10, 7.19042048125e-10]
    },
    "mfcc": {
        "mean": [-621.217468262, 122.96546936, -0.806340396404, 17.6489753723, -2.90391755104, -0.137400016189, -4.55509185791, -1.06436789036, -3.73581242561, -11.2620840073, -9.58476924896, -6.81243848801, -6.39900827408],
        "cov": [[1395.37585449, -126.789909363, 138.776992798, 163.833755493, 193.675018311, 240.619293213, 186.139434814, 49.2862930298, 103.176811218, 84.1233520508, 67.0930557251, 21.53008461, 29.8141403198], [-126.789909363, 497.859832764, 8.51710510254, 33.4318122864, 9.01180458069, 51.4758605957, 111.216194153, 86.0100860596, 1.83370792866, 119.532981873, 78.908416748, 23.7963943481, 35.3445587158], [138.776992798, 8.51710510254, 290.012817383, 235.965042114, 107.042289734, 74.0018234253, 29.7647628784, 11.0137281418, 17.8313293457, 9.04274845123, -36.6655845642, 6.69998836517, 18.6608390808], [163.833755493, 33.4318122864, 235.965042114, 435.698791504, 217.986679077, 117.715492249, 13.73158741, -0.796651780605, 28.6242408752, 2.8324213028, -63.4208106995, 2.43687438965, 19.1427230835], [193.675018311, 9.01180458069, 107.042289734, 217.986679077, 236.10508728, 135.109344482, 31.7329654694, -7.09334135056, 40.9294586182, 2.69141364098, -10.4733877182, -1.26575660706, 15.038819313], [240.619293213, 51.4758605957, 74.0018234253, 117.715492249, 135.109344482, 180.72505188, 92.7943572998, 18.1163635254, 28.9109687805, 35.9284095764, 18.3479042053, 6.98024749756, 19.9465675354], [186.139434814, 111.216194153, 29.7647628784, 13.73158741, 31.7329654694, 92.7943572998, 159.198135376, 71.9576873779, 13.3965358734, 75.3808746338, 51.7422142029, 12.2453832626, 14.9065904617], [49.2862930298, 86.0100860596, 11.0137281418, -0.796651780605, -7.09334135056, 18.1163635254, 71.9576873779, 88.9565734863, 24.4626903534, 53.0326385498, 36.1632194519, 16.2705802917, 7.99937438965], [103.176811218, 1.83370792866, 17.8313293457, 28.6242408752, 40.9294586182, 28.9109687805, 13.3965358734, 24.4626903534, 86.8167266846, 27.8957958221, 21.8314571381, 6.63618373871, 5.44823551178], [84.1233520508, 119.532981873, 9.04274845123, 2.8324213028, 2.69141364098, 35.9284095764, 75.3808746338, 53.0326385498, 27.8957958221, 130.748657227, 78.9202423096, 27.7221069336, 16.6800384521], [67.0930557251, 78.908416748, -36.6655845642, -63.4208106995, -10.4733877182, 18.3479042053, 51.7422142029, 36.1632194519, 21.8314571381, 78.9202423096, 119.313400269, 43.7776298523, 22.4721794128], [21.53008461, 23.7963943481, 6.69998836517, 2.43687438965, -1.26575660706, 6.98024749756, 12.2453832626, 16.2705802917, 6.63618373871, 27.7221069336, 43.7776298523, 71.6284561157, 35.6548461914], [29.8141403198, 35.3445587158, 18.6608390808, 19.1427230835, 15.038819313, 19.9465675354, 14.9065904617, 7.99937438965, 5.44823551178, 16.6800384521, 22.4721794128, 35.6548461914, 64.0565490723]],
        "icov": [[0.00121673441026, 0.00077303807484, -0.000112447014544, -0.000205280986847, -2.57500414591e-05, -0.00079091405496, -0.00126608111896, 0.000295885954984, -0.000796826614533, -0.000173515218194, -0.000530227436684, 0.000180568065844, -0.000190277001821], [0.00077303807484, 0.00348986056633, 0.000374179508071, -0.000798932742327, 0.000178435686394, -0.000598272716161, -0.00110940402374, -0.00159858330153, 0.000791427039076, -0.00183553248644, -0.00109201867599, 0.00124121026602, -0.00145057658665], [-0.000112447014544, 0.000374179508071, 0.00655204616487, -0.00369514501654, 0.000972255424131, -0.000316055607982, -0.00101592740975, -0.000222904403927, -0.000219916822971, -0.000290362717351, 0.00104144588113, -0.000365106272511, -0.00089200574439], [-0.000205280986847, -0.000798932742327, -0.00369514501654, 0.00777134252712, -0.00560706108809, 0.000160760231665, 0.00194250082131, -0.00105076190084, 0.000735709676519, -0.00222706771456, 0.00460311304778, -0.00192336307373, 0.000209016448935], [-2.57500414591e-05, 0.000178435686394, 0.000972255424131, -0.00560706108809, 0.0133914966136, -0.00711230607703, 0.000815440085717, 0.00180087133776, -0.00305965379812, 0.00262550637126, -0.00319553702138, 0.00182807736564, -0.000357936194632], [-0.00079091405496, -0.000598272716161, -0.000316055607982, 0.000160760231665, -0.00711230607703, 0.016398396343, -0.00877986848354, 0.00445042969659, -0.00112649728544, 1.71849624166e-05, 0.00076027715113, -0.00062520976644, -0.00103423849214], [-0.00126608111896, -0.00110940402374, -0.00101592740975, 0.00194250082131, 0.000815440085717, -0.00877986848354, 0.020392274484, -0.0120050730184, 0.00511772325262, -0.00358679075725, -0.00108315958641, 0.00265783863142, -0.00038759529707], [0.000295885954984, -0.00159858330153, -0.000222904403927, -0.00105076190084, 0.00180087133776, 0.00445042969659, -0.0120050730184, 0.0245241168886, -0.00687395036221, -0.00137045036536, 0.000634487485513, -0.00349260051735, 0.00170875398908], [-0.000796826614533, 0.000791427039076, -0.000219916822971, 0.000735709676519, -0.00305965379812, -0.00112649728544, 0.00511772325262, -0.00687395036221, 0.0164313744754, -0.00280208908953, -0.00159250793513, 0.00144944200292, -0.000401025521569], [-0.000173515218194, -0.00183553248644, -0.000290362717351, -0.00222706771456, 0.00262550637126, 1.71849624166e-05, -0.00358679075725, -0.00137045036536, -0.00280208908953, 0.0183117035776, -0.00966629292816, 0.00037675438216, 0.00087919505313], [-0.000530227436684, -0.00109201867599, 0.00104144588113, 0.00460311304778, -0.00319553702138, 0.00076027715113, -0.00108315958641, 0.000634487485513, -0.00159250793513, -0.00966629292816, 0.0222252327949, -0.00952247530222, 1.2507329302e-05], [0.000180568065844, 0.00124121026602, -0.000365106272511, -0.00192336307373, 0.00182807736564, -0.00062520976644, 0.00265783863142, -0.00349260051735, 0.00144944200292, 0.00037675438216, -0.00952247530222, 0.0252643767744, -0.0114478822798], [-0.000190277001821, -0.00145057658665, -0.00089200574439, 0.000209016448935, -0.000357936194632, -0.00103423849214, -0.00038759529707, 0.00170875398908, -0.000401025521569, 0.00087919505313, 1.2507329302e-05, -0.0114478822798, 0.0231532901525]]
    },
    "spectral_contrast_coeffs": {
        "max": [-0.224713474512, -0.469541788101, -0.524648606777, -0.605119168758, -0.649341881275, -0.652286052704],
        "mean": [-0.61486518383, -0.744512438774, -0.749782800674, -0.786851882935, -0.795508861542, -0.746026039124],
        "min": [-0.917784869671, -0.932989835739, -0.8981346488, -0.877413094044, -0.862976133823, -0.839358210564],
        "stdev": [0.0894560068846, 0.0656496286392, 0.0596804283559, 0.0394225642085, 0.0293583273888, 0.0262565929443]
    },
    "spectral_contrast_valleys": {
        "max": [-4.65800333023, -5.14631700516, -5.49255609512, -6.25095844269, -6.14016103745, -7.8921122551],
        "mean": [-6.6959271431, -6.54700660706, -7.05527496338, -7.41713285446, -7.37408208847, -10.200255394],
        "min": [-10.0249347687, -8.46464347839, -9.38222026825, -9.37067604065, -9.15279865265, -11.9568605423],
        "stdev": [1.02458751202, 0.510996639729, 0.541276335716, 0.487163066864, 0.455317467451, 0.57136875391]
    }
},
"rhythm": {
    "beats_count": 63,
    "beats_loudness": {
        "max": 0.0851755067706,
        "mean": 0.03937061131,
        "min": 0.00688298791647,
        "stdev": 0.0155753493309
    },
    "bpm": 117.843544006,
    "bpm_histogram_first_peak_bpm": 117,
    "bpm_histogram_first_peak_weight": 0.245614051819,
    "bpm_histogram_second_peak_bpm": 110,
    "bpm_histogram_second_peak_spread": 0,
    "bpm_histogram_second_peak_weight": 0.0645161271095,
    "danceability": 0.99389642477,
    "onset_rate": 3.62988257408,
    "beats_loudness_band_ratio": {
        "max": [0.880473077297, 0.941452383995, 0.66499453783, 0.593582808971, 0.324350684881, 0.399087876081],
        "mean": [0.460540950298, 0.273989230394, 0.150693207979, 0.0757206380367, 0.0377553552389, 0.0261640362442],
        "min": [0.000289902760414, 0.0294156000018, 0.00963538140059, 0.00643963273615, 0.00933623686433, 0.00565517926589],
        "stdev": [0.244244277477, 0.21413141489, 0.160330176353, 0.0932880863547, 0.0435612909496, 0.0514146834612]
    },
    "beats_position": [0.53405892849, 1.07972788811, 1.62539684772, 2.17106580734, 2.71673464775, 3.22757363319, 3.73841261864, 4.2492518425, 4.76009082794, 5.27092981339, 5.78176879883, 6.29260778427, 6.80344676971, 7.30267572403, 7.80190467834, 8.31274318695, 8.82358264923, 9.33442115784, 9.84526062012, 10.3560991287, 10.866938591, 11.3777770996, 11.8770065308, 12.3762359619, 12.8870744705, 13.3979139328, 13.9087524414, 14.4195919037, 14.9304304123, 15.4412698746, 15.9521083832, 16.4513378143, 16.9505672455, 17.4614048004, 17.9722442627, 18.483083725, 18.9939231873, 19.5047607422, 20.0156002045, 20.5148296356, 21.037279129, 21.5597267151, 22.0821762085, 22.5814056396, 23.0806350708, 23.5914726257, 24.102312088, 24.589931488, 25.1007709503, 25.6116104126, 26.1108379364, 26.6100673676, 27.1209068298, 27.6317462921, 28.142583847, 28.6534233093, 29.1642627716, 29.6751022339, 30.1859397888, 30.6967792511, 31.2076187134, 31.7184581757, 32.2292976379],
