{
"metadata": {
    "version": {
        "essentia": "2.1-beta5",
        "essentia_git_sha": "Undefined",
        "extractor": "music 2.0"
    },
    "audio_properties": {
        "analysis": {
            "equal_loudness": 0,
            "length": 52.2448997498,
            "sample_rate": 44100,
            "start_time": 61.4980506897,
            "downmix": "mix"
        },
        "bit_rate": 192000,
        "length": 194.641265869,
        "lossless": 0,
        "number_channels": 2,
        "replay_gain": -10.1495380402,
        "sample_rate": 48000,
        "codec": "mp3",
        "md5_encoded": "854d24908b1e9560dd842b89742d9ea7"
    },
    "tags": {
        "file_name": "Germany_Miss Kiss Kiss Bang_Alex Swings Oscar Sings!.mp3",
        "encoding": ["Lavf58.29.100"]
    }
},
"lowlevel": {
    "average_loudness": 0.977870285511,
    "barkbands_crest": {
        "max": 22.0614261627,
        "mean": 8.89774036407,
        "min": 2.90401554108,
        "stdev": 3.29161930084
    },
    "barkbands_flatness_db": {
        "max": 0.267525702715,
        "mean": 0.114199109375,
        "min": 0.021737832576,
        "stdev": 0.0379321090877
    },
    "barkbands_kurtosis": {
        "max": 36.4298706055,
        "mean": 2.06095719337,
        "min": -1.83679687977,
        "stdev": 4.12182664871
    },
    "barkbands_skewness": {
        "max": 5.24375391006,
        "mean": 1.16038525105,
        "min": -1.74167311192,
        "stdev": 0.908349514008
    },
    "barkbands_spread": {
        "max": 103.041099548,
        "mean": 24.9136638641,
        "min": 2.49398088455,
        "stdev": 14.2304935455
    },
    "dissonance": {
        "max": 0.5,
        "mean": 0.468584477901,
        "min": 0.286632537842,
        "stdev": 0.024836493656
    },
    "dynamic_complexity": 1.91436159611,
    "erbbands_crest": {
        "max": 26.3662776947,
        "mean": 8.14800071716,
        "min": 2.17991256714,
        "stdev": 3.8812289238
    },
    "erbbands_flatness_db": {
        "max": 0.289440542459,
        "mean": 0.148301646113,
        "min": 0.0402091369033,
        "stdev": 0.0409495607018
    },
    "erbbands_kurtosis": {
        "max": 15.8522167206,
        "mean": 0.256250679493,
        "min": -1.6253349781,
        "stdev": 1.47744417191
    },
    "erbbands_skewness": {
        "max": 3.57470870018,
        "mean": 0.261583417654,
        "min": -1.84212434292,
        "stdev": 0.587266266346
    },
    "erbbands_spread": {
        "max": 129.910552979,
        "mean": 36.9024581909,
        "min": 3.91088223457,
        "stdev": 18.2913646698
    },
    "hfc": {
        "max": 136.160644531,
        "mean": 27.0844688416,
        "min": 0.891482532024,
        "stdev": 18.1985340118
    },
    "loudness_ebu128": {
        "integrated": -12.3048171997,
        "loudness_range": 2.70109653473,
        "momentary": {
            "max": -9.24899864197,
            "mean": -12.4682779312,
            "min": -16.269153595,
            "stdev": 1.20737469196
        },
        "short_term": {
            "max": -10.5203056335,
            "mean": -12.3836336136,
            "min": -13.9260997772,
            "stdev": 0.927241444588
        }
    },
    "melbands_crest": {
        "max": 28.4180831909,
        "mean": 12.7745838165,
        "min": 4.36120414734,
        "stdev": 4.25965118408
    },
    "melbands_flatness_db": {
        "max": 0.344419211149,
        "mean": 0.175993397832,
        "min": 0.0588167868555,
        "stdev": 0.0493907406926
    },
    "melbands_kurtosis": {
        "max": 109.187225342,
        "mean": 8.16188335419,
        "min": -1.11389195919,
        "stdev": 10.5317316055
    },
    "melbands_skewness": {
        "max": 8.84342765808,
        "mean": 2.12282919884,
        "min": -1.67558133602,
        "stdev": 1.3103531599
    },
    "melbands_spread": {
        "max": 137.116958618,
        "mean": 26.4203186035,
        "min": 2.8971619606,
        "stdev": 14.2966537476
    },
    "pitch_salience": {
        "max": 0.853933632374,
        "mean": 0.582625567913,
        "min": 0.20766711235,
        "stdev": 0.0915592163801
    },
    "silence_rate_20dB": {
        "max": 1,
        "mean": 1,
        "min": 1,
        "stdev": 0
    },
    "silence_rate_30dB": {
        "max": 1,
        "mean": 1,
        "min": 1,
        "stdev": 0
    },
    "silence_rate_60dB": {
        "max": 1,
        "mean": 0.00488671706989,
        "min": 0,
        "stdev": 0.0697338208556
    },
    "spectral_centroid": {
        "max": 3461.23925781,
        "mean": 1380.64770508,
        "min": 301.701751709,
        "stdev": 506.973571777
    },
    "spectral_complexity": {
        "max": 55,
        "mean": 24.8009777069,
        "min": 3,
        "stdev": 9.90090084076
    },
    "spectral_decrease": {
        "max": -3.52694817796e-10,
        "mean": -7.99168997645e-09,
        "min": -2.65027679802e-08,
        "stdev": 4.50398340845e-09
    },
    "spectral_energy": {
        "max": 0.107795238495,
        "mean": 0.0326191522181,
        "min": 0.00142044271342,
        "stdev": 0.0179608184844
    },
    "spectral_energyband_high": {
        "max": 0.0125070465729,
        "mean": 0.000915111100767,
        "min": 8.23423488328e-06,
        "stdev": 0.00132557435427
    },
    "spectral_energyband_low": {
        "max": 0.0623129233718,
        "mean": 0.0105519890785,
        "min": 3.81288782592e-06,
        "stdev": 0.0100634172559
    },
    "spectral_energyband_middle_high": {
        "max": 0.0697252675891,
        "mean": 0.00857358984649,
        "min": 0.000213190753129,
        "stdev": 0.00784907583147
    },
    "spectral_energyband_middle_low": {
        "max": 0.0801411271095,
        "mean": 0.0140409925953,
        "min": 0.000475345208542,
        "stdev": 0.0114268055186
    },
    "spectral_entropy": {
        "max": 8.80421924591,
        "mean": 7.70079088211,
        "min": 6.46185159683,
        "stdev": 0.353160768747
    },
    "spectral_flux": {
        "max": 0.271760642529,
        "mean": 0.107343964279,
        "min": 0.021745255217,
        "stdev": 0.0479260571301
    },
    "spectral_kurtosis": {
        "max": 20.2295322418,
        "mean": 4.41369533539,
        "min": -0.936527252197,
        "stdev": 2.53498840332
    },
    "spectral_rms": {
        "max": 0.0102550517768,
        "mean": 0.00540744047612,
        "min": 0.00117719906848,
        "stdev": 0.00160722946748
    },
    "spectral_rolloff": {
        "max": 11864.7949219,
        "mean": 1667.75708008,
        "min": 107.666015625,
        "stdev": 1593.7487793
    },
    "spectral_skewness": {
        "max": 3.28557920456,
        "mean": 1.5674315691,
        "min": 0.400487393141,
        "stdev": 0.368673801422
    },
    "spectral_spread": {
        "max": 15832169,
        "mean": 4523839,
        "min": 1850358.25,
        "stdev": 1728377.5
    },
    "spectral_strongpeak": {
        "max": 12.0923366547,
        "mean": 1.05381894112,
        "min": 0.0234491229057,
        "stdev": 1.34545278549
    },
    "zerocrossingrate": {
        "max": 0.3427734375,
        "mean": 0.0637826323509,
        "min": 0.00830078125,
        "stdev": 0.0374847948551
    },
    "barkbands": {
        "max": [0.00201884401031, 0.0335456803441, 0.0388327166438, 0.0366971679032, 0.0482951849699, 0.0437076203525, 0.0393512025476, 0.0672567039728, 0.0339204072952, 0.0453586354852, 0.0361954830587, 0.026510970667, 0.0465659685433, 0.0146771892905, 0.0207273587584, 0.0147764561698, 0.00997164379805, 0.00438942015171, 0.00661243963987, 0.00415105605498, 0.00216718972661, 0.00227325945161, 0.00467114569619, 0.00509811844677, 0.0065019056201, 0.00113878236152, 0.000332266790792],
        "mean": [0.000110178072646, 0.00509765557945, 0.00400314666331, 0.00231152703054, 0.00411693239585, 0.00172940129414, 0.0015228408156, 0.00196143053472, 0.00219668191858, 0.000904160784557, 0.00127308571246, 0.00120604329277, 0.00133722904138, 0.000768868660089, 0.000751465850044, 0.000708635488991, 0.000584971450735, 0.000502435141243, 0.000420371856308, 0.000303121574689, 0.000149106184836, 0.00016461694031, 0.000159956369316, 0.000162429307238, 0.000129103587824, 3.81827812816e-05, 5.57734938411e-06],
        "min": [9.80902825631e-09, 6.42143902496e-07, 7.77495642978e-07, 6.95292158071e-07, 1.55224915943e-05, 1.61895768542e-05, 4.45064006271e-06, 8.92726893653e-06, 1.92040606635e-05, 8.36964863993e-06, 3.40281849276e-06, 7.42407655707e-06, 5.7759707488e-06, 5.07056620336e-06, 3.44348950421e-06, 6.29830810794e-06, 6.68749362376e-06, 4.83040867039e-06, 6.27555937172e-06, 1.90070329609e-06, 1.40298584483e-06, 9.71640815806e-07, 1.10524285901e-06, 3.50406281768e-07, 2.85576277292e-07, 4.52256578853e-08, 1.20592236197e-09],
        "stdev": [0.000204586816835, 0.0052224076353, 0.00578745221719, 0.00460977992043, 0.00571764213964, 0.00314989872277, 0.00319352839142, 0.0046779778786, 0.00369123090059, 0.00183591572568, 0.00239503546618, 0.00210573477671, 0.00305975857191, 0.0012212387519, 0.00127328396775, 0.00111120427027, 0.000848364608828, 0.000559044070542, 0.000547817908227, 0.000392120302422, 0.000183421987458, 0.000209390287637, 0.000252242200077, 0.000357438606443, 0.000436550239101, 0.000102241807326, 1.74424549186e-05]
    },
    "erbbands": {
        "max": [0.524524390697, 8.90521812439, 33.1691474915, 112.488121033, 161.134857178, 199.778106689, 215.759078979, 448.900909424, 401.981079102, 991.99041748, 1778.08447266, 937.011901855, 868.818481445, 916.83404541, 1544.1496582, 795.569213867, 1841.20336914, 763.677368164, 984.545959473, 618.620727539, 973.924133301, 546.985229492, 256.3828125, 199.16255188, 421.532287598, 189.729400635, 83.6776351929, 91.6142501831, 86.9465332031, 70.4946670532, 138.767456055, 99.8017196655, 93.3661727905, 79.8315200806, 47.4193191528, 8.84898662567, 1.8674544096, 0.35524314642, 0.0767299458385, 0.00141094892751],
        "mean": [0.116760917008, 1.26965856552, 4.22691583633, 6.96855211258, 8.48615932465, 17.4664115906, 12.8399066925, 16.3674983978, 17.1818218231, 33.8212585449, 43.1047019958, 54.7754516602, 30.3842868805, 39.6442337036, 56.255115509, 43.4768981934, 61.7701721191, 41.7032165527, 44.1301231384, 37.8373374939, 37.2504234314, 34.4511756897, 30.8358306885, 19.0168933868, 22.678686142, 13.8441486359, 6.7874341011, 5.77554988861, 5.88553762436, 5.13033628464, 4.55364513397, 3.92122077942, 2.38976359367, 1.68764138222, 0.76475661993, 0.223487451673, 0.0621005184948, 0.00978717207909, 0.00116531504318, 7.78768080636e-05],
        "min": [5.86983287576e-06, 0.0001955244079, 0.000917400233448, 0.00532002886757, 0.0168860759586, 0.0592817477882, 0.344689309597, 0.163551524282, 0.132809907198, 0.161020427942, 0.469894856215, 0.511443674564, 0.523335158825, 0.562088251114, 0.375226795673, 0.343643277884, 0.34985524416, 0.502464771271, 0.203696399927, 0.258458942175, 0.477837085724, 0.371738702059, 0.349755704403, 0.187960088253, 0.244541034102, 0.106670409441, 0.0720452442765, 0.0370699241757, 0.02800446935, 0.0280038807541, 0.032934628427, 0.0154704321176, 0.0058957869187, 0.00443204026669, 0.00139522331301, 0.000313698663376, 6.85332488501e-05, 1.16903493108e-05, 1.77453875949e-06, 1.71525891801e-06],
        "stdev": [0.110553510487, 1.39035725594, 5.49274158478, 13.6344089508, 12.9962587357, 23.7569675446, 17.2727298737, 33.462059021, 32.1390800476, 71.6884994507, 100.3934021, 93.7049255371, 45.10338974, 68.2376403809, 108.49041748, 65.9505233765, 123.91242218, 67.4120330811, 70.3566436768, 52.58644104, 57.0178756714, 45.2591247559, 34.0564117432, 21.6664276123, 28.9413051605, 17.4359550476, 7.68469238281, 7.55515432358, 7.86193704605, 6.10154819489, 7.69330739975, 7.78516292572, 6.16852521896, 5.6005897522, 2.66582775116, 0.671695768833, 0.158360287547, 0.0256986934692, 0.00364437280223, 0.000120598066133]
    },
    "gfcc": {
        "mean": [33.8854904175, 91.1677932739, -121.519226074, 29.6505413055, -54.8988037109, 19.2856845856, -36.371295929, 11.3585529327, -21.4853382111, -2.0285782814, -12.4171457291, 0.0971299633384, -12.0899543762],
        "cov": [[2025.86535645, -795.206420898, -83.3452301025, 103.403701782, 40.6598701477, 62.7528686523, -88.3211898804, -6.01151943207, -38.4938240051, 85.3168640137, -164.279769897, -23.8888454437, -82.4734268188], [-795.206420898, 1114.62158203, -64.1543579102, 72.0090866089, 32.0225105286, -77.4309310913, 140.792388916, 1.77268993855, 58.4576263428, -88.2881317139, 102.187149048, -64.4508895874, -13.4344644547], [-83.3452301025, -64.1543579102, 666.936706543, 162.609283447, -5.87030935287, 47.2606697083, -51.8423347473, -14.4037218094, -16.3915557861, 10.6606445312, -66.7942962646, -25.9848537445, 9.65480422974], [103.403701782, 72.0090866089, 162.609283447, 329.018157959, 32.1472434998, 19.8035144806, -37.6279640198, -3.08434462547, 46.3195266724, -7.81818294525, -28.4486789703, -15.1865968704, 26.2369441986], [40.6598701477, 32.0225105286, -5.87030935287, 32.1472434998, 140.036254883, 27.8572044373, 28.18009758, 4.25509786606, -0.453729093075, 7.90999984741, -12.0089492798, -2.010014534, -0.522987604141], [62.7528686523, -77.4309310913, 47.2606697083, 19.8035144806, 27.8572044373, 157.394668579, 64.4664382935, -8.92697143555, -11.4415388107, 11.3565864563, -8.78185081482, -2.62746357918, 11.6889295578], [-88.3211898804, 140.792388916, -51.8423347473, -37.6279640198, 28.18009758, 64.4664382935, 177.106155396, 22.0689563751, -25.4584274292, -10.3403167725, 33.4179115295, -1.2596757412, -23.4152317047], [-6.01151943207, 1.77268993855, -14.4037218094, -3.08434462547, 4.25509786606, -8.92697143555, 22.0689563751, 115.557510376, 51.0929222107, 1.19845676422, 39.9725341797, 1.84966886044, -11.7889289856], [-38.4938240051, 58.4576263428, -16.3915557861, 46.3195266724, -0.453729093075, -11.4415388107, -25.4584274292, 51.0929222107, 138.825164795, 22.412191391, 17.9953308105, -3.58204698563, 14.4993715286], [85.3168640137, -88.2881317139, 10.6606445312, -7.81818294525, 7.90999984741, 11.3565864563, -10.3403167725, 1.19845676422, 22.412191391, 78.4200820923, 2.97073221207, 4.47184085846, 1.84783983231], [-164.279769897, 102.187149048, -66.7942962646, -28.4486789703, -12.0089492798, -8.78185081482, 33.4179115295, 39.9725341797, 17.9953308105, 2.97073221207, 121.192970276, 25.5801429749, -2.66352295876], [-23.8888454437, -64.4508895874, -25.9848537445, -15.1865968704, -2.010014534, -2.62746357918, -1.2596757412, 1.84966886044, -3.58204698563, 4.47184085846, 25.5801429749, 77.5063934326, 33.0350914001], [-82.4734268188, -13.4344644547, 9.65480422974, 26.2369441986, -0.522987604141, 11.6889295578, -23.4152317047, -11.7889289856, 14.4993715286, 1.84783983231, -2.66352295876, 33.0350914001, 86.3046188354]],
        "icov": [[0.000936156022362, 0.000618095975369, 0.000432067317888, -0.000678764074109, -0.000107853324153, -9.02271058294e-05, 1.65174678841e-05, -0.000205199132324, 0.000212261307752, -0.000544690003153, 0.000856673810631, 0.000103482263512, 0.00109967414755], [0.000618095975369, 0.00228132354096, 0.000113218309707, -0.000807183387224, -0.000649938825518, 0.00183922820725, -0.00226022908464, 0.00158594781533, -0.00135053438134, 0.00158736750018, -0.00137858022936, 0.0023298531305, -0.000212572558667], [0.000432067317888, 0.000113218309707, 0.00213384069502, -0.00122232164722, 0.000428174360422, -0.000876547535881, 0.000778424029704, -0.00079417519737, 0.00101891916711, -0.000917358265724, 0.00126218271907, 0.000133862777147, 0.000623590429313], [-0.000678764074109, -0.000807183387224, -0.00122232164722, 0.00463025597855, -0.00090144877322, -0.000660546938889, 0.00096253992524, 0.000341143662808, -0.00156234041788, 0.00124723941553, -0.000199379544938, 0.000128163403133, -0.001472850563], [-0.000107853324153, -0.000649938825518, 0.000428174360422, -0.00090144877322, 0.00820514000952, -0.00132768147159, -0.000573067984078, -0.00120411277749, 0.000835591345094, -0.00171245005913, 0.00183332653251, -0.00100129784551, 0.000267624272965], [-9.02271058294e-05, 0.00183922820725, -0.000876547535881, -0.000660546938889, -0.00132768147159, 0.0106770740822, -0.00624204613268, 0.00257565453649, -0.00136091397144, 0.000292450975394, -0.0013033025898, 0.00298097217456, -0.00325576332398], [1.65174678841e-05, -0.00226022908464, 0.000778424029704, 0.00096253992524, -0.000573067984078, -0.00624204613268, 0.0114974919707, -0.00372011424042, 0.00340515724383, -0.00094743835507, 0.000270359276328, -0.0026145298034, 0.00319473585114], [-0.000205199132324, 0.00158594781533, -0.00079417519737, 0.000341143662808, -0.00120411277749, 0.00257565453649, -0.00372011424042, 0.0141101088375, -0.00652374140918, 0.00313893938437, -0.00493274861947, 0.00147217081394, 0.000910928996745], [0.000212261307752, -0.00135053438134, 0.00101891916711, -0.00156234041788, 0.000835591345094, -0.00136091397144, 0.00340515724383, -0.00652374140918, 0.012202934362, -0.00489313714206, 0.00103396677878, 0.000286362075713, -0.00144736305811], [-0.000544690003153, 0.00158736750018, -0.000917358265724, 0.00124723941553, -0.00171245005913, 0.000292450975394, -0.00094743835507, 0.00313893938437, -0.00489313714206, 0.0168087854981, -0.00311473151669, 0.000983045087196, -0.000438462273451], [0.000856673810631, -0.00137858022936, 0.00126218271907, -0.000199379544938, 0.00183332653251, -0.0013033025898, 0.000270359276328, -0.00493274861947, 0.00103396677878, -0.00311473151669, 0.0141038382426, -0.00595940602943, 0.00271999486722], [0.000103482263512, 0.0023298531305, 0.000133862777147, 0.000128163403133, -0.00100129784551, 0.00298097217456, -0.0026145298034, 0.00147217081394, 0.000286362075713, 0.000983045087196, -0.00595940602943, 0.0205384865403, -0.00862509012222], [0.00109967414755, -0.000212572558667, 0.000623590429313, -0.001472850563, 0.000267624272965, -0.00325576332398, 0.00319473585114, 0.000910928996745, -0.00144736305811, -0.000438462273451, 0.00271999486722, -0.00862509012222, 0.0180543381721]]
    },
    "melbands": {
        "max": [0.00728461053222, 0.0132341282442, 0.0160400215536, 0.0115238213912, 0.00872561708093, 0.00907977391034, 0.00738955056295, 0.0106191113591, 0.0130435656756, 0.00621953606606, 0.00515054166317, 0.00420013954863, 0.00567922228947, 0.00333938794211, 0.00621623080224, 0.00641335034743, 0.00145028578117, 0.00172019086313, 0.00213109259494, 0.000908972171601, 0.00134347332641, 0.000744074350223, 0.000408227439038, 0.000255667167949, 0.000173164167791, 0.000344598694937, 0.000188790712855, 0.000123834295664, 5.02351394971e-05, 4.37814414909e-05, 5.89661576669e-05, 5.99958875682e-05, 4.8702237109e-05, 4.42798045697e-05, 5.87516333326e-05, 0.000122699508211, 6.33576855762e-05, 6.39045683783e-05, 6.40400539851e-05, 7.638156967e-05],
        "mean": [0.00125072628725, 0.002044998575, 0.00121905305423, 0.000933863339014, 0.000533546321094, 0.000348560191924, 0.000281546381302, 0.000399744720198, 0.000346391228959, 0.000339312129654, 0.000142720367876, 0.000154500012286, 0.000177531081135, 0.000141737269587, 0.000112928377348, 0.000140901931445, 6.87581923557e-05, 7.30160609237e-05, 5.48311691091e-05, 5.19942914252e-05, 3.98356023652e-05, 3.48042958649e-05, 3.53835712303e-05, 1.95303655346e-05, 1.45397434608e-05, 1.71437295649e-05, 1.50715413838e-05, 7.664799341e-06, 4.31884836871e-06, 3.34158016813e-06, 3.35878553415e-06, 3.37134042638e-06, 3.04584568767e-06, 2.7717192097e-06, 2.59745525e-06, 2.5771860237e-06, 2.31501667258e-06, 1.72007764832e-06, 1.43522947837e-06, 1.43053273405e-06],
        "min": [1.02428352022e-07, 5.86982935147e-07, 1.454734047e-06, 2.04025218409e-06, 1.24557354866e-05, 3.06334845845e-06, 1.05043579879e-06, 2.37524523072e-06, 1.94439235202e-06, 3.36358903041e-06, 2.4618268526e-06, 1.78569439413e-06, 8.42034978632e-07, 7.84734254466e-07, 5.91594982779e-07, 9.64139530879e-07, 6.68231166401e-07, 2.59647322309e-07, 2.5562357564e-07, 3.03991839701e-07, 3.86029938682e-07, 2.87363462803e-07, 3.20910146456e-07, 1.74810537601e-07, 8.67918146241e-08, 1.94183868985e-07, 1.13063279628e-07, 6.00633427439e-08, 4.8010445397e-08, 2.47920795005e-08, 1.87443571775e-08, 1.23082690706e-08, 1.39503892882e-08, 1.34135120788e-08, 1.82109491931e-08, 1.33663435875e-08, 4.66181315772e-09, 2.31182917254e-09, 3.53696782973e-09, 3.1503719633e-09],
        "stdev": [0.0012057084823, 0.00225295685232, 0.0020253979601, 0.00134540558793, 0.000648301211186, 0.000682594371028, 0.000541517918464, 0.000838126812596, 0.000798192282673, 0.000598549784627, 0.000236080682953, 0.00028387416387, 0.000336816970957, 0.000258883548668, 0.000264094880549, 0.000353574927431, 0.000115797054605, 0.000123123492813, 9.53823764576e-05, 8.40362627059e-05, 6.6071843321e-05, 5.30425422767e-05, 4.09382919315e-05, 2.30574623856e-05, 1.81552095455e-05, 2.49879849434e-05, 2.12211361941e-05, 1.02196709122e-05, 5.21979245605e-06, 4.22398079536e-06, 4.7119269766e-06, 4.73293448522e-06, 3.95350207327e-06, 3.34848527928e-06, 3.99602276957e-06, 5.84086001254e-06, 4.64751246909e-06, 4.37963944933e-06, 4.51646110378e-06, 5.01101430928e-06]
    },
    "melbands128": {
        "max": [0.001698834938, 0.00430610636249, 0.011047645472, 0.0167803373188, 0.0195204243064, 0.0233281459659, 0.0276215523481, 0.0141967143863, 0.0195269808173, 0.0147632686421, 0.0131100779399, 0.0169831644744, 0.00850763916969, 0.0145708713681, 0.017389325425, 0.0113634178415, 0.00960832554847, 0.0111128501594, 0.0152715528384, 0.0182066652924, 0.0233263783157, 0.0212905630469, 0.0225800517946, 0.0141207566485, 0.00752557255328, 0.0103870695457, 0.00610163249075, 0.00271095149219, 0.0159435234964, 0.006390679162, 0.00661934399977, 0.00832112040371, 0.0100600263104, 0.00791717320681, 0.00876254122704, 0.00176640902646, 0.00452382769436, 0.00868195388466, 0.0094526913017, 0.00425410224125, 0.0127500006929, 0.0049089496024, 0.00261049717665, 0.00196498981677, 0.00268472731113, 0.00303727737628, 0.00323360180482, 0.00534991081804, 0.00181243021507, 0.00127984932624, 0.00192037830129, 0.0021443865262, 0.00263393530622, 0.00118881464005, 0.00125414167996, 0.0015168794198, 0.000901516934391, 0.00091517571127, 0.000755225832108, 0.000513105478603, 0.000470787053928, 0.000191859799088, 0.00025085292873, 0.000383085513022, 0.000751579122152, 0.000618046557065, 0.000837274012156, 0.000307116279146, 0.000290455413051, 0.00038818558096, 0.000259197811829, 0.000100453231425, 6.80455050315e-05, 6.41252772766e-05, 7.75870648795e-05, 4.93502084282e-05, 4.99596972077e-05, 7.45846555219e-05, 7.66142620705e-05, 6.97095456417e-05, 7.91786660557e-05, 6.27789631835e-05, 6.20427599642e-05, 6.6197499109e-05, 5.46323135495e-05, 4.97266119055e-05, 5.29057106178e-05, 3.86588835681e-05, 3.9313108573e-05, 0.000116950162919, 0.00017058107187, 0.000136308328365, 8.52709417813e-05, 6.18017365923e-05, 0.000102985621197, 9.61946279858e-05, 6.21851504548e-05, 8.82852837094e-05, 6.33735908195e-05, 8.13839724287e-05, 9.95122099994e-05, 8.14338054624e-05, 0.00012984588102, 0.000112288696982, 4.46067351731e-05, 3.05037701764e-05, 3.21675288433e-05, 2.53070884355e-05, 1.5865349269e-05, 8.19752312964e-06, 1.09797992991e-05, 1.04154614746e-05, 6.26897053735e-06, 6.40286134512e-06, 5.1052516028e-06, 2.90414504889e-06, 2.4215337362e-06, 2.89914601126e-06, 5.80769847147e-06, 4.5237861741e-06, 1.63605352554e-06, 1.2615266769e-06, 1.12981979328e-06, 5.10873618964e-08, 3.47189210714e-09, 3.43581785245e-09, 3.40211347982e-09, 3.38264860567e-09],
        "mean": [0.0001016626411, 0.000744525459595, 0.00176389701664, 0.00216833641753, 0.00217201840132, 0.00194010743871, 0.00148192653432, 0.00104374845978, 0.000708429783117, 0.000990737928078, 0.00112185662147, 0.000617144338321, 0.000389573047869, 0.00036242645001, 0.000449765851954, 0.000274742924375, 0.0002091028, 0.000275400117971, 0.000395459122956, 0.000344183383277, 0.000455915782368, 0.000416145776398, 0.000304171582684, 0.00030808232259, 0.000396878400352, 0.000380409765057, 0.000132501925691, 0.000114893737191, 0.000153296117787, 0.000119833493955, 0.000185010052519, 0.00016469185357, 0.000138801740832, 0.000228302131291, 0.000196876164409, 8.83076136233e-05, 9.39871606533e-05, 0.000127921288367, 0.00010107489652, 0.000157347938512, 0.000181602168595, 6.25345273875e-05, 6.05830900895e-05, 7.12571927579e-05, 8.03707735031e-05, 7.65854638303e-05, 5.95160454395e-05, 6.23008236289e-05, 4.96767061122e-05, 3.98746778956e-05, 6.27034605714e-05, 4.84966549266e-05, 4.64777112938e-05, 3.36169578077e-05, 3.09190108965e-05, 3.75244635507e-05, 3.46102133335e-05, 3.41639060935e-05, 3.92641049984e-05, 3.16535188176e-05, 1.56697442435e-05, 1.29892923724e-05, 1.40630372698e-05, 1.41899963637e-05, 1.72233303601e-05, 1.73554344656e-05, 1.69087616086e-05, 1.71549472725e-05, 1.55044144776e-05, 1.13191599667e-05, 7.77605782787e-06, 5.94091761741e-06, 4.22153152613e-06, 4.45867499366e-06, 3.76166599381e-06, 3.07283198708e-06, 3.51642665919e-06, 3.04296645481e-06, 3.43770284417e-06, 3.53768245986e-06, 3.25121504829e-06, 3.4344618598e-06, 3.30170428242e-06, 2.86629074253e-06, 3.08175799546e-06, 2.67132327281e-06, 2.81820825876e-06, 2.65082803708e-06, 2.53605071521e-06, 2.57186684394e-06, 2.63019887825e-06, 2.50534367296e-06, 2.61633908849e-06, 2.45791875386e-06, 2.06873164643e-06, 1.81118036835e-06, 1.74162425992e-06, 1.42282317483e-06, 1.36333551382e-06, 1.47688865582e-06, 1.51337144416e-06, 1.41484940741e-06, 1.36140613449e-06, 1.16114415505e-06, 8.44888916163e-07, 5.98060807988e-07, 5.40521227776e-07, 4.54326993804e-07, 3.66200794133e-07, 2.72855601224e-07, 2.54931563859e-07, 2.26411103199e-07, 1.94932709974e-07, 1.56027937237e-07, 1.16292483199e-07, 8.73930545708e-08, 5.47268186324e-08, 3.97039201516e-08, 4.16469596587e-08, 3.64478154324e-08, 3.08419245698e-08, 2.79544902781e-08, 1.58183528498e-08, 4.64488308927e-10, 6.38682206081e-12, 6.26592224287e-12, 6.18586215237e-12, 6.14794369927e-12],
        "min": [2.9084741282e-09, 6.61602062024e-09, 2.35426487194e-08, 2.12341888073e-07, 3.41664417647e-07, 3.24293296217e-07, 3.9452800138e-07, 4.99445945934e-07, 4.98642179991e-07, 6.60832597532e-07, 1.20134836834e-06, 8.53693791214e-07, 1.48485264617e-06, 2.25987741942e-06, 3.33074353875e-07, 3.84630311601e-07, 1.76830752707e-07, 1.49844012753e-07, 5.09736764798e-07, 2.45933676979e-07, 6.17771661382e-07, 3.39091286605e-07, 6.76386548548e-07, 2.91754503223e-07, 1.59888440976e-06, 9.65318008639e-07, 4.98576241625e-07, 4.43550220552e-07, 4.5169795726e-07, 7.48923866922e-07, 3.62908025409e-07, 2.91804013841e-07, 3.44499710536e-07, 4.83864823764e-07, 3.68575285847e-07, 2.81312907191e-07, 2.96516219578e-07, 2.62171369059e-07, 2.66140773419e-07, 3.59971721764e-07, 3.11471524128e-07, 1.62765758205e-07, 1.56650628469e-07, 1.92165074964e-07, 2.35479177491e-07, 1.51327327558e-07, 1.36716195698e-07, 2.64736769395e-07, 1.21624225358e-07, 1.37645969289e-07, 1.94445973989e-07, 2.04177183605e-07, 1.98209946234e-07, 1.72582346636e-07, 1.16362976144e-07, 1.48978685388e-07, 1.30856378178e-07, 1.94272047338e-07, 1.40900723977e-07, 8.71613821118e-08, 1.09967380979e-07, 1.04327746442e-07, 7.12552932214e-08, 3.44299735389e-08, 7.6479757638e-08, 3.33980096912e-08, 9.18305644859e-08, 6.96011994705e-08, 6.30577474681e-08, 5.14790379214e-08, 4.24611172889e-08, 2.92921171763e-08, 2.80298042554e-08, 2.17473026254e-08, 2.27672565245e-08, 1.0756679103e-08, 1.19927019426e-08, 9.80508652049e-09, 6.93274815333e-09, 1.07121289616e-08, 1.14209965929e-08, 6.30275431845e-09, 8.63329141509e-09, 3.83658216307e-09, 1.13166862548e-08, 8.88695428358e-09, 4.60792115575e-09, 7.48731565636e-09, 8.08957878462e-09, 1.19962750844e-08, 6.8841141676e-09, 4.47680470472e-09, 3.56430129855e-09, 5.89546855778e-09, 2.13052353537e-09, 1.27221355672e-09, 2.03704941804e-09, 1.82901560564e-09, 1.83247472751e-09, 1.40372014013e-09, 3.05464364914e-09, 1.27404031769e-09, 1.73227188149e-09, 9.80420522545e-10, 4.94835949993e-10, 3.63247487645e-10, 3.38937711231e-10, 4.1798561834e-10, 3.58428259295e-10, 1.94388727337e-10, 1.45050471634e-10, 1.58446131215e-10, 1.89701587772e-10, 1.31026564598e-10, 7.54275114589e-11, 4.73974887116e-11, 3.63966079497e-11, 4.20523506425e-13, 7.25504590215e-14, 5.90477712841e-14, 5.34579094858e-14, 5.25049127168e-14, 5.79023726752e-14, 5.61971801559e-14, 3.89562412547e-14, 1.24989215077e-14, 2.21587228309e-15, 8.46528168557e-17],
        "stdev": [0.000192527571926, 0.000813192047644, 0.00198748079129, 0.00269791786559, 0.00296316551976, 0.00303202983923, 0.00330956350081, 0.00176684383769, 0.00133637245744, 0.00170649937354, 0.00155064358842, 0.00096785183996, 0.000649637251627, 0.000837676168885, 0.00113822170533, 0.000647812441457, 0.000602592364885, 0.000693084148224, 0.00107102666516, 0.00104757340159, 0.00129553559236, 0.00128489546478, 0.00106622115709, 0.000883939443156, 0.000803531496786, 0.000869472278282, 0.000354876305209, 0.000227757758694, 0.000480266200611, 0.000342786166584, 0.000398251257138, 0.000442276505055, 0.000432013854152, 0.000604633882176, 0.000564439338632, 0.000164983110153, 0.000215907319216, 0.000417537754402, 0.00035689221113, 0.00037105550291, 0.000643215258606, 0.000213160121348, 0.000155024128617, 0.000156524256454, 0.000168318583746, 0.000184967677342, 0.000166874888237, 0.000164408877026, 0.000109160959255, 8.45626564114e-05, 0.00014124919835, 0.000106618412246, 0.000113719237561, 7.74561922299e-05, 7.41028125049e-05, 8.06141251815e-05, 6.27547560725e-05, 5.77454702579e-05, 6.05175882811e-05, 5.13626546308e-05, 2.92507011181e-05, 1.75481818587e-05, 2.24143132073e-05, 2.20468755288e-05, 3.5323035263e-05, 3.35309487127e-05, 3.18779384543e-05, 2.71836561296e-05, 2.79962441709e-05, 2.08921428566e-05, 1.41507653098e-05, 9.65484105109e-06, 5.73079933019e-06, 6.28877296549e-06, 5.28544069311e-06, 4.54988685306e-06, 5.03726050738e-06, 4.85418422613e-06, 5.6700823734e-06, 5.66057451579e-06, 5.04868012285e-06, 5.3638832469e-06, 5.21830315847e-06, 4.28786142948e-06, 4.25753933087e-06, 3.57210092261e-06, 3.89252954847e-06, 3.51824701283e-06, 3.97469148083e-06, 5.28035843672e-06, 6.69484325044e-06, 6.30993099549e-06, 5.79176366955e-06, 4.91119908475e-06, 4.84735801365e-06, 4.96311713505e-06, 4.61588797407e-06, 4.29658484791e-06, 4.32455180999e-06, 5.31166688233e-06, 5.31769410372e-06, 5.1042125051e-06, 5.60625721846e-06, 4.65906123281e-06, 3.04078639601e-06, 2.02787578019e-06, 1.97368240151e-06, 1.56557484843e-06, 1.13975954719e-06, 7.4352089996e-07, 6.88044622166e-07, 6.33828108221e-07, 5.2800442063e-07, 4.18171481442e-07, 3.28506843061e-07, 2.38788175011e-07, 1.52452955149e-07, 1.46459910866e-07, 1.72205005811e-07, 1.42595723673e-07, 1.01695768251e-07, 9.83498082974e-08, 6.12596053884e-08, 2.75545231077e-09, 7.34320868001e-11, 7.26722848565e-11, 7.19626372381e-11, 7.15526318751e-11]
    },
    "mfcc": {
        "mean": [-606.701660156, 120.883079529, -4.81911849976, 15.1377305984, 6.5972661972, 5.22564840317, 1.09728646278, 10.4281673431, -4.36848783493, 4.90573501587, -1.34142148495, -0.870235681534, 0.367435485125],
        "cov": [[2140.00146484, -731.641418457, -247.911636353, 3.71670269966, 41.847984314, 78.0320053101, -57.5415687561, -74.0817871094, 69.3866424561, -0.859123885632, 16.0773353577, -3.8389005661, -41.0202598572], [-731.641418457, 857.481872559, -61.7201652527, 66.1246337891, -83.4992904663, -44.4515953064, 61.758102417, 75.3762817383, -61.9852714539, 42.7785263062, 38.3352890015, -3.74253344536, 16.7984199524], [-247.911636353, -61.7201652527, 584.030456543, 119.253860474, 91.2176895142, 51.137134552, -17.6459236145, -27.327709198, 56.5330543518, -20.2034873962, -26.823846817, 4.61482381821, -2.27254271507], [3.71670269966, 66.1246337891, 119.253860474, 246.132446289, 76.274559021, 15.1304292679, -33.300453186, 6.12070322037, 24.0790538788, 0.520764768124, -10.2095994949, -3.39615464211, 23.9025306702], [41.847984314, -83.4992904663, 91.2176895142, 76.274559021, 173.470840454, 9.03420829773, -52.4520606995, -15.628446579, 33.4577102661, 19.4557094574, -17.921043396, -4.7330956459, 16.5953598022], [78.0320053101, -44.4515953064, 51.137134552, 15.1304292679, 9.03420829773, 181.734298706, 51.8921470642, -20.0766811371, 54.756565094, -28.7002906799, -5.33746004105, 10.5815696716, -46.1624526978], [-57.5415687561, 61.758102417, -17.6459236145, -33.300453186, -52.4520606995, 51.8921470642, 178.416320801, 45.9880561829, -18.531496048, -14.9028282166, 25.276309967, 5.99222183228, -19.0755691528], [-74.0817871094, 75.3762817383, -27.327709198, 6.12070322037, -15.628446579, -20.0766811371, 45.9880561829, 124.412651062, -11.3936824799, 21.2809696198, 26.2372207642, 8.40248775482, 22.8645496368], [69.3866424561, -61.9852714539, 56.5330543518, 24.0790538788, 33.4577102661, 54.756565094, -18.531496048, -11.3936824799, 116.870193481, 1.35555994511, -12.4563884735, 6.15014219284, -24.6059627533], [-0.859123885632, 42.7785263062, -20.2034873962, 0.520764768124, 19.4557094574, -28.7002906799, -14.9028282166, 21.2809696198, 1.35555994511, 108.296257019, 36.2528266907, 9.31030654907, 16.2905044556], [16.0773353577, 38.3352890015, -26.823846817, -10.2095994949, -17.921043396, -5.33746004105, 25.276309967, 26.2372207642, -12.4563884735, 36.2528266907, 85.4522857666, 21.4881687164, -0.474305987358], [-3.8389005661, -3.74253344536, 4.61482381821, -3.39615464211, -4.7330956459, 10.5815696716, 5.99222183228, 8.40248775482, 6.15014219284, 9.31030654907, 21.4881687164, 55.7891845703, 23.3842906952], [-41.0202598572, 16.7984199524, -2.27254271507, 23.9025306702, 16.5953598022, -46.1624526978, -19.0755691528, 22.8645496368, -24.6059627533, 16.2905044556, -0.474305987358, 23.3842906952, 93.7171401978]],
        "icov": [[0.000821874651592, 0.000781292677857, 0.000529545068275, -0.000526621006429, 0.000186178876902, -0.000258117681369, 5.81208514632e-05, 0.000200664173462, -0.000162001699209, -0.000217658162001, -0.000450456718681, 0.000246710231295, 0.00010107345588], [0.000781292677857, 0.00219428748824, 0.000567573006265, -0.00127912173048, 0.00100589101203, -8.10741767054e-05, -0.000269589450909, -0.00026117512607, 0.000358864926966, -0.000867718597874, -0.000425017962698, 0.000423256977228, 0.000216741114855], [0.000529545068275, 0.000567573006265, 0.00242240843363, -0.00114506436512, -0.000565423513763, -0.000268941454124, -0.000217618478928, 0.000433132168837, -0.00060835829936, 0.000165571589605, -2.7951602533e-05, -0.000257138512097, 0.000174032305949], [-0.000526621006429, -0.00127912173048, -0.00114506436512, 0.00603297213092, -0.00214626267552, -0.000690664513968, 0.000885093526449, -0.000704819860402, -0.000503817165736, 0.000989265274256, -0.000263476511464, 0.00101936806459, -0.00173565722071], [0.000186178876902, 0.00100589101203, -0.000565423513763, -0.00214626267552, 0.00863074418157, -0.000779220543336, 0.00133378535975, 0.000251580582699, -0.00101853068918, -0.0022696510423, 0.00079445168376, 0.00151494762395, -0.00151404575445], [-0.000258117681369, -8.10741767054e-05, -0.000268941454124, -0.000690664513968, -0.000779220543336, 0.00908096414059, -0.00325008691289, 0.00136359478347, -0.00307279871777, 0.00138907809742, 0.000674521783367, -0.00329295289703, 0.00346481357701], [5.81208514632e-05, -0.000269589450909, -0.000217618478928, 0.000885093526449, 0.00133378535975, -0.00325008691289, 0.00864833127707, -0.00329983793199, 0.00191082654055, 0.00116736767814, -0.00158947904129, 0.000224503091886, 0.000805762654636], [0.000200664173462, -0.00026117512607, 0.000433132168837, -0.000704819860402, 0.000251580582699, 0.00136359478347, -0.00329983793199, 0.0108515676111, -0.00129871896934, -0.00104258279316, -0.00200384506024, 0.000617264478933, -0.00269105029292], [-0.000162001699209, 0.000358864926966, -0.00060835829936, -0.000503817165736, -0.00101853068918, -0.00307279871777, 0.00191082654055, -0.00129871896934, 0.0123265013099, -0.00157198694069, 0.00227658287622, -0.0029684137553, 0.00361293461174], [-0.000217658162001, -0.000867718597874, 0.000165571589605, 0.000989265274256, -0.0022696510423, 0.00138907809742, 0.00116736767814, -0.00104258279316, -0.00157198694069, 0.0127991018817, -0.00555365625769, 0.000290419178782, -0.00134805543348], [-0.000450456718681, -0.000425017962698, -2.7951602533e-05, -0.000263476511464, 0.00079445168376, 0.000674521783367, -0.00158947904129, -0.00200384506024, 0.00227658287622, -0.00555365625769, 0.0178129971027, -0.00744476029649, 0.00381333450787], [0.000246710231295, 0.000423256977228, -0.000257138512097, 0.00101936806459, 0.00151494762395, -0.00329295289703, 0.000224503091886, 0.000617264478933, -0.0029684137553, 0.000290419178782, -0.00744476029649, 0.0258357226849, -0.00954334996641], [0.00010107345588, 0.000216741114855, 0.000174032305949, -0.00173565722071, -0.00151404575445, 0.00346481357701, 0.000805762654636, -0.00269105029292, 0.00361293461174, -0.00134805543348, 0.00381333450787, -0.00954334996641, 0.0175015069544]]
    },
    "spectral_contrast_coeffs": {
        "max": [-0.417193770409, -0.426757574081, -0.537652671337, -0.584020197392, -0.569655537605, -0.669833302498],
        "mean": [-0.719226419926, -0.74768358469, -0.774573087692, -0.792470991611, -0.77943354845, -0.77431178093],
        "min": [-0.880696296692, -0.942147612572, -0.910263478756, -0.906115949154, -0.880983114243, -0.876613080502],
        "stdev": [0.0730340182781, 0.0812764465809, 0.0630850940943, 0.0531959049404, 0.0519390739501, 0.0333016067743]
    },
    "spectral_contrast_valleys": {
        "max": [-5.02377605438, -4.9261636734, -5.47340345383, -5.75379562378, -5.76151990891, -7.56174659729],
        "mean": [-6.34202814102, -6.40827035904, -6.78059101105, -7.04556131363, -7.25012111664, -9.82947158813],
        "min": [-9.37190437317, -8.14301013947, -8.65423107147, -8.71579647064, -8.98097515106, -12.1467933655],
        "stdev": [0.601521670818, 0.48818397522, 0.476167857647, 0.55664819479, 0.590804278851, 0.776439428329]
    }
},
"rhythm": {
    "beats_count": 118,
    "beats_loudness": {
        "max": 0.0886772498488,
        "mean": 0.0493450947106,
        "min": 0.0240001566708,
        "stdev": 0.0111849578097
    },
    "bpm": 136.017456055,
    "bpm_histogram_first_peak_bpm": 136,
    "bpm_histogram_first_peak_weight": 0.192982435226,
    "bpm_histogram_second_peak_bpm": 129,
    "bpm_histogram_second_peak_spread": 0,
    "bpm_histogram_second_peak_weight": 0.0170940179378,
    "danceability": 1.87728881836,
    "onset_rate": 3.88468360901,
    "beats_loudness_band_ratio": {
        "max": [0.872969090939, 0.622841417789, 0.595987260342, 0.754157781601, 0.346659570932, 0.190229475498],
        "mean": [0.44846123457, 0.151104047894, 0.161898061633, 0.131039068103, 0.0895319879055, 0.0410765968263],
        "min": [0.000363639148418, 0.0128854485229, 0.0131507152691, 0.00498727988452, 0.0058085382916, 0.00265764771029],
        "stdev": [0.190108075738, 0.123316548765, 0.121122837067, 0.136180728674, 0.0613669045269, 0.0319028571248]
    },
