{
"metadata": {
    "version": {
        "essentia": "2.1-beta5",
        "essentia_git_sha": "Undefined",
        "extractor": "music 2.0"
    },
    "audio_properties": {
        "analysis": {
            "equal_loudness": 0,
            "length": 48.7502937317,
            "sample_rate": 44100,
            "start_time": 12.7477550507,
            "downmix": "mix"
        },
        "bit_rate": 192000,
        "length": 194.28137207,
        "lossless": 0,
        "number_channels": 2,
        "replay_gain": -9.90919113159,
        "sample_rate": 48000,
        "codec": "mp3",
        "md5_encoded": "23aa451b7feb5bc387a2129bc8a7c1b6"
    },
    "tags": {
        "file_name": "Ukraine_Be my Valentine! (Anti-crisis Girl)_Svetlana Loboda.mp3",
        "encoding": ["Lavf58.29.100"]
    }
},
"lowlevel": {
    "average_loudness": 0.94100522995,
    "barkbands_crest": {
        "max": 24.4151172638,
        "mean": 8.96472644806,
        "min": 2.04345846176,
        "stdev": 4.37600278854
    },
    "barkbands_flatness_db": {
        "max": 0.27594012022,
        "mean": 0.103147238493,
        "min": 0.019508516416,
        "stdev": 0.0351633690298
    },
    "barkbands_kurtosis": {
        "max": 32.9572410583,
        "mean": 1.53898966312,
        "min": -1.89671373367,
        "stdev": 3.14320421219
    },
    "barkbands_skewness": {
        "max": 5.17077970505,
        "mean": 0.965884268284,
        "min": -4.83335065842,
        "stdev": 0.827075481415
    },
    "barkbands_spread": {
        "max": 115.022598267,
        "mean": 23.2736740112,
        "min": 2.39150238037,
        "stdev": 11.5768575668
    },
    "dissonance": {
        "max": 0.499999910593,
        "mean": 0.474257975817,
        "min": 0.354967027903,
        "stdev": 0.0202800855041
    },
    "dynamic_complexity": 2.01738762856,
    "erbbands_crest": {
        "max": 28.7800769806,
        "mean": 8.45805358887,
        "min": 2.47152757645,
        "stdev": 4.17259120941
    },
    "erbbands_flatness_db": {
        "max": 0.33529523015,
        "mean": 0.159591346979,
        "min": 0.0440644733608,
        "stdev": 0.0442596301436
    },
    "erbbands_kurtosis": {
        "max": 25.5978279114,
        "mean": 1.00914549828,
        "min": -1.68937838078,
        "stdev": 2.42518353462
    },
    "erbbands_skewness": {
        "max": 4.27264881134,
        "mean": 0.501353621483,
        "min": -4.00163316727,
        "stdev": 0.721843838692
    },
    "erbbands_spread": {
        "max": 122.206199646,
        "mean": 31.1631507874,
        "min": 4.25338125229,
        "stdev": 15.7094144821
    },
    "hfc": {
        "max": 341.856750488,
        "mean": 31.7996826172,
        "min": 0.727462828159,
        "stdev": 27.7634963989
    },
    "loudness_ebu128": {
        "integrated": -12.8562040329,
        "loudness_range": 3.3275718689,
        "momentary": {
            "max": -10.2014970779,
            "mean": -13.1799879074,
            "min": -19.4928073883,
            "stdev": 1.79032206535
        },
        "short_term": {
            "max": -11.0743274689,
            "mean": -13.0192909241,
            "min": -15.6093854904,
            "stdev": 1.20891010761
        }
    },
    "melbands_crest": {
        "max": 32.4681854248,
        "mean": 12.710354805,
        "min": 3.19846439362,
        "stdev": 6.38039731979
    },
    "melbands_flatness_db": {
        "max": 0.313429623842,
        "mean": 0.143716856837,
        "min": 0.0261649843305,
        "stdev": 0.04744874686
    },
    "melbands_kurtosis": {
        "max": 72.8679656982,
        "mean": 5.73948097229,
        "min": -1.78373265266,
        "stdev": 7.36842632294
    },
    "melbands_skewness": {
        "max": 7.09204339981,
        "mean": 1.68789446354,
        "min": -1.02965962887,
        "stdev": 1.12740278244
    },
    "melbands_spread": {
        "max": 269.008148193,
        "mean": 30.4244918823,
        "min": 3.43551206589,
        "stdev": 20.6027984619
    },
    "pitch_salience": {
        "max": 0.864827513695,
        "mean": 0.60390406847,
        "min": 0.17408464849,
        "stdev": 0.120139688253
    },
    "silence_rate_20dB": {
        "max": 1,
        "mean": 1,
        "min": 1,
        "stdev": 0
    },
    "silence_rate_30dB": {
        "max": 1,
        "mean": 1,
        "min": 1,
        "stdev": 0
    },
    "silence_rate_60dB": {
        "max": 1,
        "mean": 0.0138029512018,
        "min": 0,
        "stdev": 0.116673141718
    },
    "spectral_centroid": {
        "max": 6948.59326172,
        "mean": 1650.2791748,
        "min": 430.821624756,
        "stdev": 542.102722168
    },
    "spectral_complexity": {
        "max": 55,
        "mean": 25.6991901398,
        "min": 1,
        "stdev": 8.86336612701
    },
    "spectral_decrease": {
        "max": -2.33128183424e-10,
        "mean": -7.22650961293e-09,
        "min": -3.11182901669e-08,
        "stdev": 5.20761522793e-09
    },
    "spectral_energy": {
        "max": 0.125084012747,
        "mean": 0.0301588922739,
        "min": 0.0011476224754,
        "stdev": 0.0206804741174
    },
    "spectral_energyband_high": {
        "max": 0.0347340367734,
        "mean": 0.00140926102176,
        "min": 3.17230515066e-05,
        "stdev": 0.00247675739229
    },
    "spectral_energyband_low": {
        "max": 0.0691352188587,
        "mean": 0.00834045093507,
        "min": 2.48549042681e-07,
        "stdev": 0.0137567007914
    },
    "spectral_energyband_middle_high": {
        "max": 0.0832304432988,
        "mean": 0.0111900083721,
        "min": 0.0001275997638,
        "stdev": 0.0098861772567
    },
    "spectral_energyband_middle_low": {
        "max": 0.091864772141,
        "mean": 0.0103101804852,
        "min": 0.00011106277816,
        "stdev": 0.0101459082216
    },
    "spectral_entropy": {
        "max": 8.89880847931,
        "mean": 7.84713363647,
        "min": 7.06063461304,
        "stdev": 0.256526172161
    },
    "spectral_flux": {
        "max": 0.307582139969,
        "mean": 0.102540008724,
        "min": 0.0227427575737,
        "stdev": 0.0464516244829
    },
    "spectral_kurtosis": {
        "max": 13.8714389801,
        "mean": 3.73330950737,
        "min": -1.39406490326,
        "stdev": 1.70639586449
    },
    "spectral_rms": {
        "max": 0.011046863161,
        "mean": 0.00508992886171,
        "min": 0.00105812645052,
        "stdev": 0.00187506806105
    },
    "spectral_rolloff": {
        "max": 12596.9238281,
        "mean": 2103.21289062,
        "min": 64.599609375,
        "stdev": 1778.13928223
    },
    "spectral_skewness": {
        "max": 2.71340894699,
        "mean": 1.51130771637,
        "min": -0.261570483446,
        "stdev": 0.328133434057
    },
    "spectral_spread": {
        "max": 19482822,
        "mean": 4890373,
        "min": 2114532.25,
        "stdev": 1766866.125
    },
    "spectral_strongpeak": {
        "max": 16.1722755432,
        "mean": 1.29533052444,
        "min": 0,
        "stdev": 1.38171195984
    },
    "zerocrossingrate": {
        "max": 0.435546875,
        "mean": 0.0818938985467,
        "min": 0.00537109375,
        "stdev": 0.0471995025873
    },
    "barkbands": {
        "max": [0.0232305172831, 0.0664325207472, 0.034169908613, 0.0326685234904, 0.0572033599019, 0.0336311087012, 0.0293757133186, 0.0337674468756, 0.0527546927333, 0.0652354136109, 0.0486559383571, 0.0750360041857, 0.0360071435571, 0.0209260396659, 0.0119850141928, 0.0157581586391, 0.0104949809611, 0.009666451253, 0.00486202165484, 0.00725340191275, 0.00182366650552, 0.00564786884934, 0.00525243626907, 0.0148330740631, 0.0218501053751, 0.00606155442074, 0.000610232760664],
        "mean": [0.00042479680269, 0.00555844418705, 0.00168931810185, 0.00141151074786, 0.00243808981031, 0.00163053383585, 0.000761726056226, 0.00110051850788, 0.00207138760015, 0.00273339496925, 0.00122897746041, 0.00263010733761, 0.00112088082824, 0.000938737648539, 0.000787730095908, 0.000700192817021, 0.000514747342095, 0.000499036163092, 0.000358250952559, 0.000284099427518, 0.000248467782512, 0.00022901124612, 0.000223358452786, 0.000240215435042, 0.000255667167949, 7.1737995313e-05, 7.94140487415e-06],
        "min": [1.11915821055e-09, 2.60264325647e-08, 8.89781190949e-08, 9.39078432793e-08, 3.38171105341e-07, 2.36200867221e-06, 6.01049521265e-07, 2.18087598114e-06, 1.50122705236e-05, 3.33993557433e-06, 7.97568645794e-06, 2.42684291152e-06, 1.21956600196e-05, 8.40749271447e-06, 4.10640996051e-06, 6.34271236777e-06, 4.34242019764e-06, 9.0120229288e-06, 2.36739037973e-06, 3.5468990518e-06, 5.59321824767e-06, 4.93359993925e-06, 1.95272536985e-06, 1.59627666108e-06, 8.49640912293e-07, 2.6195590408e-07, 6.12596917637e-10],
        "stdev": [0.00139228720218, 0.0115071795881, 0.00379519979469, 0.00359873217531, 0.00444712117314, 0.00272462377325, 0.0015385284787, 0.00217544613406, 0.00349674955942, 0.0049309451133, 0.00238047470339, 0.0056476178579, 0.00175798323471, 0.00142011453863, 0.000982727273367, 0.00117090216372, 0.000851614051498, 0.000610110466368, 0.000403973768698, 0.000365857471479, 0.000262772518909, 0.000312206801027, 0.000342112034559, 0.000816128507722, 0.00119877199177, 0.000276794598904, 2.87449802272e-05]
    },
    "erbbands": {
        "max": [2.83814072609, 15.3472013474, 34.556224823, 74.2857055664, 103.233482361, 279.036224365, 410.689208984, 363.501678467, 602.686889648, 270.50201416, 939.057556152, 1475.59631348, 1946.65649414, 1291.37036133, 2173.41601562, 3431.06469727, 1213.46118164, 1159.51330566, 468.989074707, 623.504333496, 1029.51965332, 669.200500488, 602.621520996, 328.283752441, 212.44821167, 384.3203125, 97.5290298462, 93.9504165649, 178.344711304, 225.270217896, 175.831512451, 248.510726929, 292.683776855, 319.398498535, 112.284538269, 44.9687957764, 8.26825428009, 1.17437851429, 0.117125317454, 0.00358193949796],
        "mean": [0.214362412691, 1.03268969059, 1.82926213741, 3.70309495926, 5.12743711472, 8.37888908386, 12.4744949341, 14.6781320572, 12.2067222595, 14.9733142853, 26.2827606201, 40.3379211426, 88.0545349121, 65.9682693481, 74.6145935059, 94.0454101562, 53.7722358704, 50.526096344, 42.9348945618, 37.6231307983, 39.2750587463, 29.6748523712, 28.8674678802, 20.6881523132, 16.6370010376, 14.0000190735, 10.6271619797, 8.9349937439, 8.1178894043, 7.68460702896, 6.17673015594, 4.73534297943, 4.28310155869, 3.48085665703, 1.37374997139, 0.430240243673, 0.113440789282, 0.0167477335781, 0.00161999172997, 9.03772597667e-05],
        "min": [8.07693766092e-07, 9.6216062957e-06, 0.000117309056805, 0.000392599788029, 0.000816126179416, 0.000985664199106, 0.0145940659568, 0.066235229373, 0.0509334355593, 0.0255624484271, 0.320624917746, 0.358399301767, 0.148221343756, 0.206907108426, 0.294400155544, 0.117642275989, 0.442862421274, 0.59200412035, 0.313110142946, 0.240753754973, 0.38579121232, 0.28130826354, 0.550951242447, 0.191917955875, 0.104054458439, 0.182779863477, 0.299349725246, 0.125814035535, 0.150355696678, 0.103177368641, 0.0718713328242, 0.0392252057791, 0.0254490803927, 0.0107510676607, 0.00526824174449, 0.00178331311326, 0.00036093723611, 4.29742140113e-05, 4.26097176387e-06, 2.47601565206e-06],
        "stdev": [0.481895893812, 2.17715334892, 3.75136399269, 8.72343730927, 9.56880283356, 19.8239746094, 27.0371017456, 26.6691989899, 27.001865387, 21.7176914215, 55.289150238, 68.6495895386, 161.150222778, 102.245018005, 125.303199768, 213.945602417, 77.0162963867, 78.5142059326, 52.838470459, 47.8428993225, 65.4593505859, 44.2200050354, 36.6264839172, 23.7483959198, 17.5949821472, 18.2315673828, 11.4208097458, 10.0590057373, 10.5261516571, 11.717871666, 9.73397064209, 12.9079856873, 16.595117569, 16.5944900513, 6.19537067413, 1.91818225384, 0.40456572175, 0.0597712062299, 0.00541791785508, 0.000186304707313]
    },
    "gfcc": {
        "mean": [33.7056999207, 58.3011207581, -140.917221069, 11.7116565704, -67.277053833, 18.7337417603, -37.3121070862, 6.48442268372, -29.9356994629, -2.24253249168, -18.5346317291, 2.87927341461, -11.1810445786],
        "cov": [[1936.98828125, 198.616088867, 743.868225098, 360.136077881, 391.750152588, 181.585220337, 39.1171073914, 180.299362183, 172.860244751, 100.828514099, 76.7948989868, 47.4630813599, -6.04029750824], [198.616088867, 1129.94348145, 273.117523193, 359.964324951, 313.633789062, 50.2721366882, 161.376022339, 39.9067764282, 129.979125977, 20.7827339172, 48.6502914429, 20.3737602234, 12.6362304688], [743.868225098, 273.117523193, 1085.4375, 274.999664307, 328.338104248, 175.399536133, -3.32543468475, 193.271591187, 85.6615066528, 81.3413314819, 81.308555603, 59.389541626, 1.97064983845], [360.136077881, 359.964324951, 274.999664307, 473.181610107, 251.313995361, 99.3684082031, 66.0585250854, 59.4227485657, 134.432342529, 56.9636993408, 40.6046943665, 31.9960384369, 24.0411586761], [391.750152588, 313.633789062, 328.338104248, 251.313995361, 396.8878479, 152.838485718, 108.25252533, 107.935691833, 94.6852722168, 56.1601867676, 41.7404785156, 35.780380249, 5.60202455521], [181.585220337, 50.2721366882, 175.399536133, 99.3684082031, 152.838485718, 214.408859253, 143.965423584, 79.9769363403, 33.4437026978, 46.3812637329, 58.8441505432, 16.8982830048, 12.7370996475], [39.1171073914, 161.376022339, -3.32543468475, 66.0585250854, 108.25252533, 143.965423584, 263.63192749, 56.6848716736, 30.8404388428, 38.0972137451, 51.536655426, 20.7134647369, 0.414238154888], [180.299362183, 39.9067764282, 193.271591187, 59.4227485657, 107.935691833, 79.9769363403, 56.6848716736, 148.522872925, 71.5037536621, 46.0880470276, 44.6880531311, 30.4562702179, 16.0413208008], [172.860244751, 129.979125977, 85.6615066528, 134.432342529, 94.6852722168, 33.4437026978, 30.8404388428, 71.5037536621, 139.947692871, 51.498008728, 30.8249778748, 30.4119567871, 21.8627796173], [100.828514099, 20.7827339172, 81.3413314819, 56.9636993408, 56.1601867676, 46.3812637329, 38.0972137451, 46.0880470276, 51.498008728, 92.6095352173, 55.4904632568, 25.980506897, 12.8272228241], [76.7948989868, 48.6502914429, 81.308555603, 40.6046943665, 41.7404785156, 58.8441505432, 51.536655426, 44.6880531311, 30.8249778748, 55.4904632568, 113.119628906, 48.1655693054, 15.568901062], [47.4630813599, 20.3737602234, 59.389541626, 31.9960384369, 35.780380249, 16.8982830048, 20.7134647369, 30.4562702179, 30.4119567871, 25.980506897, 48.1655693054, 79.2023468018, 32.3547782898], [-6.04029750824, 12.6362304688, 1.97064983845, 24.0411586761, 5.60202455521, 12.7370996475, 0.414238154888, 16.0413208008, 21.8627796173, 12.8272228241, 15.568901062, 32.3547782898, 71.9437561035]],
        "icov": [[0.000811949779745, 0.000191620798432, -0.000419999123551, -0.00016513603623, -0.000412391411373, 3.43212814187e-05, 2.44227044277e-06, 0.00011806726252, -0.000626077468041, 7.96482199803e-05, -0.00017343791842, 0.000208258046769, 0.000220826885197], [0.000191620798432, 0.00178087910172, -0.000543604837731, -0.000612843839917, -0.00122639699839, 0.00192931329366, -0.00165724544786, 0.00107032700907, -0.00115874106996, 0.00132870394737, -0.00131828372832, 0.00137113640085, -0.000768333557062], [-0.000419999123551, -0.000543604837731, 0.00212216959335, -0.000455895089544, -0.000184777905815, -0.00146559090354, 0.0018342374824, -0.00223708688281, 0.00168375798967, -0.000719402683899, 0.000329256639816, -0.00127203948796, 0.00103394116741], [-0.00016513603623, -0.000612843839917, -0.000455895089544, 0.00452825380489, -0.00139226950705, -0.000825946801342, 0.000194549123989, 0.00212654541247, -0.00317046535201, -0.000174325294211, 3.07269874611e-05, 0.000273079407634, -0.000762477517128], [-0.000412391411373, -0.00122639699839, -0.000184777905815, -0.00139226950705, 0.0065657957457, -0.00329340901226, 0.000476016430184, -0.00182792975102, 0.000400645920308, -0.00114791619126, 0.00248076580465, -0.00242887134664, 0.00176613056101], [3.43212814187e-05, 0.00192931329366, -0.00146559090354, -0.000825946801342, -0.00329340901226, 0.0135175660253, -0.00665121525526, -0.000643946579657, 0.000758832902648, 0.000862448301632, -0.0043132356368, 0.00506903044879, -0.00370532460511], [2.44227044277e-06, -0.00165724544786, 0.0018342374824, 0.000194549123989, 0.000476016430184, -0.00665121525526, 0.00885596685112, -0.00222717318684, 0.00128777255304, -0.00157919328194, 0.000692892295774, -0.00281313573942, 0.00276752724312], [0.00011806726252, 0.00107032700907, -0.00223708688281, 0.00212654541247, -0.00182792975102, -0.000643946579657, -0.00222717318684, 0.0147804869339, -0.00710961129516, 0.00035677824053, -0.00183770502917, 0.000759589311201, -0.00170087837614], [-0.000626077468041, -0.00115874106996, 0.00168375798967, -0.00317046535201, 0.000400645920308, 0.000758832902648, 0.00128777255304, -0.00710961129516, 0.0161866955459, -0.00562991993502, 0.00209250091575, -0.00265050213784, -0.000599400489591], [7.96482199803e-05, 0.00132870394737, -0.000719402683899, -0.000174325294211, -0.00114791619126, 0.000862448301632, -0.00157919328194, 0.00035677824053, -0.00562991993502, 0.0195592995733, -0.00828464701772, 0.00211126520298, -0.00121561589185], [-0.00017343791842, -0.00131828372832, 0.000329256639816, 3.07269874611e-05, 0.00248076580465, -0.0043132356368, 0.000692892295774, -0.00183770502917, 0.00209250091575, -0.00828464701772, 0.0183057393879, -0.00969563238323, 0.00241406471469], [0.000208258046769, 0.00137113640085, -0.00127203948796, 0.000273079407634, -0.00242887134664, 0.00506903044879, -0.00281313573942, 0.000759589311201, -0.00265050213784, 0.00211126520298, -0.00969563238323, 0.0234066769481, -0.00914055574685], [0.000220826885197, -0.000768333557062, 0.00103394116741, -0.000762477517128, 0.00176613056101, -0.00370532460511, 0.00276752724312, -0.00170087837614, -0.000599400489591, -0.00121561589185, 0.00241406471469, -0.00914055574685, 0.0191486943513]]
    },
    "melbands": {
        "max": [0.0190992783755, 0.0150699755177, 0.0121321696788, 0.00942110642791, 0.0153069766238, 0.00762441055849, 0.00781515333802, 0.00327353947796, 0.00764680746943, 0.00846313778311, 0.00967136863619, 0.00570074422285, 0.00672520231456, 0.0096501680091, 0.00443705450743, 0.00430472800508, 0.00263068312779, 0.000874897057656, 0.000834273989312, 0.00105668988544, 0.00163736660033, 0.000942901882809, 0.000642070604954, 0.000589172821492, 0.000298750965158, 0.000184504766366, 0.000144801291754, 0.000326102745021, 8.02253707661e-05, 5.77070932195e-05, 4.77553403471e-05, 9.71668923739e-05, 0.000140640724567, 0.00011643783364, 0.000110189808765, 0.000135133610456, 0.000196153720026, 0.000238146370975, 0.000385426625144, 0.000333048927132],
        "mean": [0.00171167741064, 0.00108008051757, 0.000685792590957, 0.000451344181783, 0.000455907254945, 0.00031871322426, 0.000183728538104, 0.000185338998563, 0.000214802115806, 0.000282388471533, 0.000450117542641, 0.000277525454294, 0.000206670825719, 0.000327140383888, 0.000157236383529, 0.000103935228253, 9.06810601009e-05, 6.84459955664e-05, 5.69889125472e-05, 4.55667577626e-05, 4.52065069112e-05, 2.94381497952e-05, 2.95761819871e-05, 2.31235735555e-05, 1.59436422109e-05, 1.33065850605e-05, 1.06209299702e-05, 8.69100495038e-06, 7.26951429897e-06, 5.17626858709e-06, 5.07820141138e-06, 4.50425250165e-06, 4.60057572127e-06, 4.19142088504e-06, 3.65686150872e-06, 3.03562524095e-06, 2.83606823359e-06, 2.99663156511e-06, 3.07020604851e-06, 2.92272602564e-06],
        "min": [8.7233589241e-09, 4.39857998913e-08, 6.96382471688e-08, 6.69859261393e-08, 3.97552383902e-07, 8.04520709607e-07, 5.4658926274e-07, 2.78993553593e-07, 2.12725558413e-06, 2.15005889004e-06, 6.53281404084e-07, 7.47906881315e-07, 1.0912668813e-06, 3.85974090023e-07, 5.62963521133e-07, 1.18721300169e-06, 9.64540049608e-07, 4.13824693624e-07, 2.15590404196e-07, 2.70407412017e-07, 4.57143499943e-07, 2.43576039338e-07, 2.99960930761e-07, 5.00211285726e-07, 1.06288098323e-07, 9.79509735544e-08, 3.32873213438e-08, 1.45578866295e-07, 1.871932227e-07, 1.03236487803e-07, 5.62888615718e-08, 7.24801623164e-08, 6.49586482382e-08, 4.97187961912e-08, 3.84789942132e-08, 2.11938111505e-08, 1.88050393035e-08, 1.88298052706e-08, 1.10680744569e-08, 9.1011669312e-09],
        "stdev": [0.00366929592565, 0.00189344689716, 0.00146317481995, 0.000807991658803, 0.000967819651123, 0.000567174574826, 0.000381439022021, 0.000280608102912, 0.00047538310173, 0.000476602086565, 0.000823003181722, 0.000463416334242, 0.000353195995558, 0.000741311407182, 0.000295380159514, 0.000164415265317, 0.000153597531607, 8.9497276349e-05, 7.04752892489e-05, 7.55303335609e-05, 8.56301558088e-05, 5.20877911185e-05, 3.96331743104e-05, 3.08008384309e-05, 2.01899401873e-05, 1.51945769176e-05, 1.25515653053e-05, 1.31279830384e-05, 8.58684870764e-06, 5.8383011492e-06, 6.12952908341e-06, 6.02923091719e-06, 7.01748149368e-06, 6.6054162744e-06, 5.77023274673e-06, 6.19324919171e-06, 9.02922238311e-06, 1.14494932859e-05, 1.48953658936e-05, 1.45537478602e-05]
    },
    "melbands128": {
        "max": [0.0173641573638, 0.0282689854503, 0.0332281067967, 0.0244454815984, 0.0173336286098, 0.0165926534683, 0.0168554149568, 0.0161221735179, 0.0123361889273, 0.00893203075975, 0.0217691510916, 0.0266928784549, 0.0169764570892, 0.00664955889806, 0.00923142954707, 0.0154562126845, 0.0179439485073, 0.0113070011139, 0.00465187290683, 0.00392962899059, 0.00602096458897, 0.00915592070669, 0.0118843950331, 0.0112871900201, 0.0162820145488, 0.00971299223602, 0.01827872172, 0.0147888688371, 0.0226713232696, 0.0112338680774, 0.00683373585343, 0.00568471383303, 0.00735588278621, 0.0134105142206, 0.0160032529384, 0.0195253863931, 0.00993454270065, 0.00843670405447, 0.00490964855999, 0.00343933235854, 0.00744000915438, 0.00544296437874, 0.00378691568039, 0.00385841703974, 0.00212863483466, 0.00154677918181, 0.00188226834871, 0.00135006394703, 0.00101393298246, 0.00217519002035, 0.00222826632671, 0.00129985332023, 0.00252314005047, 0.00322891841643, 0.00159372808412, 0.00204632664099, 0.000882207183167, 0.00169539044145, 0.000589499075431, 0.00139038066845, 0.000920668826438, 0.000522846356034, 0.000631794217043, 0.000357123150025, 0.000703134282958, 0.000335273623932, 0.000246374809649, 0.000333934294758, 0.000245185161475, 0.000238250300754, 0.000470787577797, 0.000421416916652, 0.000226367934374, 0.000137516006362, 0.00011098968389, 0.000100843826658, 9.53106282395e-05, 0.000142687771586, 8.72143209563e-05, 8.07476317277e-05, 0.00011183359311, 0.000114725917228, 0.00011354128219, 0.000169399252627, 0.000254062644672, 0.000153862565639, 0.000131861059344, 0.000109019129013, 0.000154779787408, 7.28677405277e-05, 0.000123925463413, 0.000175551860593, 0.000161950258189, 0.000258677639067, 0.000177649810212, 0.000300301209791, 0.000271952536423, 0.000260787812294, 0.000415128975874, 0.000550611992367, 0.000341832666891, 0.000504164025187, 0.000357609882485, 0.000294719124213, 0.000139355979627, 0.000127194201923, 0.000157369271619, 8.20260465844e-05, 0.000103639627923, 6.6808941483e-05, 4.23050259997e-05, 3.88486296288e-05, 2.86648264591e-05, 2.50985958701e-05, 1.60057170433e-05, 1.04891232695e-05, 7.67657365941e-06, 5.16883756063e-06, 4.23112533099e-06, 4.23894152846e-06, 3.35467075274e-06, 3.05259277411e-06, 2.3659706585e-06, 9.12548330234e-08, 8.7134516269e-10, 8.68804639342e-10, 8.62976523575e-10, 8.59784410334e-10],
        "mean": [0.000370137451682, 0.00182735803537, 0.00230375584215, 0.0014761883067, 0.000923933577724, 0.000848056108225, 0.000756882887799, 0.000696043367498, 0.000503052549902, 0.000344220752595, 0.000471589213703, 0.000605329871178, 0.000448814185802, 0.000275626196526, 0.000328994909069, 0.000375138071831, 0.000206021722988, 0.00015581837215, 0.000137813505717, 0.000144125544466, 0.00022549253481, 0.000269534415565, 0.0001845456718, 0.000202220398933, 0.000208577373996, 0.000292266660836, 0.000514082843438, 0.000453542568721, 0.000440744188381, 0.000341236911481, 0.000201243325137, 0.000174161657924, 0.000185185825103, 0.000198067704332, 0.000438380986452, 0.000346068787621, 0.000198864043341, 0.000141281198012, 0.00015379175602, 9.41544931266e-05, 7.91117345216e-05, 0.000137863520649, 8.83463726495e-05, 7.10265303496e-05, 7.53516724217e-05, 6.37068224023e-05, 6.89371445333e-05, 6.057065184e-05, 4.87938268634e-05, 5.12218684889e-05, 4.07822881243e-05, 4.17878763983e-05, 6.04523083894e-05, 3.9920098061e-05, 2.89121708192e-05, 2.84705820377e-05, 2.79391733784e-05, 3.33915922965e-05, 2.90674106509e-05, 2.53120470006e-05, 2.51587589446e-05, 1.92664319911e-05, 1.60844174388e-05, 1.48159324453e-05, 1.61067455338e-05, 1.35436921482e-05, 1.10973387564e-05, 1.17098697956e-05, 9.35015577852e-06, 1.15426828415e-05, 9.20899310586e-06, 7.05109050614e-06, 7.0138553383e-06, 9.08201036509e-06, 4.70930945085e-06, 4.89783815283e-06, 5.52007986698e-06, 5.30507486474e-06, 5.27281690665e-06, 4.22505809183e-06, 5.301811143e-06, 3.70127577298e-06, 4.78087395095e-06, 5.05656316818e-06, 4.16717011831e-06, 3.94232120016e-06, 4.72440888188e-06, 3.68565133613e-06, 3.68746077584e-06, 3.44984050571e-06, 3.2357343116e-06, 2.89291801892e-06, 2.76914511232e-06, 2.80933090835e-06, 2.79811138171e-06, 3.1777606182e-06, 3.14249746225e-06, 2.56493171946e-06, 3.10540826831e-06, 3.30878810928e-06, 3.10987911689e-06, 3.0437111036e-06, 2.45479668592e-06, 2.00877411771e-06, 1.38705865993e-06, 1.12539328256e-06, 1.03808929452e-06, 8.25440793051e-07, 7.36502045129e-07, 5.72229737372e-07, 4.8331060043e-07, 4.08062589941e-07, 3.35724593015e-07, 2.84753866708e-07, 2.21623920993e-07, 1.46234413023e-07, 8.65962377361e-08, 6.52581846339e-08, 6.12171788816e-08, 4.88678821853e-08, 3.81502260893e-08, 3.28838645203e-08, 1.95177491946e-08, 5.41178213354e-10, 4.63206990126e-12, 4.55814509401e-12, 4.5068770764e-12, 4.48450391405e-12],
        "min": [1.28107288666e-10, 2.02294875296e-10, 4.15270973164e-09, 6.20851503541e-09, 2.12749746709e-08, 3.54331959329e-08, 2.59397729963e-08, 5.84114516755e-08, 3.08109555647e-08, 3.50942777061e-08, 2.70546678394e-08, 5.2509054882e-08, 1.27365211711e-07, 2.59292221472e-07, 1.84036224482e-07, 9.63209032534e-08, 1.28483407025e-07, 1.26636777509e-07, 4.01801685257e-08, 3.26087103986e-08, 1.9768481252e-07, 3.33810703523e-07, 3.81952077078e-07, 6.3738332301e-07, 9.01972157408e-07, 5.4488987189e-07, 1.22963649574e-06, 4.63517665139e-07, 1.23145440512e-07, 5.84606027587e-07, 8.16697024675e-07, 3.04688768438e-07, 6.55918256598e-07, 9.57830934567e-07, 4.99512339047e-07, 2.52199271245e-07, 1.03275120011e-07, 2.02434847552e-07, 2.7435555694e-07, 4.22442667514e-07, 5.33171430561e-07, 6.44570548047e-07, 4.60562631588e-07, 2.19097898935e-07, 2.34415850286e-07, 8.82328734519e-08, 1.3043293734e-07, 8.34757472035e-08, 1.54625638515e-07, 1.43207870451e-07, 1.45456397149e-07, 2.22631555857e-07, 2.14005112298e-07, 1.20616974186e-07, 7.40638270713e-08, 2.3260113835e-07, 1.06865833516e-07, 1.0078521484e-07, 2.02369548674e-07, 2.36714313928e-07, 2.83770049236e-07, 1.97588576611e-07, 8.6209887229e-08, 7.5659542631e-08, 7.61568372809e-08, 1.25528572426e-07, 9.66502682331e-08, 2.32456791593e-08, 2.44701521268e-08, 3.33928724672e-08, 7.72965904616e-08, 4.7656168789e-08, 1.02054478646e-07, 6.63489672093e-08, 4.59688287435e-08, 6.96982027648e-08, 5.83825183753e-08, 3.14913179977e-08, 3.95818489096e-08, 1.6857153895e-08, 7.82158195989e-08, 5.53966970074e-08, 3.26617843882e-08, 5.48375425069e-08, 4.51803927604e-08, 2.19343512242e-08, 3.15726289557e-08, 1.89503470693e-08, 2.65620876405e-08, 2.68531099579e-08, 1.94594029779e-08, 6.67662902742e-09, 1.29604664778e-08, 1.52335566383e-08, 1.4756545319e-08, 1.38732882959e-08, 1.4201644305e-08, 1.04053983208e-08, 9.61986668102e-09, 7.55535811692e-09, 4.86351314777e-09, 5.77835335136e-09, 5.26671728451e-09, 4.08676914532e-09, 1.6090970778e-09, 1.96797556029e-09, 1.7141668085e-09, 1.55178436767e-09, 1.69453950871e-09, 5.55172408045e-10, 4.57917564978e-10, 1.13533982216e-09, 8.66992255766e-10, 5.01978292267e-10, 3.35137390062e-10, 1.26680652079e-10, 1.89001071738e-11, 6.95456496211e-13, 7.00632856853e-14, 6.74374971013e-14, 6.72380513355e-14, 8.14739375683e-14, 6.76856438736e-14, 5.45840702824e-14, 4.05843910453e-14, 1.49110087613e-14, 2.49344222705e-15, 7.42445686441e-17],
        "stdev": [0.00117654376663, 0.00432772142813, 0.00531849171966, 0.00317882746458, 0.00201850617304, 0.00193791266065, 0.00195440347306, 0.00172849535011, 0.00101806421299, 0.000739991664886, 0.00141269725282, 0.00154690409545, 0.001188782393, 0.00055646157125, 0.000631919014268, 0.000949881447013, 0.000642034981865, 0.00044015693129, 0.000263356836513, 0.000293062505079, 0.000451989442809, 0.000598684942815, 0.000650463975035, 0.000626113382168, 0.000566174392588, 0.000604621192906, 0.00117991736624, 0.00113736814819, 0.00105040578637, 0.000804012757726, 0.000429709791206, 0.000366939959349, 0.000402315170504, 0.000570613890886, 0.00105032150168, 0.00114036002196, 0.000680138065945, 0.000366608815966, 0.000316800113069, 0.000195428132429, 0.000216695494601, 0.000293315359158, 0.00019175952184, 0.000211164398934, 0.00012990392861, 0.00011718065798, 0.000138306961162, 9.97189054033e-05, 7.44962599128e-05, 0.000107157306047, 0.000111243265565, 8.34284874145e-05, 0.000119919932331, 0.000119118223665, 8.56767655932e-05, 7.0186026278e-05, 4.87049073854e-05, 6.47325359751e-05, 4.41608935944e-05, 5.72019125684e-05, 4.26195401815e-05, 3.05797802866e-05, 2.98846916849e-05, 2.521533861e-05, 2.6739173336e-05, 2.30007299251e-05, 1.59545106726e-05, 2.02060327865e-05, 1.42723210956e-05, 1.75161385414e-05, 1.76557878149e-05, 1.44602254295e-05, 1.07935929918e-05, 1.32350796775e-05, 6.98128133081e-06, 6.94924528943e-06, 7.66427729104e-06, 8.0734880612e-06, 8.79764047568e-06, 6.24718813924e-06, 8.70894200489e-06, 6.3529032559e-06, 8.42840472615e-06, 8.5493475126e-06, 8.63759487402e-06, 7.5200377978e-06, 7.54880375098e-06, 6.61881085762e-06, 6.72165515425e-06, 5.48577554582e-06, 6.42228496872e-06, 6.795768968e-06, 8.12185680843e-06, 9.53214930632e-06, 9.49198783928e-06, 1.45424301081e-05, 1.16877263281e-05, 1.10671389848e-05, 1.62134383572e-05, 1.90405899048e-05, 1.5903291569e-05, 1.75617878995e-05, 1.22224928418e-05, 1.1061863006e-05, 6.36398044662e-06, 5.35182107342e-06, 5.62215063837e-06, 3.81380164072e-06, 3.89225851904e-06, 2.56640782936e-06, 1.9099943529e-06, 1.55818474923e-06, 1.26448537685e-06, 1.05063531919e-06, 8.48607839998e-07, 5.33849970452e-07, 3.67105258192e-07, 2.69167060196e-07, 2.20693920028e-07, 1.76757993131e-07, 1.35542634894e-07, 1.23351455272e-07, 9.06374921783e-08, 3.58939211687e-09, 2.05793871527e-11, 2.07759677517e-11, 2.07898143145e-11, 2.07890579751e-11]
    },
    "mfcc": {
        "mean": [-602.312805176, 96.6787719727, -19.4051170349, -2.69968271255, -9.01033592224, 3.08028316498, -0.0548396408558, 5.66888189316, -4.26065254211, -2.74304628372, -4.57224702835, -5.6310544014, -3.5525393486],
        "cov": [[1611.7668457, 74.2054672241, 261.21206665, 271.447723389, 314.761901855, 137.951507568, 38.4763412476, 91.3856124878, 84.3687286377, 132.563659668, 78.0524520874, 90.2742156982, 63.2191238403], [74.2054672241, 826.756652832, 163.769577026, 264.430603027, 174.223205566, 111.714073181, 85.4209213257, 109.147987366, 50.6756782532, 69.217376709, 53.9037246704, 40.3759231567, 12.5560512543], [261.21206665, 163.769577026, 674.44128418, 159.188720703, 286.883178711, 28.2241477966, 81.2913360596, 57.8908081055, 39.8299446106, 67.6503677368, 34.2452735901, 80.1320343018, 42.608341217], [271.447723389, 264.430603027, 159.188720703, 392.064697266, 218.454650879, 132.065750122, 9.63461399078, 76.6489181519, 69.849571228, 60.0467643738, 42.597858429, 59.2850723267, 44.4659500122], [314.761901855, 174.223205566, 286.883178711, 218.454650879, 406.801971436, 74.6528015137, 40.1716690063, 67.1443557739, 71.2661132812, 81.6841583252, 31.6625900269, 56.7318382263, 43.5161895752], [137.951507568, 111.714073181, 28.2241477966, 132.065750122, 74.6528015137, 205.41986084, 107.055953979, 70.72706604, 49.0213165283, 51.0476570129, 51.5214576721, 27.3817062378, 24.7390384674], [38.4763412476, 85.4209213257, 81.2913360596, 9.63461399078, 40.1716690063, 107.055953979, 221.709518433, 83.0842819214, 28.5666561127, 56.7766151428, 51.1535568237, 31.7614917755, 31.0058040619], [91.3856124878, 109.147987366, 57.8908081055, 76.6489181519, 67.1443557739, 70.72706604, 83.0842819214, 137.87171936, 50.8642578125, 54.9585037231, 40.6309356689, 28.1666355133, 27.2513942719], [84.3687286377, 50.6756782532, 39.8299446106, 69.849571228, 71.2661132812, 49.0213165283, 28.5666561127, 50.8642578125, 115.612098694, 44.6689720154, 29.4906234741, 17.3827877045, 14.2155275345], [132.563659668, 69.217376709, 67.6503677368, 60.0467643738, 81.6841583252, 51.0476570129, 56.7766151428, 54.9585037231, 44.6689720154, 109.867866516, 51.0620117188, 30.7200870514, 28.2501735687], [78.0524520874, 53.9037246704, 34.2452735901, 42.597858429, 31.6625900269, 51.5214576721, 51.1535568237, 40.6309356689, 29.4906234741, 51.0620117188, 85.8859024048, 40.7213745117, 29.4654808044], [90.2742156982, 40.3759231567, 80.1320343018, 59.2850723267, 56.7318382263, 27.3817062378, 31.7614917755, 28.1666355133, 17.3827877045, 30.7200870514, 40.7213745117, 81.4848175049, 48.1139526367], [63.2191238403, 12.5560512543, 42.608341217, 44.4659500122, 43.5161895752, 24.7390384674, 31.0058040619, 27.2513942719, 14.2155275345, 28.2501735687, 29.4654808044, 48.1139526367, 84.2556304932]],
        "icov": [[0.000813690887298, 0.00017693558766, -8.275359869e-05, -0.000240028777625, -0.000346169632394, -0.000277656217804, 0.00024119966838, -9.13787152967e-05, 7.78594767326e-05, -0.000526949821506, -0.000120366610645, -0.000275547849014, 9.57226220635e-05], [0.00017693558766, 0.00173546711449, -7.91620259406e-05, -0.0011944064172, -0.000151113985339, 0.000202194685698, -0.000468577636639, -0.000636603101157, 0.000334939104505, -0.000191554732737, -0.000418549781898, 7.64159995015e-05, 0.000786463962868], [-8.275359869e-05, -7.91620259406e-05, 0.0024116076529, -0.000302940403344, -0.00144982559141, 0.00100951490458, -0.00104956270661, 0.000146213511471, 0.000206213720958, -1.83147458301e-05, 0.000252997153439, -0.00146505457815, 0.000525031005964], [-0.000240028777625, -0.0011944064172, -0.000302940403344, 0.00613403739408, -0.00155077909585, -0.00342797092162, 0.00286910752766, -0.000904795888346, -0.00070817314554, 0.000323703250615, 0.000503004644997, -0.00152855447959, -0.000973750953563], [-0.000346169632394, -0.000151113985339, -0.00144982559141, -0.00155077909585, 0.0051198983565, -2.88280643872e-05, 0.000122036333778, 4.72063184134e-05, -0.00106543011498, -0.0016670738114, 0.0013944542734, -0.000130695727421, -0.000536478124559], [-0.000277656217804, 0.000202194685698, 0.00100951490458, -0.00342797092162, -2.88280643872e-05, 0.0100407674909, -0.00466921972111, -0.000284711248241, -0.000911641865969, 0.000349773763446, -0.00230787368491, 0.00117983052041, 0.000523769005667], [0.00024119966838, -0.000468577636639, -0.00104956270661, 0.00286910752766, 0.000122036333778, -0.00466921972111, 0.00901846867055, -0.00317294732668, 0.000689003325533, -0.00136532180477, -0.000803024682682, -0.000596750818659, -0.00111599685624], [-9.13787152967e-05, -0.000636603101157, 0.000146213511471, -0.000904795888346, 4.72063184134e-05, -0.000284711248241, -0.00317294732668, 0.0124263549224, -0.00274203997105, -0.00196434906684, -0.000578168779612, 0.000124197948026, -0.000972760783043], [7.78594767326e-05, 0.000334939104505, 0.000206213720958, -0.00070817314554, -0.00106543011498, -0.000911641865969, 0.000689003325533, -0.00274203997105, 0.011987503618, -0.00235003093258, -0.00130693160463, 0.000417183618993, 0.000596642144956], [-0.000526949821506, -0.000191554732737, -1.83147458301e-05, 0.000323703250615, -0.0016670738114, 0.000349773763446, -0.00136532180477, -0.00196434906684, -0.00235003093258, 0.0164437666535, -0.00639779586345, 0.000966349733062, -0.00127293879632], [-0.000120366610645, -0.000418549781898, 0.000252997153439, 0.000503004644997, 0.0013944542734, -0.00230787368491, -0.000803024682682, -0.000578168779612, -0.00130693160463, -0.00639779586345, 0.0213332232088, -0.00759797170758, -0.000556896382477], [-0.000275547849014, 7.64159995015e-05, -0.00146505457815, -0.00152855447959, -0.000130695727421, 0.00117983052041, -0.000596750818659, 0.000124197948026, 0.000417183618993, 0.000966349733062, -0.00759797170758, 0.0241604223847, -0.00989055912942], [9.57226220635e-05, 0.000786463962868, 0.000525031005964, -0.000973750953563, -0.000536478124559, 0.000523769005667, -0.00111599685624, -0.000972760783043, 0.000596642144956, -0.00127293879632, -0.000556896382477, -0.00989055912942, 0.0189454797655]]
    },
    "spectral_contrast_coeffs": {
        "max": [-0.402819603682, -0.442336350679, -0.501916706562, -0.615254104137, -0.645780682564, -0.610198795795],
        "mean": [-0.688533782959, -0.770765423775, -0.748015761375, -0.788165450096, -0.785392403603, -0.764733850956],
        "min": [-0.89660525322, -0.913733720779, -0.904015183449, -0.895569562912, -0.867641687393, -0.870535850525],
        "stdev": [0.0851998031139, 0.0630501508713, 0.0672057420015, 0.0444143600762, 0.0352425761521, 0.0431990996003]
    },
    "spectral_contrast_valleys": {
        "max": [-5.05877637863, -5.03360843658, -5.25016403198, -5.40168190002, -5.65262460709, -7.33686637878],
        "mean": [-7.24910640717, -6.53063726425, -6.53606510162, -6.93763828278, -7.1338801384, -9.57149028778],
        "min": [-10.609711647, -8.92812347412, -8.95442390442, -8.59232711792, -8.71555328369, -11.3996610641],
        "stdev": [1.10907781124, 0.575661420822, 0.464709430933, 0.495161294937, 0.463709414005, 0.661251842976]
    }
},
"rhythm": {
    "beats_count": 101,
    "beats_loudness": {
        "max": 0.0918032005429,
        "mean": 0.0370836406946,
        "min": 0.00538479210809,
        "stdev": 0.0201188735664
    },
    "bpm": 124.994506836,
    "bpm_histogram_first_peak_bpm": 126,
    "bpm_histogram_first_peak_weight": 0.454545497894,
    "bpm_histogram_second_peak_bpm": 120,
    "bpm_histogram_second_peak_spread": 0,
    "bpm_histogram_second_peak_weight": 0.00999999977648,
    "danceability": 1.2657648325,
    "onset_rate": 3.9580078125,
    "beats_loudness_band_ratio": {
        "max": [0.800035834312, 0.60149627924, 0.613373219967, 0.9043597579, 0.397047013044, 0.422653198242],
        "mean": [0.216772511601, 0.100009702146, 0.208641320467, 0.323387384415, 0.124844491482, 0.0708714574575],
        "min": [0.000157248025062, 0.000512500060722, 0.0176475625485, 0.0248997081071, 0.00302611058578, 0.00635585514829],
        "stdev": [0.228938356042, 0.110535994172, 0.139762580395, 0.185372084379, 0.0856612548232, 0.0684564039111]
    },
